1.224984
1.224760
1.225014
1.224813
1.225038
1.224856
1.223227
1.211262
1.200337
1.190323
1.181110
1.172606
1.164732
1.157420
1.150612
1.144259
1.135546
1.126576
1.117863
1.108893
1.100180
1.091211
1.082497
1.073528
1.064815
1.056614
1.057383
1.071734
1.082497
1.085060
1.087623
1.089929
1.091979
1.094542
1.096592
1.098899
1.101974
1.107612
1.107612
1.107612
1.107612
1.108637
1.109406
1.110687
1.110944
1.115300
1.115556
1.115556
1.115556
1.115556
1.115556
1.115556
1.115556
1.115556
1.115556
1.114788
1.105306
1.082241
1.062508
1.051232
1.039700
1.028681
1.017661
1.006385
0.995365
0.984346
0.973582
0.967944
0.967944
0.967944
0.967944
0.966919
0.966150
0.964869
0.964613
0.960256
0.960000
0.960000
0.960000
0.960000
0.960000
0.960000
0.960000
0.960000
0.960000
0.960000
0.960000
0.960256
0.960256
0.960256
0.960256
0.960256
0.960256
0.960256
0.960256
0.960256
0.960256
0.960256
0.961794
0.961794
0.961794
0.962050
0.976401
0.982039
0.982552
0.982552
0.983833
0.994597
1.007666
1.017917
1.028168
1.038419
1.048670
1.058921
1.069171
1.079422
1.089673
1.099668
1.109918
1.120169
1.130420
1.140671
1.144515
1.144515
1.147334
1.148872
1.148872
1.148872
1.147334
1.150153
1.150409
1.150153
1.136571
1.133752
1.142465
1.142465
1.141183
1.130420
1.117350
1.107099
1.096849
1.086598
1.076347
1.066096
1.055845
1.045594
1.035344
1.025093
1.014842
1.004591
0.994340
0.984089
0.980245
0.980245
0.977426
0.975889
0.975889
0.975889
0.975889
0.973070
0.972814
0.972814
0.972045
0.969226
0.960000
0.960000
0.960000
0.960000
0.960000
0.960000
0.960000
0.960000
0.960000
0.960000
0.960000
0.960000
0.960000
0.960000
0.960000
0.960000
0.960000
0.960000
0.960000
0.960000
0.960000
0.960000
0.960000
0.960000
0.960000
0.960000
0.960000
0.960000
0.960000
0.960000
0.960000
0.960000
0.960000
0.960000
0.960000
0.960000
0.960000
0.960000
0.960000
0.960000
0.960000
0.960000
0.960000
0.960000
0.960000
0.960000
0.960000
0.960000
0.960000
0.960000
0.960000
0.960000
0.960000
0.960000
0.960000
0.960000
0.960000
0.960000
0.960000
0.960000
0.960000
0.960000
0.960000
0.960000
0.960000
0.960000
0.960000
0.960000
0.960000
0.960000
0.960000
0.960000
0.960000
0.960000
0.960000
0.960000
0.960000
0.960000
0.960000
0.960000
0.960000
0.960000
0.960000
0.960000
0.960000
0.960000
0.960000
0.960000
0.960000
0.960000
0.960000
0.960000
0.960000
0.960000
0.960000
0.960000
0.960000
0.960000
0.960000
0.960000
0.960000
0.960000
0.960000
0.960000
0.960000
0.960000
0.960000
0.960000
0.960000
0.960000
0.960000
0.960000
0.960000
0.960000
0.960000
0.960000
0.960000
0.960000
0.960000
0.960000
0.960000
0.960000
0.960000
0.960000
0.960000
0.960000
0.960000
0.960000
0.960000
0.960000
0.960000
0.960000
0.960000
0.960000
0.960000
0.960000
0.960000
0.960000
0.960000
0.960000
0.960000
0.960000
0.960000
0.960000
0.960000
0.960000
0.960000
0.960000
0.960000
0.960000
0.960000
0.960000
0.960000
0.960000
0.960000
0.960000
0.960000
0.960000
0.960000
0.960000
0.960000
0.960000
0.960000
0.960000
0.960000
0.960000
0.960000
0.960000
0.960000
0.960000
0.960000
0.960000
0.960000
0.960000
0.960000
0.960000
0.960000
0.960000
0.960000
0.960000
0.960000
0.960000
0.960000
0.960000
0.960000
0.960000
0.960000
0.960000
0.960000
0.960256
0.960256
0.960256
0.960256
0.960256
0.960256
0.960256
0.960256
0.960256
0.960256
0.960256
0.960256
0.960256
0.960256
0.960256
0.960256
0.960256
0.960256
0.960256
0.960256
0.960256
0.960256
0.960256
0.960256
0.960256
0.960256
0.960256
0.971788
0.973839
0.973839
0.973582
0.973582
0.973582
0.973582
0.973582
0.973582
0.973582
0.973582
0.973582
0.973582
0.973582
0.973582
0.976401
0.994597
0.999466
1.003053
1.010229
1.018942
1.026887
1.028937
1.028937
1.028937
1.030218
1.040982
1.052001
1.062765
1.073528
1.073015
1.081985
1.092748
1.103768
1.114531
1.125551
1.136314
1.147334
1.158354
1.166298
1.166298
1.166298
1.166298
1.166298
1.166298
1.163479
1.145284
1.140415
1.136827
1.129651
1.120938
1.112994
1.110944
1.110944
1.110944
1.109662
1.098899
1.088135
1.077372
1.066609
1.055589
1.044569
1.033806
1.022786
1.012023
1.001003
0.990240
0.979220
0.968201
0.960256
0.960256
0.960256
0.960256
0.960256
0.960256
0.960256
0.960256
0.960256
0.960256
0.960256
0.960256
0.960256
0.960256
0.960256
0.960256
0.960256
0.960256
0.960000
0.960000
0.960000
0.960000
0.960000
0.960000
0.960256
0.960256
0.963332
0.978451
0.992290
0.998441
1.006641
1.018173
1.024068
1.028424
1.038675
1.052770
1.067121
1.077116
1.092492
1.111712
1.131189
1.150409
1.169886
1.189106
1.208583
1.222165
1.233185
1.244204
1.249073
1.249073
1.249073
1.249073
1.254455
1.264706
1.266500
1.266500
1.263425
1.248305
1.248817
1.243179
1.234979
1.230109
1.231391
1.227034
1.216783
1.202688
1.188337
1.178343
1.163479
1.144259
1.126063
1.107099
1.087623
1.068403
1.048926
1.035344
1.024324
1.013304
1.008435
1.008435
1.008435
1.010485
1.006129
1.014586
1.012536
1.012536
1.013048
1.016636
1.007154
1.009717
1.010998
1.007410
1.001516
1.001772
1.001772
1.001772
1.001772
1.001772
1.001260
1.001260
0.999978
0.999722
0.999722
0.999722
0.999722
0.999722
0.999722
0.999722
0.999722
0.999722
0.999722
0.997672
0.996647
0.977939
0.977939
0.977939
0.977426
0.973839
0.968969
0.965894
0.964613
0.961538
0.960256
0.960000
0.960000
0.960513
0.960513
0.960513
0.960513
0.960513
0.960513
0.960513
0.960513
0.960513
0.960513
0.960513
0.960513
0.960513
0.960513
0.960513
0.960513
0.960513
0.960513
0.960513
0.960513
0.961025
0.961025
0.961025
0.961025
0.961025
0.961025
0.961025
0.961025
0.961025
0.961025
0.960513
0.960513
0.960513
0.960513
0.960513
0.960769
0.960769
0.960769
0.960769
0.960769
0.960769
0.960769
0.960769
0.960769
0.960769
0.960769
0.960769
0.960769
0.960769
0.960769
0.960256
0.960256
0.960256
0.960256
0.960256
0.960256
0.960256
0.960256
0.960256
0.960256
0.960256
0.960256
0.960256
0.960256
0.960256
0.960000
0.960000
0.960000
0.960000
0.960000
0.960000
0.960000
0.960000
0.960000
0.960000
0.960000
0.960000
0.960000
0.960000
0.960000
0.960000
0.960000
0.960000
0.960000
0.960000
0.960000
0.960000
0.960000
0.960000
0.960000
0.960000
0.960000
0.960000
0.960000
0.960000
0.962050
0.962050
0.962050
0.962050
0.962306
0.976145
0.979733
0.986652
0.990496
0.994853
0.996390
1.000235
1.006129
1.011254
1.011254
1.011254
1.011254
1.011254
1.011254
1.011254
1.011254
1.011254
1.011254
1.011254
1.011254
1.011254
1.011254
1.011254
1.011254
1.011254
1.009204
1.009204
1.009204
1.009204
1.008948
0.995109
0.991521
0.984602
0.980758
0.976401
0.974864
0.971020
0.965125
0.960000
0.960000
0.960000
0.960000
0.960000
0.960000
0.960000
0.960000
0.960000
0.960000
0.960000
0.960000
0.960000
0.960000
0.960000
0.960000
0.960000
0.960000
0.960256
0.960256
0.960256
0.960256
0.960256
0.960256
0.960256
0.960256
0.960256
0.960256
0.960256
0.960256
0.960256
0.960256
0.960256
0.960256
0.960256
0.960256
0.960256
0.960256
0.960256
0.960256
0.960256
0.960256
0.960256
0.960256
0.960256
0.960256
0.960256
0.960256
0.960000
0.960000
0.960000
0.960000
0.960000
0.960000
0.960000
0.960000
0.974351
0.974351
0.975376
0.975376
0.975376
0.975376
0.975376
0.977426
0.977426
0.977426
0.977426
0.977426
0.978451
0.978451
0.978451
0.978451
0.978451
0.978451
0.978451
0.978451
0.978964
0.979733
0.979733
0.979733
0.979733
0.979733
0.979733
0.980502
0.980502
0.980502
0.966150
0.966150
0.965125
0.965125
0.965125
0.965125
0.965125
0.963075
0.963075
0.963075
0.963075
0.963075
0.962050
0.962563
0.962819
0.963588
0.963588
0.963588
0.964613
0.964613
0.964869
0.964100
0.964357
0.979220
0.998184
0.998441
0.998441
0.997672
0.997672
1.011510
1.018173
1.018430
1.018430
1.018430
1.018686
1.020224
1.020224
1.020224
1.020736
1.022274
1.022530
1.023299
1.025093
1.024580
1.024324
1.024068
1.024580
1.024580
1.023555
1.023555
1.022786
1.022786
1.022530
1.007666
0.988702
0.988446
0.988446
0.988446
0.988446
0.974607
0.967944
0.967688
0.967688
0.967688
0.967432
0.965894
0.965894
0.965894
0.965382
0.963844
0.963588
0.962819
0.961025
0.961025
0.961025
0.960513
0.960000
0.960000
0.960000
0.960000
0.960000
0.960000
0.960000
0.960000
0.960000
0.960000
0.960000
0.960000
0.960000
0.960000
0.960000
0.960000
0.960000
0.960000
0.960000
0.960000
0.960000
0.960000
0.960000
0.960000
0.960000
0.960000
0.960000
0.960000
0.960000
0.960000
0.960000
0.960000
0.960000
0.960000
0.960000
0.960000
0.960000
0.960000
0.960000
0.960000
0.960000
0.960000
0.960000
0.960000
0.960000
0.960000
0.960000
0.960000
0.960000
0.960000
0.960000
0.960000
0.960000
0.960000
0.960000
0.960000
0.960000
0.960000
0.960000
0.960000
0.960000
0.960000
0.960000
0.960000
0.960000
0.960000
0.960000
0.960000
0.960000
0.960000
0.960000
0.960000
0.960000
0.960000
0.960000
0.960000
0.960000
0.960000
0.960000
0.960000
0.960000
0.960000
0.960000
0.960000
0.960000
0.960000
0.960000
0.960000
0.960000
0.960000
0.960000
0.960000
0.960000
0.960000
0.960000
0.960000
0.960000
0.960000
0.960000
0.960000
0.960000
0.960000
0.960000
0.960000
0.960000
0.960000
0.960000
0.960000
0.960000
0.960000
0.960000
0.960000
0.960000
0.960000
0.960000
0.960000
0.960000
0.960000
0.960000
0.960000
0.960000
0.960000
0.960000
0.960000
0.960000
0.960000
0.960000
0.960000
0.960000
0.960000
0.960000
0.960000
0.960000
0.960000
0.960000
0.960000
0.960000
0.960000
0.960000
0.960000
0.960000
0.960000
0.960000
0.960000
0.960000
0.960000
0.960000
0.960000
0.960000
0.960000
0.960000
0.960000
0.960000
0.960000
0.960000
0.960000
0.960000
0.960000
0.960000
0.960000
0.960000
0.960000
0.960000
0.960000
0.960000
0.960000
0.960000
0.960000
0.960000
0.960000
0.960000
0.960000
0.960000
0.960000
0.960000
0.960000
0.960000
0.960000
0.960000
0.960000
0.960000
0.960000
0.960000
0.960000
0.960000
0.960000
0.960000
0.960000
0.960000
0.960000
0.960000
0.960000
0.960000
0.960000
0.960000
0.960000
0.960000
0.960000
0.960000
0.960000
0.960000
0.960000
0.960000
0.960000
0.960000
0.960000
0.960000
0.960000
0.960000
0.960000
0.960000
0.960000
0.960000
0.960000
0.960000
0.960000
0.960000
0.960000
0.960000
0.960000
0.960000
0.960000
0.960000
0.960000
0.960000
0.960000
0.960000
0.960000
0.960000
0.960000
0.960000
0.960000
0.960000
0.960000
0.960000
0.960000
0.960000
0.960000
0.960000
0.960000
0.960000
0.960000
0.960000
0.960000
0.960000
0.960000
0.960000
0.960000
0.960000
0.960000
0.960000
0.960000
0.960000
0.960000
0.960000
0.960000
0.960000
0.960000
0.960000
0.960000
0.960000
0.960000
0.960000
0.960000
0.960000
0.960000
0.960000
0.960000
0.960000
0.960000
0.960000
0.960000
0.960000
0.960000
0.960000
0.960000
0.960000
0.960000
0.960000
0.960000
0.960000
0.960000
0.960000
0.960000
0.960000
0.960000
0.960000
0.960000
0.960000
0.960000
0.960000
0.960000
0.960000
0.960000
0.960000
0.960000
0.960000
0.960000
0.960000
0.960000
0.960000
0.960000
0.960000
0.960000
0.960000
0.960000
0.960000
0.960000
0.960000
0.960000
0.960000
0.960000
0.960000
0.960000
0.960000
0.960000
0.960000
0.960000
0.960000
0.960000
0.960000
0.960000
0.960000
0.960000
0.960000
0.960000
0.960000
0.960000
0.960000
0.960000
0.960000
0.960000
0.960000
0.960000
0.960000
0.960000
0.960000
0.960000
0.960000
0.960000
0.960000
0.960000
0.960000
0.960000
0.960000
0.960000
0.960000
0.960000
0.960000
0.960000
0.960000
0.960000
0.960000
0.960000
0.960000
0.960000
0.960000
0.960000
0.960000
0.960000
0.960000
0.960000
0.960000
0.960000
0.960000
0.960000
0.960000
0.960000
0.960000
0.960000
0.960000
0.960000
0.960000
0.960000
0.960000
0.960000
0.960000
0.960000
0.960000
0.960000
0.960000
0.960000
0.960000
0.960000
0.960000
0.960000
0.960000
0.960000
0.960000
0.960000
0.960000
0.960000
0.960000
0.960000
0.960000
0.960000
0.960000
0.960000
0.960000
0.960000
0.960000
0.960000
0.960000
0.960000
0.960000
0.960000
0.960000
0.960000
0.960000
0.960000
0.960000
0.960000
0.960000
0.960000
0.960000
0.960000
0.960000
0.960000
0.960000
0.960000
0.960000
0.960000
0.960000
0.960000
0.960000
0.960000
0.960000
0.960256
0.961794
0.961794
0.969226
0.974095
0.974095
0.974095
0.974095
0.984858
0.997159
0.998697
0.998697
1.000235
1.010485
1.011510
1.013561
1.013561
1.013561
1.013561
1.014586
1.014586
1.014586
1.014586
1.014586
1.014586
1.014586
1.014586
1.014586
1.014586
1.014586
1.014329
1.012792
1.012792
1.005360
1.000491
1.000491
1.000491
1.000747
0.989984
0.977683
0.976145
0.976145
0.974607
0.964357
0.965638
0.963588
0.963588
0.963588
0.963588
0.962563
0.963075
0.963075
0.963075
0.963075
0.963844
0.965125
0.965125
0.965125
0.965125
0.965125
0.977683
0.985371
0.985371
0.985627
0.985627
0.992290
0.992290
0.992034
0.994597
1.000235
1.005616
1.015611
1.015611
1.015611
1.013304
1.013304
1.013304
1.013304
1.013304
1.013304
1.013561
1.013561
1.013561
1.013561
1.012792
1.011510
1.011510
1.012023
1.012023
1.012023
0.999466
0.991778
0.991778
0.991521
0.991521
0.984858
0.984858
0.984858
0.982296
0.976658
0.971276
0.961281
0.961281
0.961281
0.961281
0.961281
0.961281
0.961281
0.961281
0.961281
0.960513
0.961025
0.979220
0.980502
0.980502
0.984602
0.984858
0.991778
0.998184
1.009204
1.014073
1.015611
1.018942
1.025093
1.025349
1.025349
1.032012
1.035600
1.036369
1.036369
1.036369
1.036625
1.036625
1.036625
1.036625
1.036625
1.036625
1.036625
1.036625
1.036625
1.036625
1.036112
1.017917
1.016636
1.016636
1.012536
1.012279
1.004847
0.998441
0.987421
0.982552
0.981014
0.977683
0.978964
0.988446
0.994084
0.993059
0.995109
0.999978
1.005872
1.012023
1.021249
1.021505
1.021505
1.021505
1.021505
1.021505
1.021505
1.021505
1.021505
1.021505
1.021505
1.021505
1.021505
1.021505
1.021505
1.021505
1.021505
1.021505
1.021505
1.021505
1.021505
1.021505
1.014073
1.004335
0.998697
0.993059
0.987421
0.981783
0.975889
0.969738
0.960256
0.960000
0.960000
0.960000
0.960000
0.960000
0.960000
0.960000
0.964357
0.965125
0.965125
0.965125
0.965125
0.965125
0.965125
0.965125
0.965125
0.965125
0.965125
0.965125
0.965125
0.965125
0.965125
0.969738
0.975633
0.975633
0.975633
0.975633
0.975633
0.975633
0.975633
0.975633
0.975633
0.975633
0.975633
0.975633
0.975633
0.975633
0.971276
0.970507
0.970507
0.970507
0.970507
0.970507
0.970507
0.970507
0.970507
0.970507
0.970507
0.970507
0.970507
0.970507
0.970507
0.965894
0.960000
0.960000
0.960000
0.960000
0.960000
0.960000
0.960000
0.960000
0.960000
0.960000
0.960000
0.960000
0.960000
0.960000
0.960000
0.960000
0.960000
0.960000
0.960000
0.960000
0.960000
0.960000
0.960000
0.960000
0.960000
0.960000
0.960000
0.960000
0.960000
0.960000
0.960000
0.960000
0.960000
0.960000
0.960000
0.960000
0.960000
0.960000
0.960000
0.960000
0.960000
0.960000
0.960000
0.960000
0.960000
0.960000
0.960000
0.960000
0.960000
0.960000
0.960000
0.960000
0.960000
0.960000
0.960000
0.960000
0.960000
0.960000
0.960000
0.960000
0.960000
0.960000
0.960000
0.960000
0.960000
0.960000
0.960000
0.960000
0.960000
0.960000
0.960000
0.960000
0.960000
0.960000
0.960000
0.960000
0.960000
0.960000
0.960000
0.960000
0.960000
0.960000
0.960000
0.960000
0.960000
0.960000
0.960000
0.960000
0.960000
0.960000
0.960000
0.960000
0.960000
0.960000
0.960000
0.960000
0.960000
0.960000
0.960000
0.960000
0.960000
0.960000
0.960000
0.960000
0.960000
0.960000
0.960000
0.960000
0.960000
0.960000
0.960000
0.960000
0.960000
0.960000
0.960000
0.960000
0.960000
0.960000
0.960000
0.960000
0.960000
0.960000
0.960000
0.960000
0.960000
0.960000
0.960000
0.960000
0.960000
0.960000
0.960000
0.960000
0.960000
0.960000
0.960000
0.960000
0.960000
0.960000
0.960000
0.960000
0.960000
0.960000
0.960000
0.960000
0.960000
0.960000
0.960000
0.960000
0.960000
0.960000
0.960000
0.960000
0.960000
0.960000
0.960000
0.960000
0.960000
0.960000
0.960000
0.960000
0.960000
0.960000
0.960000
0.960000
0.960000
0.960000
0.960000
0.960000
0.960000
0.960000
0.960000
0.960000
0.960000
0.960000
0.960000
0.960000
0.960000
0.960000
0.960000
0.960000
0.960000
0.960000
0.960000
0.960000
0.960000
0.960000
0.960000
0.960000
0.960000
0.960000
0.960000
0.960000
0.960000
0.960000
0.960000
0.960000
0.960000
0.960000
0.960000
0.960000
0.960000
0.960000
0.960000
0.960000
0.960000
0.960000
0.960000
0.960000
0.960000
0.960000
0.960000
0.960000
0.960000
0.960000
0.960000
0.960000
0.960000
0.960000
0.960000
0.960000
0.960000
0.960000
0.960000
0.960000
0.960000
0.960000
0.960000
0.960000
0.960000
0.960000
0.960000
0.960000
0.960000
0.977426
0.980245
0.987677
0.996134
1.004591
1.008435
1.019199
1.030218
1.040982
1.052001
1.063021
1.074041
1.085060
1.087879
1.087879
1.087879
1.087879
1.087879
1.087879
1.087879
1.087879
1.087879
1.087879
1.087879
1.087879
1.096336
1.107868
1.107868
1.107868
1.107868
1.090442
1.087623
1.080191
1.071734
1.063277
1.059433
1.048670
1.037650
1.026887
1.015867
1.004847
0.993828
0.982808
0.979989
0.979989
0.979989
0.979989
0.979989
0.979989
0.979989
0.979989
0.979989
0.979989
0.979989
0.979989
0.971532
0.960000
0.960000
0.960000
0.960000
0.960000
0.960000
0.960000
0.960000
0.960000
0.960000
0.960000
0.960000
0.960000
0.960000
0.960000
0.960000
0.960000
0.960000
0.960000
0.960000
0.960000
0.960000
0.964869
0.974351
0.983321
0.992034
1.010742
1.023299
1.032012
1.040982
1.049695
1.058664
1.067377
1.076347
1.085060
1.093773
1.102743
1.111456
1.120169
1.129139
1.137852
1.146565
1.155535
1.176036
1.196282
1.202945
1.202945
1.202945
1.202945
1.202945
1.202945
1.202945
1.199101
1.189875
1.182443
1.173730
1.155022
1.142977
1.153228
1.147334
1.138621
1.129651
1.122219
1.115813
1.108125
1.099668
1.095055
1.088135
1.079678
1.070709
1.061996
1.053283
1.044313
1.023811
1.003566
0.996903
0.996903
0.996903
0.996903
0.996903
0.996903
0.996903
0.995878
0.995622
0.994084
0.994084
0.994084
0.993571
0.975889
0.972814
0.972814
0.972814
0.971532
0.968969
0.967944
0.967688
0.965638
0.969995
0.975889
0.976145
0.976145
0.978195
0.978195
0.978195
0.978195
0.978195
0.978195
0.978195
0.978195
0.978195
0.978195
0.978195
0.978195
0.978195
0.978195
0.978195
0.978195
0.978195
0.976914
0.976914
0.976914
0.976914
0.976914
0.976914
0.976914
0.976914
0.974607
0.968457
0.962306
0.962050
0.962050
0.960000
0.960000
0.960000
0.960000
0.960000
0.960000
0.960000
0.960000
0.960000
0.960000
0.960000
0.960000
0.960000
0.960000
0.960000
0.960000
0.960000
0.960000
0.960000
0.960000
0.960000
0.960000
0.960000
0.960000
0.960000
0.960000
0.960000
0.960000
0.960000
0.960000
0.960000
0.960000
0.960000
0.960000
0.960000
0.960000
0.960000
0.960000
0.960000
0.960000
0.960769
0.961281
0.961281
0.961281
0.961281
0.961281
0.961281
0.961281
0.961281
0.961281
0.961281
0.961281
0.961281
0.961281
0.961281
0.961281
0.961281
0.961281
0.961281
0.961281
0.961281
0.961281
0.961281
0.962819
0.966150
0.977426
0.986396
0.991778
0.991778
0.991778
0.991009
0.990496
0.990496
0.990496
0.990496
0.990496
0.990496
0.990496
0.990496
0.990496
0.990496
0.990496
0.990496
0.990496
0.990496
0.990496
0.990496
0.990496
0.990496
0.990496
0.990496
0.990496
0.990496
0.988959
0.985627
0.974351
0.965382
0.960000
0.960000
0.960000
0.960000
0.960000
0.960000
0.960000
0.960000
0.960000
0.960000
0.960000
0.960000
0.960000
0.960000
0.960000
0.960000
0.960000
0.960000
0.960000
0.960000
0.960000
0.960000
0.960000
0.960000
0.960000
0.960256
0.960256
0.960256
0.960256
0.960256
0.960256
0.960256
0.960256
0.960256
0.960256
0.960256
0.960256
0.960256
0.960256
0.960256
0.960256
0.960256
0.960256
0.960256
0.960256
0.960256
0.960256
0.960256
0.960256
0.960256
0.960256
0.960256
0.960256
0.960256
0.960256
0.960000
0.960000
0.961538
0.961794
0.964869
0.975889
0.975889
0.986908
0.997672
0.997672
0.997672
0.997672
0.997672
0.997672
0.997672
0.997672
0.997672
0.997672
1.001772
1.002541
1.002541
1.002541
1.003053
1.003053
1.003053
1.003053
1.003053
1.003053
1.003053
1.004335
1.004591
1.015354
1.016123
1.015867
1.020480
1.021249
1.032268
1.034062
1.034575
1.045338
1.056358
1.067377
1.078397
1.089417
1.100436
1.111456
1.122476
1.133239
1.140415
1.150409
1.161429
1.167323
1.166811
1.166811
1.166811
1.166811
1.166811
1.166811
1.166811
1.165529
1.165273
1.154510
1.152203
1.152203
1.144515
1.132727
1.121963
1.109406
1.098130
1.087367
1.076347
1.065327
1.055333
1.044313
1.033293
1.022274
1.011254
1.000491
0.989215
0.978451
0.967432
0.961538
0.961538
0.961538
0.961538
0.961538
0.969738
0.981270
0.981270
0.982296
0.984089
0.984089
0.984089
0.984089
0.986396
0.990752
0.990496
0.993315
0.996647
0.996647
0.996647
0.997416
0.996903
0.996903
0.996903
0.996903
0.996903
0.996903
1.009460
1.017917
1.017917
1.017917
1.017917
1.017917
1.017917
1.017917
1.009717
0.998184
0.998184
0.997159
0.995365
0.995365
0.995365
0.995365
0.993059
0.988702
0.988702
0.985627
0.982296
0.982296
0.982296
0.981527
0.981014
0.981014
0.981014
0.981014
0.981014
0.981014
0.969995
0.961538
0.961538
0.961538
0.961538
0.961538
0.961538
0.961538
0.961538
0.961538
0.961538
0.961538
0.961538
0.961538
0.961538
0.961538
0.961538
0.961538
0.961538
0.961538
0.961538
0.961538
0.961538
0.961538
0.961538
0.961538
0.961538
0.961538
0.961538
0.961538
0.960000
0.962306
0.965638
0.965638
0.965638
0.965638
0.965638
0.965638
0.965638
0.965638
0.965638
0.965638
0.965638
0.965638
0.965638
0.965638
0.965638
0.965638
0.965638
0.965638
0.965638
0.965638
0.965638
0.965638
0.965638
0.965638
0.965638
0.966150
0.966150
0.966150
0.966150
0.964357
0.962819
0.962819
0.962819
0.962819
0.962819
0.963332
0.963332
0.963332
0.963332
0.963332
0.963332
0.963332
0.963332
0.963332
0.963332
0.963588
0.963588
0.963588
0.963588
0.963588
0.963588
0.963588
0.963588
0.963588
0.963588
0.963075
0.963075
0.964613
0.964613
0.964100
0.962306
0.962819
0.964357
0.964357
0.965638
0.965894
0.966407
0.966663
0.967176
0.987165
0.987421
1.003053
1.003822
1.003822
1.003822
1.003566
1.003566
1.003566
1.003566
1.003566
1.003566
1.003566
1.003566
1.003566
1.003566
1.003566
1.003566
1.002028
1.002028
1.002028
1.002028
1.001516
0.999978
1.000491
0.999209
0.998441
0.997928
0.997672
0.997159
0.977170
0.976914
0.961281
0.960513
0.960513
0.960513
0.960513
0.960513
0.960513
0.960513
0.960513
0.960513
0.960513
0.960513
0.960513
0.960513
0.960513
0.960513
0.960513
0.960513
0.971020
0.974095
0.974095
0.974095
0.973582
0.973582
0.973582
0.973582
0.973582
0.974607
0.974607
0.974607
0.974607
0.974607
0.974607
0.974607
0.974864
0.974864
0.974864
0.974864
0.974864
0.974864
0.974864
0.974864
0.974864
0.974864
0.974864
0.974864
0.974864
0.974864
0.964357
0.961281
0.961281
0.961281
0.961281
0.961281
0.961281
0.961281
0.961281
0.961794
0.977683
0.987165
0.991009
0.991265
0.991265
0.991265
0.991009
0.991009
0.991009
0.991009
0.991009
0.991009
0.991009
0.991009
0.991009
0.991009
0.991009
0.991009
0.991009
0.991009
0.991009
0.991009
0.991009
0.991009
0.991009
0.991009
0.991009
0.991009
0.991009
0.991009
0.975120
0.965638
0.961794
0.961538
0.961538
0.961538
0.961538
0.961538
0.961538
0.961538
0.961538
0.961538
0.961538
0.961538
0.961538
0.961538
0.961538
0.961538
0.962050
0.962050
0.962050
0.962050
0.964869
0.969482
0.973839
0.978451
0.982552
0.987165
0.991265
0.993828
0.998184
1.002797
1.007154
1.012279
1.016892
1.021249
1.025605
1.029962
1.034319
1.043544
1.059177
1.069171
1.079166
1.089160
1.090698
1.090698
1.090698
1.090698
1.090442
1.090698
1.092492
1.099155
1.096592
1.091979
1.087623
1.083266
1.079166
1.074553
1.070453
1.066352
1.061996
1.057383
1.053026
1.047901
1.043288
1.039188
1.038931
1.045594
1.041238
1.032012
1.016380
1.006385
0.996390
0.986396
0.984858
0.984858
0.984858
0.984858
0.984602
0.984346
0.982552
0.975889
0.975633
0.975633
0.975633
0.975376
0.975376
0.975376
0.975376
0.975376
0.982808
1.000491
1.007154
1.008435
1.008435
1.008179
1.004079
1.001772
1.003053
1.003053
1.003053
1.003053
1.003053
1.003053
1.003053
1.003053
1.003053
1.003053
1.003053
1.003053
1.003053
1.003053
1.003053
1.003053
1.003053
1.003053
1.009717
1.013817
1.013817
1.013817
1.011254
0.996903
0.995365
0.994084
0.994084
0.994084
0.994084
0.985371
0.984089
0.984089
0.984089
0.984089
0.984089
0.984089
0.984089
0.984089
0.984089
0.988959
0.989471
0.989471
0.989471
0.989471
0.989471
0.989471
0.989471
0.989471
0.982808
0.978708
0.978708
0.978708
0.973839
0.970507
0.965382
0.965382
0.965382
0.965382
0.965382
0.965382
0.965382
0.965382
0.965382
0.965382
0.965382
0.965382
0.965382
0.965382
0.965382
0.960513
0.963588
0.963588
0.963588
0.963588
0.964100
0.964100
0.964869
0.970251
0.971020
0.973582
0.973582
0.973582
0.973582
0.973582
0.973582
0.973582
0.975633
0.976145
0.976145
0.976145
0.976145
0.976145
0.976145
0.976145
0.976145
0.976145
0.976145
0.976145
0.976145
0.977683
0.974095
0.974095
0.974095
0.974095
0.973582
0.973582
0.972814
0.967432
0.966663
0.964100
0.964100
0.964357
0.964357
0.964869
0.965125
0.965125
0.963075
0.962563
0.962563
0.963332
0.963332
0.963332
0.963332
0.963332
0.963332
0.963332
0.963588
0.963588
0.963588
0.962050
0.964100
0.964100
0.983064
0.985115
0.985115
0.996134
0.998697
0.998697
0.998697
0.998697
0.998697
0.998441
0.998441
0.998184
0.997928
0.997928
0.998184
0.998184
0.998184
0.997416
0.997416
0.997416
0.997416
0.997416
0.997416
0.997416
0.997159
0.997159
0.998441
0.998441
0.996390
0.996390
0.977683
0.975633
0.975633
0.976914
0.983064
0.983064
0.983064
0.983064
0.983064
0.983064
0.983064
0.982808
0.982808
0.982808
0.982552
0.982552
0.982552
0.982552
0.983064
0.983064
0.983064
0.983064
0.983064
0.983064
0.983064
0.983064
0.981783
0.981783
0.981783
0.981783
0.981527
0.981527
0.981527
0.969226
0.960513
0.960513
0.960513
0.960513
0.960513
0.960513
0.960513
0.960513
0.960513
0.960513
0.960513
0.961025
0.961025
0.961025
0.960513
0.960513
0.960513
0.960513
0.960513
0.960513
0.960513
0.960513
0.960513
0.961794
0.962050
0.962563
0.962563
0.962563
0.962563
0.963588
0.972814
0.982296
0.991265
0.999978
1.009204
1.032525
1.041750
1.052001
1.060714
1.071990
1.082241
1.092748
1.104793
1.113762
1.122476
1.131445
1.140158
1.148872
1.158610
1.169117
1.178855
1.187825
1.198076
1.197307
1.197050
1.196538
1.196538
1.196794
1.196794
1.195769
1.187312
1.177830
1.168861
1.160148
1.150922
1.127601
1.118375
1.108125
1.099411
1.088135
1.077885
1.066865
1.054820
1.045851
1.037138
1.034062
1.038931
1.030474
1.020736
1.010229
1.000491
0.991521
0.981270
0.982039
0.982039
0.986140
1.002797
1.006385
1.008179
1.011767
1.010998
1.021249
1.031756
1.031756
1.031756
1.031756
1.031756
1.031756
1.031756
1.031756
1.031756
1.031756
1.031756
1.031756
1.031756
1.025862
1.012536
1.012279
1.012279
1.012536
1.033037
1.033550
1.033550
1.032268
1.032268
1.028424
1.011767
1.007923
1.006129
1.003822
1.003822
0.993571
0.985627
0.996647
0.996647
0.996647
0.996647
1.002285
1.002285
1.002285
1.002285
1.002285
1.002285
1.002285
1.002285
1.002285
1.002028
1.002028
1.002028
1.001772
0.981270
0.980758
0.980758
0.980758
0.980758
0.980502
0.980502
0.980502
0.980502
0.979220
0.979220
0.979220
0.978451
0.968969
0.970763
0.972557
0.974351
0.970507
0.973070
0.973326
0.982808
0.992803
0.993059
0.993059
0.993059
0.993059
0.993059
0.993059
0.993059
0.993059
0.993059
0.993059
0.993059
0.993059
0.993059
0.993059
0.993059
0.993059
0.993059
0.993059
0.993059
0.993059
0.991265
0.989727
0.987934
0.986140
0.984346
0.982552
0.979989
0.979733
0.970251
0.960256
0.960000
0.960000
0.960000
0.960000
0.960000
0.960000
0.960000
0.960000
0.960000
0.968201
0.971276
0.971532
0.971532
0.971532
0.972045
0.983321
0.984089
0.984089
0.984089
0.984089
0.984089
0.984089
0.984089
0.984089
0.984089
0.984089
0.984089
0.984089
0.984089
0.984089
0.984089
0.984089
0.984089
0.984089
0.984089
0.984089
0.984089
0.989471
1.003310
1.008948
1.019711
1.033293
1.046876
1.060714
1.074041
1.075066
1.087879
1.101461
1.115044
1.117350
1.117350
1.117350
1.117350
1.117350
1.117350
1.117350
1.117350
1.117350
1.117350
1.117350
1.117350
1.117350
1.117350
1.117350
1.117350
1.117350
1.117350
1.111969
1.098130
1.084291
1.070453
1.056614
1.043032
1.029193
1.015354
1.003053
0.989471
0.975889
0.962306
0.960000
0.960000
0.960000
0.960000
0.960000
0.960000
0.960000
0.960000
0.960000
0.960000
0.960000
0.960000
0.960000
0.960000
0.960000
0.960000
0.960000
0.960000
0.960000
0.960000
0.960000
0.960000
0.960000
0.960000
0.960000
0.960000
0.960000
0.960000
0.960000
0.960000
0.960000
0.960000
0.960000
0.960000
0.960000
0.960000
0.960000
0.960000
0.960000
0.960000
0.960000
0.960000
0.960000
0.960000
0.960000
0.960000
0.960000
0.960000
0.960000
0.960000
0.960000
0.960000
0.960000
0.960000
0.960000
0.960000
0.960000
0.960000
0.960000
0.960000
0.960000
0.960000
0.960000
0.960000
0.960000
0.960000
0.960000
0.960000
0.960000
0.960000
0.960000
0.960000
0.960000
0.960000
0.960000
0.960000
0.960000
0.960000
0.960000
0.960000
0.960000
0.960000
0.960000
0.960000
0.960000
0.960000
0.960000
0.960000
0.960000
0.960000
0.960000
0.960000
0.960000
0.960000
0.960000
0.960000
0.960000
0.960000
0.960000
0.960000
0.960000
0.960000
0.960000
0.960000
0.960000
0.960000
0.960000
0.960000
0.960000
0.960000
0.960000
0.960000
0.960000
0.960000
0.960000
0.960000
0.960000
0.960000
0.960000
0.960000
0.960000
0.960000
0.960000
0.960000
0.960000
0.960000
0.960000
0.960000
0.960000
0.960000
0.960000
0.960000
0.960000
0.960000
0.960000
0.960000
0.960000
0.960000
0.960000
0.960000
0.960000
0.960000
0.960000
0.960000
0.960000
0.960000
0.960000
0.960000
0.960000
0.960000
0.960000
0.960000
0.960000
0.960000
0.960000
0.960000
0.960000
0.960000
0.960000
0.960000
0.960000
0.960000
0.960000
0.960000
0.960000
0.960000
0.960000
0.960000
0.960000
0.960000
0.960000
0.960000
0.960000
0.960000
0.960000
0.960000
0.960000
0.960000
0.960000
0.960000
0.960000
0.960000
0.960000
0.960000
0.960000
0.960000
0.960000
0.960000
0.960000
0.960000
0.960000
0.960000
0.960000
0.960000
0.960000
0.960000
0.960000
0.960000
0.960000
0.960000
0.960000
0.960000
0.960000
0.960000
0.960000
0.960000
0.960000
0.960000
0.960000
0.960000
0.960000
0.960000
0.960000
0.960000
0.960000
0.960000
0.960000
0.960000
0.960000
0.960000
0.960000
0.960000
0.960000
0.960000
0.960000
0.960000
0.960000
0.960000
0.960000
0.960000
0.960000
0.960000
0.960000
0.960000
0.960000
0.960000
0.960000
0.960000
0.960000
0.960000
0.960000
0.961538
0.973582
0.973582
0.973582
0.976401
0.976658
0.976658
0.976658
0.976658
0.976658
0.977426
0.987165
0.998953
1.010742
1.049695
1.071222
1.087879
1.102487
1.119400
1.135802
1.147334
1.161685
1.180649
1.199613
1.218577
1.237541
1.256249
1.275213
1.294177
1.313141
1.331336
1.336974
1.349532
1.360808
1.361576
1.361320
1.361320
1.361320
1.369521
1.375159
1.384128
1.393098
1.392585
1.383359
1.361576
1.340306
1.325955
1.311347
1.294433
1.278032
1.266500
1.252149
1.233953
1.214989
1.200895
1.190131
1.172449
1.153741
1.135289
1.119657
1.099924
1.082241
1.069684
1.066609
1.075066
1.075066
1.075066
1.075066
1.066865
1.061227
1.070965
1.083523
1.072759
1.070196
1.053026
1.052770
1.050464
1.050464
1.050464
1.050464
1.050464
1.050464
1.050720
1.051489
1.046620
1.038419
1.037394
1.037138
1.036625
1.033293
1.033293
1.033293
1.033293
1.025093
1.013048
1.014073
1.014073
1.014073
1.014073
1.014073
0.994597
0.963332
0.962819
0.974607
0.978964
0.978964
0.978964
0.978964
0.978964
0.978964
0.978964
0.978964
0.977939
0.977170
0.977170
0.977170
0.977170
0.977170
0.977170
0.977170
0.977170
0.977170
0.977170
0.977170
0.977170
0.976145
0.976145
0.976145
0.976145
0.976145
0.976145
0.976145
0.976145
0.964357
0.960000
0.960000
0.960000
0.960000
0.960000
0.960000
0.960000
0.960000
0.960000
0.960000
0.960000
0.960000
0.960000
0.960000
0.960000
0.960000
0.960000
0.960000
0.962306
0.992034
1.011510
1.011510
1.011510
1.011510
1.011510
1.029706
1.032525
1.032525
1.034062
1.040469
1.046876
1.055845
1.063533
1.069940
1.076347
1.085573
1.095567
1.105306
1.115044
1.121194
1.128882
1.136571
1.139902
1.139902
1.144515
1.156303
1.166554
1.176805
1.184493
1.154766
1.135289
1.142721
1.160404
1.162198
1.162198
1.144002
1.141183
1.141183
1.139646
1.133239
1.126832
1.117863
1.110175
1.103768
1.097361
1.088135
1.078141
1.068403
1.058664
1.052514
1.044826
1.037138
1.033806
1.033806
1.029193
1.017405
1.007154
0.996903
0.986908
0.986908
0.986908
0.979477
0.961794
0.960000
0.960000
0.960000
0.960000
0.960000
0.960000
0.960000
0.960000
0.960000
0.960000
0.960000
0.972814
0.980502
0.980502
0.980502
0.983321
0.988959
0.994597
1.000747
1.006898
1.017917
1.031243
1.042007
1.054564
1.063533
1.073784
1.080960
1.081729
1.085573
1.088904
1.091723
1.095567
1.095567
1.095567
1.095567
1.099155
1.101461
1.113250
1.118375
1.126063
1.128370
1.119144
1.117863
1.120426
1.121451
1.118888
1.113250
1.107612
1.117350
1.115044
1.104024
1.090698
1.079935
1.067377
1.058408
1.048157
1.041494
1.040725
1.036881
1.033550
1.031243
1.027399
1.028168
1.028168
1.028168
1.024580
1.022274
1.010485
1.005360
0.997672
0.995365
0.991778
0.998953
0.997416
0.996390
0.996134
0.996134
0.996134
0.980245
0.978195
0.979733
0.982808
0.988446
0.988446
0.988446
0.988446
0.987934
0.987934
0.987934
0.987934
0.987421
0.987421
0.986652
0.986652
0.986652
0.986652
0.986652
0.986652
0.986652
0.986652
0.986652
0.986652
0.973070
0.972045
0.972045
0.972045
0.972045
0.974095
0.974095
0.972301
0.973326
0.986396
0.998697
1.029962
1.060714
1.063277
1.063277
1.063277
1.063277
1.063277
1.063277
1.063277
1.063277
1.063277
1.063277
1.064046
1.065840
1.066352
1.066352
1.066352
1.066352
1.066352
1.066352
1.066352
1.066352
1.066352
1.066352
1.064302
1.064302
1.064302
1.061740
1.045594
1.027655
0.996390
0.965638
0.963075
0.963075
0.963075
0.963075
0.967176
0.980758
0.984602
0.984602
0.984602
0.984602
0.983833
0.982039
0.981527
0.981527
0.981527
0.981527
0.981527
0.981527
0.981527
0.981527
0.981527
0.981527
0.986652
0.994340
0.994340
0.994340
0.994340
1.000491
1.009973
1.016892
1.016892
1.016892
1.016892
1.016892
1.012792
0.999209
0.995622
0.996134
0.996134
0.996134
0.996134
0.996134
0.996134
1.014073
1.045851
1.077372
1.079678
1.083266
1.083266
1.083266
1.083266
1.083266
1.078141
1.070453
1.070453
1.070453
1.070453
1.064302
1.054820
1.047901
1.047901
1.047901
1.049182
1.049951
1.049951
1.049951
1.049695
1.049182
1.049182
1.049182
1.049182
1.049182
1.049182
1.032268
1.000491
0.968969
0.966663
0.963332
0.963332
0.963332
0.963332
0.963332
0.963332
0.963332
0.963332
0.963332
0.963332
0.963332
0.963332
0.963332
0.963332
0.963332
0.962050
0.967176
0.980758
0.982552
0.982552
0.982552
0.982552
0.982552
0.982552
0.982808
0.983577
0.982552
0.982552
0.982552
0.982552
0.982296
0.982296
0.982296
0.982296
0.982296
0.982296
0.982296
0.982296
0.982296
0.982296
0.982296
0.982296
0.982296
0.982296
0.982296
0.982296
0.985883
0.983321
0.992290
1.005616
1.032012
1.043544
1.054564
1.065840
1.076603
1.094798
1.095824
1.095824
1.096849
1.098386
1.099155
1.099155
1.099411
1.099411
1.099411
1.099668
1.100180
1.111200
1.111200
1.111969
1.111969
1.124270
1.125807
1.126832
1.126832
1.129395
1.131445
1.122219
1.118632
1.110175
1.085060
1.073528
1.063790
1.054820
1.044569
1.025862
1.024837
1.024837
1.023811
1.022274
1.021505
1.022274
1.023043
1.023043
1.023043
1.022786
1.022274
1.011254
1.011254
1.010485
1.010485
0.999978
0.998441
0.997416
0.997416
0.994853
0.983321
0.981527
0.974607
0.969738
0.968457
0.968457
0.967176
0.964869
0.967176
0.985371
0.985371
0.985371
0.985371
0.985371
0.985371
0.984602
0.983577
0.983577
0.983577
0.983577
0.983577
0.983577
0.983577
0.983577
0.983577
0.981783
0.981783
0.981783
0.981783
0.981783
0.981783
0.981783
0.983577
0.983833
0.983833
0.983833
0.983833
0.983833
0.980758
0.962306
0.962819
0.963588
0.963588
0.963588
0.963588
0.963588
0.963588
0.963588
0.963588
0.963588
0.963588
0.963588
0.963588
0.963588
0.963588
0.963588
0.963588
0.965894
0.995878
1.028937
1.055589
1.055845
1.053795
1.053539
1.053539
1.053539
1.053539
1.053795
1.053795
1.053795
1.054820
1.054820
1.054820
1.054820
1.054820
1.054820
1.054820
1.054820
1.054820
1.054820
1.054820
1.054820
1.054820
1.054820
1.054820
1.054820
1.054820
1.052514
1.022530
0.991265
0.979733
0.994853
1.010229
1.025605
1.040725
1.048670
1.048670
1.048413
1.048413
1.048413
1.046876
1.046107
1.046107
1.046107
1.046107
1.046107
1.046107
1.046107
1.046107
1.047645
1.060971
1.078397
1.094542
1.110944
1.127345
1.132727
1.132727
1.132727
1.132727
1.130933
1.115813
1.100436
1.085060
1.069684
1.054564
1.046620
1.046620
1.046620
1.046620
1.046620
1.046620
1.046620
1.046620
1.046620
1.046620
1.046620
1.046620
1.046620
1.046620
1.045082
1.031756
1.014329
0.998184
0.981783
0.965382
0.960000
0.960000
0.960000
0.971020
0.980758
0.982296
0.982296
0.982296
0.984858
0.984858
0.984858
0.984858
0.984858
0.985883
0.985883
0.985883
0.985883
0.986652
0.989471
0.989727
0.989727
0.989727
0.989727
0.989727
0.989727
0.989727
0.989727
0.989727
0.989727
0.989727
0.989984
0.989984
0.989984
0.978964
0.969226
0.967688
0.968969
0.968969
0.980758
0.984346
1.013304
1.044826
1.076091
1.081729
1.081729
1.098386
1.102743
1.101974
1.099155
1.099411
1.099411
1.099411
1.100949
1.101974
1.103255
1.104024
1.104024
1.105562
1.105818
1.107868
1.109918
1.109918
1.109918
1.111456
1.111456
1.111456
1.112481
1.114788
1.101974
1.098386
1.069428
1.039700
1.013048
1.021505
1.037138
1.035856
1.046876
1.062252
1.078910
1.079166
1.079166
1.079678
1.079935
1.078910
1.077628
1.076859
1.076859
1.075578
1.077372
1.086085
1.084035
1.084035
1.084035
1.082497
1.095311
1.111712
1.125551
1.139646
1.154510
1.168861
1.168861
1.167067
1.162454
1.147334
1.131701
1.116325
1.100949
1.085573
1.068915
1.068915
1.068915
1.068403
1.066609
1.066609
1.066609
1.066609
1.066609
1.066352
1.064302
1.053539
1.053283
1.053283
1.063533
1.067634
1.054820
1.038419
1.022274
1.006641
0.990240
0.975889
0.975889
0.975889
0.975889
0.975889
0.975889
0.975889
0.975889
0.975889
0.975889
0.975120
0.975120
0.975889
0.975889
0.975889
0.975889
0.975889
0.975889
0.975889
0.975889
0.975889
0.976914
0.976914
0.966663
0.962563
0.962563
0.962563
0.962563
0.961794
0.961794
0.970763
0.972557
0.972557
0.972557
0.973070
0.973070
0.973070
0.973070
0.973070
0.973070
0.973070
0.973070
0.972814
0.984089
0.986908
0.987165
0.987677
0.987677
0.987677
0.987677
0.987677
0.986652
0.986652
0.986652
0.988702
1.004847
1.018686
1.035087
1.054308
1.064558
1.083010
1.088135
1.090954
1.094030
1.094798
1.095055
1.095055
1.095055
1.095055
1.095055
1.095055
1.095055
1.098130
1.087623
1.084804
1.084548
1.084035
1.084035
1.084035
1.084035
1.084035
1.095311
1.095311
1.095311
1.093261
1.077116
1.063277
1.046876
1.027655
1.017405
0.990752
0.983833
0.981014
0.977939
0.976658
0.976658
0.988446
1.000491
1.001260
1.006385
1.006385
1.006898
1.003310
1.006129
1.006129
1.006129
1.009460
1.025605
1.025605
1.025605
1.026374
1.015867
1.022274
1.022274
1.022274
1.022274
1.022274
1.022274
1.023811
1.023811
1.023043
1.023043
1.023043
1.023043
1.023043
1.023043
1.011254
0.999722
0.998953
0.993828
0.993828
0.993315
0.993315
0.989727
0.989727
0.989727
0.986396
0.970251
0.970251
0.970251
0.969482
0.968713
0.974864
0.981783
0.983577
0.983577
0.983577
0.983577
0.991265
1.002797
1.012023
1.020992
1.031243
1.051745
1.064046
1.074041
1.086854
1.096849
1.105818
1.114788
1.123501
1.132470
1.141183
1.150153
1.158866
1.167579
1.176293
1.178599
1.178599
1.178599
1.178599
1.178599
1.166042
1.159122
1.157329
1.157329
1.157329
1.157329
1.148103
1.136571
1.127345
1.118375
1.108125
1.087623
1.075322
1.065071
1.052257
1.041750
1.032781
1.023811
1.015098
1.006129
0.997416
0.988446
0.981783
0.973070
0.964357
0.962050
0.962050
0.962050
0.962050
0.962050
0.962050
0.978451
0.982039
0.984858
0.985883
0.985883
0.985883
0.985883
0.985883
0.985883
0.985883
0.985883
0.985883
0.985883
0.985883
0.985883
0.985883
0.985883
0.985883
0.985883
0.985883
0.985883
0.983833
0.983833
0.983833
0.983833
0.983833
0.992034
1.003822
1.017405
1.027655
1.021505
1.028168
1.035600
1.056870
1.074041
1.084291
1.094798
1.105306
1.115556
1.126063
1.136314
1.138364
1.138364
1.141183
1.144002
1.146053
1.146053
1.155278
1.155535
1.155535
1.155535
1.155535
1.155535
1.155535
1.155535
1.155535
1.147334
1.135546
1.121963
1.111712
1.101461
1.091211
1.080960
1.058664
1.041494
1.031243
1.020736
1.010229
0.999978
0.989471
0.979220
0.977170
0.977170
0.974351
0.971532
0.969482
0.981783
0.976401
0.976145
0.976145
0.976145
0.976145
0.976145
0.976145
0.976145
0.976145
0.976145
0.976145
0.976145
0.976145
0.976145
0.976145
0.976145
0.976145
0.976145
0.976145
0.976145
0.976145
0.976145
0.976145
0.976145
0.976145
0.976145
0.976145
0.976145
0.976145
0.963844
0.960000
0.960000
0.960000
0.960000
0.960000
0.960000
0.960000
0.960000
0.960000
0.960000
0.960000
0.960000
0.960000
0.960000
0.960000
0.960000
0.960000
0.960000
0.960000
0.960000
0.960000
0.960000
0.960000
0.960000
0.960000
0.960000
0.960000
0.960000
0.960000
0.960000
0.960000
0.960000
0.960000
0.960000
0.960000
0.960000
0.960000
0.960000
0.960000
0.960000
0.960000
0.960000
0.960000
0.960000
0.960000
0.960000
0.960000
0.960000
0.960000
0.960000
0.960000
0.960000
0.960000
0.960000
0.960000
0.960000
0.960000
0.960000
0.960000
0.960000
0.960000
0.960000
0.960000
0.960000
0.960000
0.960000
0.960000
0.960000
0.960000
0.960000
0.960000
0.960000
0.960000
0.960000
0.960000
0.960000
0.960000
0.960000
0.960000
0.960000
0.960000
0.960000
0.960000
0.960000
0.960000
0.960000
0.960000
0.960000
0.960000
0.960000
0.960000
0.960000
0.960000
0.960000
0.960000
0.960000
0.960000
0.960000
0.960000
0.960000
0.960000
0.960000
0.960000
0.960000
0.960000
0.960000
0.960000
0.960000
0.960000
0.960000
0.960000
0.960000
0.960000
0.960000
0.960000
0.960000
0.960000
0.960000
0.960000
0.960000
0.960000
0.960000
0.960000
0.960000
0.960000
0.960000
0.960000
0.960000
0.960000
0.960000
0.960000
0.960000
0.960000
0.960000
0.960000
0.960000
0.960000
0.960000
0.960000
0.960000
0.960000
0.960000
0.960000
0.960000
0.960000
0.960000
0.960000
0.960000
0.960000
0.960000
0.960000
0.960000
0.960000
0.960000
0.960000
0.960000
0.960000
0.960000
0.960000
0.960000
0.960000
0.960000
0.960000
0.960000
0.960000
0.960000
0.960000
0.960000
0.960000
0.960000
0.960000
0.960000
0.960000
0.960000
0.960000
0.960000
0.960000
0.960000
0.960000
0.960000
0.960000
0.960000
0.960000
0.960000
0.960000
0.960000
0.960000
0.960000
0.960000
0.960000
0.960000
0.960000
0.960000
0.960000
0.960000
0.960000
0.960000
0.960000
0.960000
0.960000
0.960000
0.960000
0.960000
0.960000
0.960000
0.960000
0.960000
0.960000
0.960000
0.960000
0.960000
0.960000
0.960000
0.960000
0.960000
0.960000
0.960000
0.960000
0.960000
0.960000
0.960000
0.960000
0.960000
0.960000
0.960000
0.960000
0.960000
0.960000
0.960000
0.960000
0.960000
0.960000
0.960000
0.960000
0.960000
0.960000
0.960000
0.960000
0.960000
0.960000
0.960000
0.960000
0.960000
0.960000
0.960000
0.960000
0.960000
0.960000
0.960000
0.960000
0.960000
0.960000
0.960000
0.960000
0.960000
0.960000
0.960000
0.960000
0.960000
0.960000
0.960000
0.960000
0.960000
0.960000
0.960000
0.960000
0.960000
0.960000
0.960000
0.960000
0.960000
0.960000
0.960000
0.960000
0.960000
0.960000
0.960000
0.960000
0.960000
0.960000
0.960000
0.960000
0.960000
0.960000
0.960000
0.960000
0.960000
0.960000
0.960000
0.960000
0.960000
0.960000
0.960000
0.960000
0.960000
0.960000
0.960000
0.960000
0.960000
0.960000
0.960000
0.962050
0.973839
0.973839
0.973839
0.973839
0.973839
0.973839
0.973839
0.973839
0.973839
0.973839
0.973839
0.973839
0.973839
0.973839
0.973839
0.973839
0.973839
0.973839
0.973839
0.973839
0.973839
0.973839
0.974864
0.975120
0.975120
0.976914
0.991778
1.006641
1.022018
1.035087
1.037906
1.056102
1.068146
1.081985
1.109150
1.134008
1.161173
1.179880
1.201407
1.221396
1.238823
1.252661
1.261631
1.280082
1.298790
1.317754
1.336974
1.356963
1.378747
1.400273
1.422569
1.443327
1.462547
1.473567
1.474079
1.481511
1.471517
1.461522
1.447427
1.440764
1.428976
1.411037
1.400273
1.386947
1.362858
1.346456
1.322111
1.303659
1.282389
1.262656
1.246254
1.233697
1.224728
1.206276
1.187568
1.168604
1.149384
1.129395
1.107612
1.086085
1.063790
1.043032
1.037394
1.031756
1.031243
1.024837
1.019967
1.015354
1.014073
1.006898
1.011254
1.016892
1.017405
1.020992
1.022786
1.014586
1.011767
1.015098
1.029962
1.029706
1.028681
1.027399
1.028424
1.028424
1.028424
1.028424
1.028424
1.028424
1.028424
1.028424
1.028424
1.028424
1.013817
1.008179
1.008179
1.005360
1.005360
1.005104
1.005104
1.003822
0.996647
0.990752
0.988959
0.984858
0.979989
0.979733
0.979733
0.976145
0.961025
0.961025
0.961025
0.961025
0.960000
0.960000
0.960000
0.960000
0.960000
0.960000
0.960000
0.960000
0.960000
0.960000
0.960000
0.960000
0.960000
0.960000
0.960000
0.960000
0.960000
0.960000
0.960000
0.960000
0.960000
0.960000
0.960000
0.960000
0.960000
0.960000
0.960000
0.960000
0.960000
0.960000
0.960000
0.960000
0.960000
0.960000
0.960000
0.960000
0.960000
0.960000
0.960000
0.960000
0.960000
0.960000
0.960000
0.960000
0.960000
0.960000
0.960000
0.960000
0.960000
0.960000
0.960000
0.960000
0.960000
0.960000
0.960000
0.960000
0.960000
0.960000
0.960000
0.960000
0.960000
0.960000
0.960000
0.960000
0.960000
0.960000
0.960000
0.960000
0.960000
0.960000
0.960000
0.960000
0.960000
0.960000
0.960000
0.960000
0.960000
0.960000
0.960000
0.960000
0.960000
0.960000
0.960000
0.960000
0.960000
0.960000
0.960000
0.960000
0.960000
0.960000
0.960000
0.960000
0.960000
0.960000
0.960000
0.960000
0.960000
0.960000
0.960000
0.960000
0.960000
0.960000
0.960000
0.960000
0.960000
0.960000
0.960000
0.960000
0.960000
0.960000
0.960000
0.960000
0.960000
0.960000
0.960000
0.960000
0.960000
0.960000
0.960000
0.960000
0.960000
0.960000
0.960000
0.960000
0.960000
0.960000
0.960000
0.960000
0.960000
0.960000
0.960000
0.960000
0.960000
0.960000
0.960000
0.960000
0.960000
0.960000
0.960000
0.960000
0.960000
0.960000
0.960000
0.960000
0.960000
0.960000
0.960000
0.960000
0.960000
0.960000
0.960000
0.960000
0.960000
0.960000
0.960000
0.960000
0.960000
0.960000
0.960000
0.960000
0.960000
0.960000
0.960000
0.960000
0.960000
0.960000
0.960000
0.960000
0.960000
0.960000
0.960000
0.960000
0.960000
0.960000
0.960000
0.960000
0.960000
0.960000
0.960000
0.960000
0.960000
0.960000
0.960000
0.960000
0.960000
0.960000
0.960000
0.960000
0.960000
0.960000
0.960000
0.960000
0.960000
0.960000
0.960000
0.960000
0.961281
0.961281
0.962563
0.962563
0.963844
0.963844
0.963844
0.963844
0.963844
0.963844
0.963844
0.963844
0.964100
0.964100
0.964100
0.964100
0.964100
0.968969
0.977939
0.977939
0.977939
0.977939
0.977939
0.977939
0.977939
0.977939
0.977939
0.977939
0.977939
0.977939
0.976658
0.976658
0.975376
0.975376
0.974095
0.974095
0.974095
0.974095
0.974095
0.974095
0.974095
0.974095
0.973839
0.973839
0.973839
0.973839
0.973839
0.968969
0.960000
0.960000
0.960000
0.960000
0.960000
0.960000
0.960000
0.960000
0.960000
0.960000
0.960256
0.961025
0.961025
0.961025
0.961025
0.961025
0.961025
0.961025
0.961025
0.961025
0.961025
0.961025
0.961025
0.961025
0.961025
0.961025
0.961025
0.961281
0.961281
0.961281
0.961281
0.961281
0.961281
0.961281
0.961281
0.961281
0.961281
0.961281
0.961281
0.961281
0.961025
0.960256
0.960256
0.960256
0.960256
0.960256
0.960256
0.960256
0.960256
0.960256
0.960256
0.960256
0.960256
0.960256
0.961025
0.961025
0.964869
0.969482
0.969482
0.969482
0.969482
0.971276
0.974351
0.974351
0.975120
0.978195
1.008948
1.029706
1.041494
1.057895
1.079935
1.079935
1.079935
1.079935
1.079935
1.094286
1.099924
1.099924
1.099924
1.099924
1.101974
1.112994
1.124782
1.135802
1.146053
1.157072
1.164248
1.172705
1.184750
1.195769
1.206789
1.216271
1.224215
1.235235
1.245742
1.253686
1.230109
1.209351
1.197563
1.181162
1.160916
1.161429
1.161429
1.161429
1.161429
1.147078
1.141440
1.141440
1.141440
1.141440
1.139390
1.128370
1.116581
1.105562
1.094542
1.083523
1.072503
1.059177
1.047132
1.048670
1.048157
1.036881
1.025862
1.014842
1.003566
0.992546
0.986652
0.990752
1.000747
1.000747
0.998953
0.998441
0.998441
0.998441
0.998441
0.998441
0.998441
0.998441
0.998441
0.998441
0.999722
0.999722
1.000747
1.000747
1.000747
1.000747
1.013817
1.020992
1.021505
1.008948
0.999978
1.000235
1.000235
1.000235
1.000235
1.000235
0.998953
0.994853
0.984858
0.984858
0.984858
0.984858
0.984858
0.984858
0.984858
0.985115
0.985115
0.985115
0.985115
0.985115
0.983833
0.983833
0.982808
0.982808
0.982808
0.982808
0.969738
0.962563
0.966663
0.972045
0.970507
0.970251
0.970251
0.970251
0.970251
0.970251
0.970251
0.970251
0.970251
0.973582
0.979220
0.979220
0.979220
0.979220
0.979220
0.978964
0.978964
0.978964
0.978964
0.979220
0.979220
0.979220
0.979220
0.979220
0.979220
0.979220
0.979220
0.979220
0.974607
0.969226
0.969226
0.969226
0.969226
0.969226
0.969226
0.969226
0.969226
0.969226
0.987421
0.987421
0.991009
1.002541
1.018430
1.019967
1.019967
1.019967
1.020992
1.020992
1.020992
1.020736
1.020736
1.020736
1.020736
1.020736
1.020736
1.020736
1.023043
1.024324
1.027912
1.033037
1.033037
1.033037
1.033037
1.033037
1.033037
1.033037
1.033037
1.033037
1.014842
1.011510
1.002285
0.990752
0.974864
0.973326
0.973326
0.973326
0.972301
0.972301
0.972301
0.972301
0.972301
0.972301
0.972301
0.972301
0.972301
0.972301
0.969995
0.969226
0.965638
0.960513
0.961281
0.961794
0.961794
0.961794
0.961794
0.961794
0.961794
0.961794
0.961794
0.961794
0.961794
0.961794
0.963844
0.964357
0.964613
0.964869
0.964869
0.964869
0.964869
0.964869
0.964869
0.964869
0.964869
0.964869
0.964869
0.964869
0.965382
0.964869
0.964869
0.964869
0.965894
0.966919
0.967688
0.967688
0.967688
0.967688
0.967688
0.967688
0.967688
0.967688
0.967688
0.967688
0.965638
0.965125
0.964869
0.964613
0.964613
0.964613
0.965125
0.965125
0.965125
0.965125
0.965125
0.965125
0.966663
0.966663
0.966150
0.966919
0.966919
0.966919
0.965125
0.963588
0.962819
0.962819
0.962819
0.963332
0.963332
0.963332
0.964100
0.964100
0.964100
0.964100
0.964100
0.964100
0.964100
0.964100
0.964100
0.964100
0.963588
0.963588
0.963588
0.963588
0.963588
0.963588
0.962050
0.962050
0.962050
0.974607
0.975120
0.982296
0.986652
0.987165
0.987165
0.987165
0.987165
0.986652
0.986652
0.986652
0.985883
0.985883
0.985883
0.985883
0.985883
0.985883
0.985883
0.985883
0.985883
0.985883
0.985883
0.986140
0.986140
0.986140
0.986140
0.986140
0.986140
0.986140
0.986140
0.972814
0.972301
0.965125
0.960769
0.960256
0.960256
0.960256
0.961538
0.961538
0.961538
0.961538
0.961538
0.961538
0.961538
0.961538
0.961538
0.961538
0.961538
0.961538
0.961538
0.961538
0.961538
0.961281
0.961281
0.961281
0.961281
0.961281
0.961281
0.961281
0.979989
0.982552
0.982552
0.982552
0.982552
0.982552
0.982552
0.982552
0.981527
0.981527
0.981527
0.981527
0.981527
0.981527
0.981527
0.981527
0.981527
0.981527
0.981527
0.981527
0.981527
0.981527
0.981783
0.982296
0.982296
0.982552
0.983321
0.983321
0.983321
0.983321
0.964613
0.962050
0.962050
0.962050
0.962050
0.962819
0.963332
0.963332
0.963075
0.963075
0.963075
0.963075
0.963075
0.963075
0.963075
0.963075
0.963075
0.965382
0.965382
0.965382
0.965382
0.965382
0.984602
0.995622
0.999466
1.006129
1.007666
1.007666
1.007666
1.025349
1.028168
1.028168
1.029449
1.029449
1.029449
1.028681
1.028168
1.028168
1.028168
1.028168
1.028168
1.028168
1.028168
1.028168
1.028168
1.028168
1.028168
1.025862
1.025862
1.025862
1.026118
1.026118
1.006641
0.995109
0.991265
0.988702
0.988702
0.989215
0.989215
0.971532
0.968713
0.968713
0.968201
0.968457
0.968457
0.968457
0.968457
0.968457
0.968457
0.968457
0.968457
0.968457
0.968457
0.968457
0.968457
0.970251
0.970507
0.970763
0.971020
0.983064
0.985627
0.985627
0.985883
0.986140
0.986396
0.982039
0.979733
0.979220
0.979477
0.980245
0.980245
0.980245
0.979477
0.979220
0.979220
0.979220
0.979220
0.988190
0.990496
0.990496
0.990496
0.990496
0.990496
0.990496
0.990752
0.988959
0.988702
0.988446
0.988190
0.976145
0.973326
0.973326
0.973070
0.972814
0.972557
0.972557
0.972557
0.972557
0.972301
0.971532
0.971532
0.971532
0.971532
0.971532
0.971532
0.971532
0.971532
0.962563
0.960256
0.960256
0.960256
0.960256
0.960256
0.960256
0.960000
0.960000
0.960000
0.960000
0.960000
0.960000
0.960000
0.960000
0.960000
0.960000
0.960000
0.960000
0.960000
0.960000
0.960000
0.960000
0.961281
0.961281
0.968969
0.975633
0.977683
0.977683
0.977683
0.977683
0.977683
0.977683
0.977683
0.977683
0.977683
0.977683
0.980245
1.002541
1.012279
1.018942
1.028681
1.035600
1.042007
1.048670
1.059946
1.062765
1.062765
1.069428
1.075066
1.087367
1.098899
1.119400
1.137852
1.146821
1.147847
1.150153
1.157072
1.165785
1.174755
1.183468
1.188337
1.188337
1.188337
1.188337
1.188337
1.188337
1.185775
1.163479
1.153741
1.147078
1.137339
1.130420
1.124013
1.117350
1.108125
1.105306
1.105306
1.098643
1.093005
1.080704
1.069171
1.048670
1.028937
1.019967
1.011254
1.002285
0.993315
0.984602
0.975633
0.966919
0.962050
0.962050
0.962050
0.962050
0.962050
0.962050
0.962050
0.962050
0.962050
0.962050
0.962050
0.962050
0.962050
0.962050
0.960000
0.960000
0.960000
0.960000
0.960000
0.960000
0.960000
0.960000
0.960000
0.960000
0.960000
0.960000
0.960000
0.960000
0.960000
0.960000
0.960000
0.960000
0.960000
0.963844
0.968713
0.974864
0.980502
0.984346
0.987677
0.987677
0.988702
0.988702
1.002285
1.012792
1.023043
1.033550
1.043801
1.054051
1.064558
1.076603
1.088648
1.100693
1.112737
1.125038
1.137083
1.150153
1.161429
1.172961
1.184493
1.191669
1.191669
1.191669
1.193463
1.189619
1.184750
1.178599
1.178599
1.186287
1.194232
1.205764
1.216271
1.227803
1.225497
1.226522
1.227803
1.228828
1.229853
1.225753
1.215246
1.210889
1.200126
1.189619
1.184493
1.178855
1.173730
1.161941
1.157072
1.151691
1.140158
1.132983
1.132983
1.132983
1.131189
1.131189
1.131189
1.131189
1.125551
1.114019
1.102743
1.091211
1.079678
1.068146
1.056870
1.045338
1.033806
1.022274
1.010998
1.004847
1.004847
0.997159
0.995878
0.994340
0.987421
0.980758
0.973839
0.972557
0.966150
0.960000
0.960000
0.960000
0.960000
0.960000
0.960000
0.960000
0.960000
0.960000
0.970251
0.984089
0.997928
1.011767
1.025605
1.039188
1.053026
1.066865
1.079166
1.092748
1.106331
1.117350
1.117607
1.117607
1.117607
1.117607
1.117607
1.117607
1.117607
1.117607
1.117607
1.117607
1.117607
1.117607
1.117607
1.117607
1.117607
1.117607
1.117607
1.117607
1.107356
1.093517
1.079678
1.065840
1.052001
1.038419
1.024580
1.010742
0.998441
0.984858
0.971276
0.960256
0.960000
0.960000
0.960000
0.960000
0.960000
0.960000
0.960000
0.960000
0.960000
0.960000
0.960000
0.960000
0.960000
0.960000
0.960000
0.960000
0.960000
0.960000
0.960000
0.960000
0.960000
0.960000
0.960000
0.960000
0.960000
0.960000
0.960000
0.960000
0.960000
0.960000
0.960000
0.960000
0.960000
0.960000
0.960000
0.960000
0.960000
0.960000
0.960000
0.960000
0.960000
0.960000
0.960000
0.960000
0.960000
0.960000
0.960000
0.960000
0.960000
0.960000
0.960000
0.960000
0.960000
0.960000
0.960000
0.960000
0.960000
0.960000
0.960000
0.960000
0.960000
0.960000
0.960000
0.960000
0.960000
0.960000
0.960000
0.960000
0.960000
0.960000
0.960000
0.960000
0.960000
0.960000
0.960000
0.960000
0.960000
0.960000
0.960000
0.960000
0.960000
0.960000
0.960000
0.960000
0.960000
0.960000
0.960000
0.960000
0.960000
0.960000
0.960000
0.960000
0.960000
0.960000
0.960000
0.960000
0.960000
0.960000
0.960000
0.960000
0.960000
0.960000
0.960000
0.960000
0.960000
0.960000
0.960000
0.960000
0.960000
0.960000
0.960000
0.960000
0.960000
0.960000
0.960000
0.960000
0.960000
0.960000
0.960000
0.960000
0.960000
0.960000
0.960000
0.960000
0.960000
0.960000
0.960000
0.960000
0.960000
0.960000
0.960000
0.960000
0.960000
0.960000
0.960000
0.960000
0.960000
0.960000
0.960000
0.960000
0.960000
0.960000
0.960000
0.960000
0.960000
0.960000
0.960000
0.960000
0.960000
0.960000
0.960000
0.960000
0.960000
0.960000
0.960000
0.960000
0.960000
0.960000
0.960000
0.960000
0.960000
0.960000
0.960000
0.960000
0.960000
0.960000
0.960000
0.960000
0.960000
0.960000
0.960000
0.960000
0.960000
0.960000
0.960000
0.960000
0.960000
0.960000
0.960000
0.960000
0.960000
0.960000
0.960000
0.960000
0.960000
0.960000
0.960000
0.960000
0.960000
0.960000
0.960000
0.960000
0.960000
0.960000
0.960000
0.960000
0.960000
0.960000
0.960000
0.960000
0.960000
0.960000
0.960000
0.960000
0.960000
0.960000
0.960000
0.960000
0.960000
0.960000
0.960000
0.960000
0.960000
0.960000
0.960000
0.960000
0.960000
0.960000
0.960000
0.960000
0.960000
0.960000
0.960000
0.960000
0.960000
0.962563
0.980502
0.980758
0.980758
0.980758
0.980758
0.980758
0.980758
0.980758
0.980758
0.980758
0.980758
0.980758
0.980758
0.980758
0.980758
0.980758
0.980758
0.980758
0.980758
0.980758
0.980758
0.980758
0.982039
0.984089
0.984858
0.989215
0.997416
1.005616
1.008948
1.006385
0.988446
0.988190
0.988446
0.988446
0.988446
0.988446
0.988446
1.003310
1.012792
1.025349
1.036369
1.047388
1.061996
1.087110
1.106331
1.129908
1.150153
1.166811
1.175780
1.184750
1.193719
1.202688
1.210120
1.217040
1.218321
1.215758
1.207558
1.220627
1.219859
1.219859
1.225753
1.231903
1.236516
1.236772
1.238054
1.239591
1.239591
1.224728
1.228316
1.223959
1.212939
1.201920
1.187312
1.162198
1.142977
1.119400
1.099155
1.084548
1.076347
1.069428
1.070453
1.061996
1.054564
1.045594
1.043544
1.042519
1.042519
1.021249
1.018686
1.018686
1.012792
1.025349
1.030731
1.040469
1.045082
1.049439
1.049951
1.054820
1.043032
1.039444
1.044569
1.047388
1.073528
1.104793
1.143490
1.177318
1.196025
1.195000
1.194744
1.194232
1.184237
1.183724
1.182443
1.182443
1.182443
1.181674
1.183468
1.184237
1.184237
1.184237
1.184237
1.165529
1.155278
1.145284
1.139390
1.133495
1.132983
1.128114
1.126832
1.122219
1.117094
1.114275
1.088135
1.056870
1.018173
0.984346
0.965638
0.969482
0.984089
0.997672
1.012792
1.028168
1.043288
1.058664
1.074041
1.088904
1.087367
1.086598
1.086598
1.086598
1.086598
1.086598
1.086598
1.086598
1.086598
1.086598
1.086598
1.086598
1.086598
1.086598
1.086598
1.086598
1.098130
1.114275
1.130420
1.146565
1.162710
1.173986
1.175267
1.175267
1.160404
1.145028
1.129908
1.114531
1.099155
1.084291
1.084035
1.088904
1.104024
1.119400
1.134520
1.149897
1.165273
1.180649
1.195769
1.207301
1.207301
1.207301
1.207301
1.207301
1.207301
1.207301
1.195769
1.194232
1.193463
1.192438
1.191669
1.190900
1.189619
1.189875
1.202688
1.202688
1.202688
1.202688
1.202688
1.202688
1.202688
1.197819
1.182699
1.167323
1.152203
1.136827
1.121451
1.106074
1.090954
1.079422
1.079422
1.080447
1.080447
1.080447
1.080447
1.082497
1.084804
1.070196
1.054820
1.039700
1.025093
1.009717
0.994597
0.979220
0.971788
0.985883
0.985883
0.985883
0.985883
0.985883
0.985883
0.985883
0.985883
0.985883
0.985883
0.985883
0.985883
0.985883
0.985883
0.985883
0.985883
0.985115
0.985115
0.985115
0.985115
0.983064
0.980758
0.980758
0.980758
0.981527
0.980758
0.981270
0.981527
0.981527
0.976914
0.962819
0.962819
0.962819
0.962819
0.962819
0.962819
0.962819
0.962819
0.962819
0.963588
0.963588
0.963588
0.963588
0.963588
0.963588
0.977170
0.977939
0.978451
0.978451
0.979220
0.979220
0.979220
0.979477
0.979477
0.978708
0.978708
0.978195
0.977939
0.977939
0.976914
0.976914
0.976914
0.976914
0.976914
0.976914
0.976914
0.976914
0.976914
0.977426
0.976658
0.976658
0.976658
0.976658
0.976658
0.976658
0.963075
0.963332
0.962819
0.962819
0.962050
0.962819
0.962819
0.962563
0.962563
0.962563
0.962563
0.963844
0.964357
0.964869
0.964869
0.964869
0.964869
0.964869
0.964869
0.964869
0.964869
0.964869
0.964869
0.964357
0.964357
0.964613
0.983577
0.984602
0.984602
0.984602
0.984602
0.984602
0.984602
0.984602
0.984602
0.983833
0.984089
0.984089
0.984089
0.984089
0.984089
0.982808
0.982296
0.981783
0.981783
0.981783
0.981783
0.981783
0.981783
0.981783
0.981783
0.981783
0.981783
0.981783
0.981783
0.981527
0.962563
0.961538
0.961538
0.961538
0.961538
0.960256
0.960256
0.960256
0.960256
0.960256
0.960000
0.960000
0.960000
0.960000
0.960000
0.960000
0.960000
0.961281
0.961281
0.961281
0.961281
0.961281
0.961281
0.961281
0.961281
0.961281
0.961281
0.961281
0.961281
0.961281
0.961281
0.961281
0.961281
0.961281
0.962050
0.962050
0.963588
0.963588
0.963588
0.963588
0.963588
0.963588
0.963588
0.963588
0.963588
0.963588
0.963588
0.962306
0.962306
0.962306
0.962306
0.962306
0.962306
0.962306
0.962306
0.962306
0.962306
0.962306
0.962306
0.962306
0.962306
0.962306
0.969482
0.980758
0.991009
1.010229
1.028168
1.039444
1.050720
1.061740
1.072759
1.084035
1.095055
1.106074
1.117350
1.128370
1.139390
1.150665
1.161685
1.170142
1.170142
1.170142
1.172961
1.172961
1.173730
1.173730
1.173730
1.173730
1.173730
1.173730
1.173730
1.173730
1.167067
1.155791
1.144771
1.125551
1.106843
1.095567
1.084291
1.073272
1.062252
1.050976
1.039956
1.028937
1.017661
1.006641
0.995622
0.984346
0.973326
0.964869
0.964869
0.964869
0.962050
0.962050
0.961281
0.961281
0.961281
0.961281
0.961281
0.961281
0.961281
0.961281
0.960769
0.960769
0.960769
0.960769
0.960000
0.960000
0.960000
0.960000
0.960000
0.960769
0.960769
0.960769
0.960769
0.960769
0.960769
0.960769
0.960769
0.960769
0.960769
0.960769
0.960769
0.960769
0.960769
0.960769
0.960769
0.960769
0.960769
0.960769
0.962563
0.962563
0.962563
0.962563
0.962563
0.962563
0.962563
0.962563
0.962563
0.962563
0.963075
0.962563
0.966663
0.966663
0.966663
0.966663
0.966663
0.966663
0.977170
0.994340
1.020992
1.030731
1.034319
1.052001
1.056358
1.070965
1.074809
1.074809
1.076603
1.077116
1.076347
1.080191
1.080447
1.080447
1.080447
1.080447
1.080447
1.080447
1.080447
1.080447
1.080191
1.079935
1.075834
1.075834
1.075834
1.075834
1.075834
1.075834
1.065327
1.048157
1.021505
1.011767
1.008179
1.003822
1.014073
0.999466
0.995622
0.995622
0.993828
0.993315
0.992290
0.988446
1.002797
1.021761
1.028424
1.028424
1.028424
1.028424
1.028424
1.028424
1.028168
1.028168
1.028168
1.028168
1.028168
1.028168
1.029449
1.029449
1.029449
1.029449
1.029449
1.029449
1.029449
1.016123
1.001516
1.001516
1.001516
1.001516
1.001516
1.001516
1.001516
1.001516
0.986908
0.967944
0.961281
0.961281
0.961281
0.961281
0.961281
0.961281
0.961281
0.961281
0.961281
0.961281
0.961281
0.961281
0.960000
0.960000
0.960769
0.960769
0.960769
0.960769
0.960769
0.960769
0.960769
0.960769
0.960769
0.960769
0.960769
0.960769
0.960769
0.960769
0.960769
0.960769
0.960769
0.960769
0.960769
0.960769
0.960769
0.960769
0.960769
0.960769
0.960769
0.960769
0.960769
0.975376
0.977426
0.977426
0.976658
0.976658
0.976658
0.976658
0.976658
0.976658
0.976658
0.976658
0.976658
0.976658
0.976658
0.977939
0.990240
0.990240
0.990240
0.990240
0.990240
0.990240
0.990240
0.990240
0.990240
0.990240
0.991009
0.991009
0.991009
0.991009
0.991009
0.976401
0.974351
0.974351
0.974351
0.974351
0.974351
0.974351
0.974351
0.974351
0.974351
0.974351
0.974351
0.974351
0.974351
0.973070
0.960769
0.960769
0.960769
0.960769
0.960769
0.960769
0.960769
0.961281
0.961281
0.961281
0.964100
0.964100
0.964869
0.964869
0.964869
0.964869
0.965382
0.965894
0.966919
0.966919
0.966919
0.966919
0.966919
0.966919
0.974095
0.986396
1.003053
1.008948
1.010742
1.010742
1.010742
1.010998
1.010998
1.010998
1.010998
1.010998
1.010998
1.010485
1.010485
1.010485
1.006898
1.006898
1.006129
1.006129
1.006129
1.006129
1.005616
1.005104
1.004079
1.004079
1.004079
1.004079
1.004079
1.004079
0.996903
0.984602
0.967944
0.962050
0.960256
0.960256
0.960256
0.960000
0.960000
0.960000
0.960000
0.960000
0.960000
0.960000
0.960000
0.960000
0.960000
0.960000
0.960000
0.960000
0.960000
0.960000
0.960000
0.960000
0.960000
0.960000
0.960000
0.960000
0.960000
0.960000
0.960000
0.960000
0.960000
0.960000
0.960000
0.960000
0.960000
0.960000
0.960000
0.960000
0.960000
0.960000
0.960000
0.960000
0.960000
0.960000
0.960000
0.960000
0.960000
0.960000
0.960000
0.960000
0.960000
0.960000
0.960000
0.960000
0.960000
0.960000
0.960000
0.960000
0.960000
0.960000
0.960000
0.960000
0.960000
0.960000
0.960000
0.960000
0.960000
0.960000
0.960000
0.960000
0.960000
0.960000
0.960000
0.960000
0.960000
0.960000
0.960000
0.972814
0.974095
0.974095
0.974095
0.974095
0.974095
0.974095
0.974095
0.974095
0.974095
0.974095
0.974095
0.974095
0.974095
0.974095
0.974095
0.974095
0.974095
0.974095
0.974607
0.974607
0.974607
0.976145
0.976145
0.981014
0.982552
1.001003
1.002797
1.005872
1.009460
0.998184
0.997159
0.997159
0.997159
0.997159
0.998441
0.998441
0.998697
0.998953
0.998953
0.999209
0.999209
0.999209
0.999209
0.999209
1.001516
1.001516
1.001516
1.001516
1.001516
1.001516
1.001516
0.999978
0.999978
0.995622
0.994084
0.975633
0.973839
0.979989
0.980758
0.981014
0.980758
0.980758
0.980758
0.980758
0.979477
0.979477
0.979220
0.978964
0.978964
0.978708
0.978708
0.980758
0.982039
0.982039
0.979733
0.979733
0.979733
0.979733
0.979220
0.979477
0.979477
0.981014
0.981014
0.981014
0.981014
0.981014
0.983833
0.975376
0.989215
0.991778
0.991778
0.991778
0.991778
0.991778
0.991778
0.991778
0.991778
0.991778
0.991778
0.991778
0.991778
0.989727
0.988446
0.988446
0.988446
0.988446
0.988446
0.988446
0.988446
0.988190
0.988190
0.986652
0.986652
0.986140
0.986140
0.986140
0.983321
0.982552
0.964357
0.960000
0.960000
0.960000
0.960000
0.960000
0.960000
0.960000
0.960000
0.960000
0.960000
0.960000
0.960000
0.960000
0.960000
0.960000
0.960000
0.960000
0.960000
0.960000
0.960000
0.960000
0.971020
0.981270
0.981270
0.984858
0.985371
1.002541
1.006129
1.006129
1.006129
1.006129
1.006129
1.006129
1.006129
1.006129
1.006129
1.006129
1.007154
1.007154
1.007154
1.007154
1.007154
1.007154
1.007154
1.007154
1.007154
1.007154
1.007154
1.007154
1.007154
1.007154
0.996134
0.985883
0.985883
0.982296
0.981783
0.964613
0.961025
0.961025
0.961025
0.961025
0.961025
0.969995
0.987934
1.003822
1.012792
1.022530
1.033806
1.043544
1.053539
1.065327
1.075578
1.084291
1.093261
1.102230
1.110944
1.119913
1.128626
1.137339
1.141952
1.141952
1.141952
1.141952
1.149640
1.157585
1.163223
1.163479
1.163479
1.163479
1.166042
1.176036
1.186287
1.187568
1.179880
1.174242
1.175524
1.176036
1.174499
1.179112
1.181418
1.180137
1.180137
1.181674
1.182956
1.179112
1.188850
1.186031
1.177318
1.168604
1.163992
1.163992
1.164248
1.164760
1.160916
1.152972
1.147334
1.147078
1.152203
1.157841
1.160148
1.151178
1.141183
1.130933
1.120682
1.110431
1.100180
1.089929
1.079166
1.064815
1.052514
1.042007
1.031756
1.021505
1.011254
1.006129
0.987677
0.981527
0.981527
0.981527
0.981527
0.981527
0.981270
0.980758
0.976914
0.976914
0.976914
0.976914
0.971788
0.966150
0.961281
0.960256
0.960000
0.960000
0.960000
0.960000
0.960000
0.960000
0.960000
0.960000
0.960000
0.960000
0.960000
0.960000
0.960000
0.960000
0.960000
0.960000
0.960000
0.960000
0.960000
0.960000
0.960000
0.960000
0.960000
0.960000
0.960000
0.960000
0.960000
0.960000
0.960000
0.960000
0.960000
0.960000
0.960000
0.960000
0.960000
0.960000
0.960000
0.960000
0.960000
0.960000
0.960000
0.960000
0.960000
0.960000
0.960000
0.960000
0.960000
0.960000
0.960000
0.960000
0.960000
0.960000
0.960000
0.960000
0.960000
0.960000
0.960000
0.960000
0.960000
0.960000
0.960000
0.960000
0.960000
0.960000
0.960000
0.960000
0.960000
0.960000
0.960000
0.960000
0.960000
0.960000
0.960000
0.960000
0.960000
0.960000
0.960000
0.960000
0.960000
0.960000
0.960000
0.960000
0.960000
0.960000
0.960000
0.960000
0.960000
0.960000
0.960000
0.960000
0.960000
0.960000
0.960000
0.960000
0.960000
0.960000
0.960000
0.960000
0.960000
0.960000
0.960000
0.960000
0.960000
0.960000
0.960000
0.960000
0.960000
0.960000
0.960000
0.960000
0.960000
0.960000
0.960000
0.960000
0.960000
0.960000
0.960000
0.960000
0.960000
0.960000
0.960000
0.960000
0.960000
0.960000
0.960000
0.960000
0.960000
0.960000
0.960000
0.960000
0.960000
0.960000
0.960000
0.960000
0.960000
0.960000
0.960000
0.960000
0.960000
0.960000
0.960000
0.960000
0.960000
0.960000
0.960000
0.960000
0.960000
0.960000
0.960000
0.960000
0.960000
0.960000
0.960000
0.960000
0.960000
0.960000
0.960000
0.960000
0.960000
0.960000
0.960000
0.960000
0.960000
0.960000
0.960000
0.960000
0.960000
0.960000
0.960000
0.960000
0.960000
0.960000
0.960000
0.960000
0.960000
0.960000
0.960000
0.960000
0.960000
0.960000
0.960000
0.960000
0.960000
0.960000
0.960000
0.960000
0.960000
0.960000
0.960000
0.960000
0.960000
0.960000
0.960000
0.960000
0.960000
0.960000
0.960000
0.960000
0.960000
0.960000
0.960000
0.960000
0.960000
0.960000
0.960000
0.960000
0.960000
0.960000
0.960000
0.960000
0.960000
0.960000
0.960000
0.960000
0.960000
0.960000
0.960000
0.960000
0.960000
0.960000
0.960000
0.960000
0.960000
0.960000
0.960000
0.960000
0.960000
0.960000
0.960000
0.960000
0.960000
0.960000
0.960000
0.960000
0.960000
0.960000
0.960000
0.960000
0.960000
0.960000
0.960000
0.960000
0.960000
0.960000
0.960000
0.960000
0.960000
0.960000
0.960000
0.960000
0.960000
0.960000
0.960000
0.960000
0.960000
0.960000
0.960000
0.960000
0.960000
0.960000
0.960000
0.960000
0.960000
0.960000
0.960000
0.960000
0.960000
0.960000
0.960000
0.960000
0.960000
0.960000
0.960000
0.960000
0.960000
0.960000
0.960000
0.960000
0.960000
0.960000
0.960000
0.960000
0.960000
0.960000
0.960000
0.960000
0.960000
0.960000
0.960000
0.960000
0.960000
0.960000
0.960000
0.960000
0.960000
0.960000
0.960000
0.960000
0.960000
0.960000
0.960000
0.960000
0.960000
0.960000
0.960000
0.960000
0.960000
0.960000
0.960000
0.960000
0.960000
0.960000
0.960000
0.960000
0.960000
0.960000
0.960000
0.960000
0.960000
0.960000
0.960000
0.960000
0.960000
0.960000
0.960000
0.960000
0.960000
0.960000
0.960000
0.960000
0.960000
0.960000
0.960000
0.960000
0.960000
0.960000
0.960000
0.960000
0.960000
0.960000
0.960000
0.960000
0.960000
0.960000
0.960000
0.960000
0.960000
0.960000
0.960000
0.960000
0.960000
0.960000
0.960000
0.960000
0.973839
0.989215
1.010229
1.024068
1.033037
1.042007
1.050976
1.059946
1.068915
1.077628
1.089673
1.098643
1.107356
1.116325
1.125551
1.134520
1.143234
1.152203
1.161685
1.187825
1.198076
1.204482
1.208070
1.216527
1.224984
1.233185
1.234722
1.239848
1.250611
1.261631
1.258555
1.258555
1.255993
1.253174
1.255224
1.258555
1.262143
1.264193
1.266500
1.265987
1.253943
1.244973
1.237029
1.228059
1.218834
1.209864
1.201151
1.192181
1.183981
1.162710
1.160916
1.157072
1.154510
1.151178
1.159635
1.153997
1.152972
1.147847
1.137083
1.126576
1.115813
1.100436
1.081985
1.074041
1.063533
1.064815
1.058664
1.053539
1.048157
1.043544
1.043544
1.048157
1.048413
1.049439
1.049439
1.049439
1.049695
1.050207
1.048926
1.044057
1.035600
1.033037
1.032012
1.032781
1.029706
1.027655
1.040469
1.053283
1.058921
1.059946
1.059946
1.059946
1.059946
1.056870
1.056358
1.042775
1.036625
1.034831
1.033550
1.030218
1.030218
1.025605
1.024580
1.023555
1.023555
1.023555
1.023299
1.022786
1.023043
1.023043
1.023043
1.023043
1.023043
1.017148
1.003310
1.002797
0.989471
0.976658
0.971020
0.969482
0.969482
0.969482
0.969482
0.969482
0.969482
0.969482
0.969482
0.965382
0.960769
0.960513
0.960513
0.960513
0.960513
0.960513
0.960513
0.960769
0.960769
0.960769
0.960513
0.960513
0.960513
0.960513
0.960513
0.960513
0.960513
0.960513
0.960513
0.960513
0.960513
0.960513
0.960513
0.960513
0.960513
0.960513
0.960513
0.960513
0.960256
0.960256
0.960256
0.960256
0.960256
0.960256
0.960256
0.960256
0.960256
0.960000
0.960000
0.960000
0.960000
0.960000
0.960000
0.960000
0.960000
0.960000
0.960000
0.960000
0.960000
0.960256
0.960256
0.960256
0.960256
0.960256
0.960256
0.960256
0.960256
0.960256
0.960256
0.960256
0.960256
0.960256
0.960256
0.960256
0.960256
0.960256
0.960256
0.960256
0.960256
0.960256
0.960256
0.960256
0.960256
0.960256
0.960256
0.960256
0.960256
0.960256
0.960256
0.960000
0.960000
0.960000
0.960000
0.960000
0.960000
0.960000
0.960000
0.960000
0.964613
0.974095
0.974095
0.974095
0.974095
0.974095
0.976145
0.976145
0.978195
0.978195
0.978195
0.978195
0.978195
0.983833
0.983833
0.983833
0.983833
0.985371
0.985371
0.985371
0.985371
0.985371
0.985371
0.985371
0.985371
0.985371
0.985371
0.985371
0.985371
0.985371
0.980758
0.971276
0.971276
0.971276
0.971276
0.971276
0.969226
0.969226
0.967176
0.967176
0.967176
0.967176
0.967176
0.961538
0.961538
0.961538
0.963588
0.962819
0.962819
0.962819
0.962819
0.962819
0.962819
0.962819
0.962819
0.962819
0.962819
0.962819
0.962819
0.962819
0.962819
0.962819
0.963588
0.977170
0.977170
0.977170
0.977170
0.977170
0.977170
0.977170
0.977170
0.977170
0.977170
0.977170
0.977426
0.977426
0.975376
0.974607
0.976401
0.976401
0.976401
0.976401
0.976401
0.976401
0.976401
0.977683
0.977683
0.977683
0.977683
0.977683
0.977683
0.977683
0.976914
0.963332
0.973839
0.974095
0.974095
0.974095
0.974095
0.974095
0.974095
0.974095
0.974095
0.974095
0.973839
0.973839
0.973839
0.973839
0.972045
0.972045
0.972045
0.972045
0.972045
0.972045
0.973326
0.972045
0.972045
0.972045
0.972045
0.972045
0.972045
0.972045
0.972045
0.972045
0.961538
0.961281
0.961281
0.961281
0.961281
0.961281
0.961281
0.961281
0.961281
0.962050
0.962050
0.962050
0.962050
0.962050
0.962050
0.962050
0.962050
0.962050
0.962050
0.962819
0.961538
0.961538
0.961538
0.961538
0.961538
0.961538
0.961538
0.961538
0.961538
0.961538
0.961538
0.961538
0.961538
0.961538
0.961538
0.961538
0.961538
0.961538
0.961538
0.960769
0.960769
0.960769
0.960769
0.960769
0.960769
0.960769
0.960769
0.960769
0.960769
0.960000
0.960000
0.960000
0.960000
0.960000
0.960000
0.960000
0.960000
0.960000
0.960000
0.960000
0.960000
0.960000
0.960000
0.960000
0.960000
0.960000
0.960000
0.960000
0.967688
0.980502
0.980502
0.980502
0.981270
0.981270
0.981270
0.981270
0.981270
0.985883
0.992290
0.998953
1.005360
1.012023
1.014329
1.015611
1.017148
1.018430
1.027655
1.037650
1.047388
1.060458
1.073015
1.080447
1.091467
1.091467
1.093005
1.095824
1.096849
1.096849
1.090442
1.077628
1.077628
1.077628
1.080191
1.086342
1.087367
1.087367
1.087367
1.082754
1.076347
1.069684
1.063277
1.056614
1.054308
1.053026
1.051489
1.050464
1.041238
1.031243
1.023299
1.010229
0.998697
0.991265
0.980245
0.980502
0.979733
0.976914
0.975889
0.975889
0.989471
0.990240
0.990240
0.990240
0.986908
0.980758
0.979733
0.979733
0.979733
0.979733
0.979733
0.979733
0.979733
0.979733
0.979733
0.979733
0.979733
0.979733
0.981527
0.983321
0.984346
0.994084
1.009460
1.009460
1.015611
1.019455
1.018686
1.019199
1.046876
1.077885
1.094030
1.104024
1.104793
1.105562
1.105562
1.105562
1.110944
1.120938
1.120938
1.120938
1.120938
1.120938
1.120938
1.120938
1.120938
1.120938
1.120938
1.120682
1.122476
1.120938
1.118119
1.108381
1.091979
1.091979
1.085829
1.081729
1.081729
1.081216
1.053539
1.022530
0.991521
0.980758
0.979989
0.979220
0.979220
0.979220
0.973839
0.963844
0.963844
0.963844
0.963844
0.963844
0.963844
0.963844
0.963844
0.963844
0.963844
0.963844
0.960256
0.962050
0.975376
0.981527
0.981527
0.981527
0.981527
0.981527
0.981527
0.981527
0.986140
0.993315
0.993315
0.993315
0.993315
0.993315
0.993315
0.993315
0.993315
0.993315
0.993315
0.993315
0.993315
0.994340
0.994340
0.994340
0.994340
0.994340
0.994340
0.994340
0.994340
0.992290
0.978964
0.972814
0.972814
0.972814
0.972814
0.972814
0.972814
0.972814
0.968201
0.961025
0.961025
0.961025
0.961025
0.961025
0.961025
0.961025
0.961025
0.961025
0.961025
0.961025
0.961025
0.960000
0.960000
0.960000
0.960256
0.972557
0.972557
0.972557
0.972557
0.972557
0.972557
0.972557
0.972557
0.972557
0.972557
0.972557
0.972557
0.972557
0.972557
0.972557
0.972557
0.972557
0.972557
0.981270
0.993059
1.018942
1.031243
1.042263
1.053539
1.064558
1.075578
1.086598
1.097617
1.108637
1.119400
1.118119
1.129139
1.140158
1.151434
1.162454
1.173474
1.179112
1.179112
1.179112
1.181162
1.181674
1.181674
1.181674
1.181674
1.181674
1.181674
1.181674
1.181931
1.174755
1.162966
1.137083
1.124782
1.113762
1.104280
1.095055
1.084035
1.073015
1.061996
1.050976
1.039956
1.028937
1.017917
1.006898
0.995622
0.984602
0.973582
0.967944
0.967944
0.967944
0.965894
0.965382
0.966663
0.966663
0.966663
0.968969
0.978195
0.978195
0.977939
0.976401
0.976401
0.976401
0.976401
0.976401
0.974607
0.972814
0.972814
0.990240
0.992034
0.992290
0.992290
0.992290
0.992290
0.992290
0.992546
0.995109
0.995109
0.995109
0.995109
0.995109
0.995109
0.995878
0.994597
0.994597
0.994597
0.993828
0.985115
0.986396
0.986396
0.986396
0.988190
0.990496
0.992803
0.992803
0.992803
0.992803
0.992803
0.975376
0.973582
0.973326
0.973326
0.973326
0.973326
0.973839
0.984602
0.985371
0.989727
0.989727
0.991521
0.991521
0.992290
0.995878
1.007666
1.025605
1.025605
1.024580
1.025605
1.024324
1.024324
1.025605
1.023811
1.022018
1.021249
1.021249
1.021505
1.021505
1.026374
1.042775
1.043032
1.043032
1.043032
1.054564
1.074041
1.077116
1.066096
1.062765
1.058408
1.058408
1.056614
1.056614
1.055845
1.051489
1.039700
1.021761
1.021761
1.021249
1.019711
1.019711
1.019711
1.018430
1.018430
1.017917
1.016380
1.016380
1.016123
1.016123
1.011254
0.994853
0.994597
0.994597
0.994597
0.983064
0.963588
0.960000
0.960000
0.960000
0.960000
0.960000
0.960000
0.960000
0.960000
0.960000
0.960000
0.960000
0.960000
0.960000
0.960000
0.960000
0.960000
0.960000
0.960000
0.960000
0.960000
0.960000
0.960000
0.960000
0.960000
0.960000
0.960000
0.960000
0.960000
0.960000
0.960000
0.960000
0.960000
0.960000
0.960000
0.960000
0.960000
0.960000
0.960000
0.960000
0.960000
0.960000
0.960000
0.960000
0.960000
0.960000
0.960000
0.960000
0.960000
0.960000
0.960000
0.960000
0.960000
0.960000
0.960000
0.960000
0.960000
0.960000
0.960000
0.960000
0.960000
0.960000
0.960000
0.960000
0.960000
0.960000
0.960000
0.960000
0.960000
0.960000
0.960000
0.960000
0.960000
0.960000
0.960000
0.960000
0.960000
0.960000
0.960000
0.960000
0.960000
0.960000
0.960000
0.960000
0.960000
0.960000
0.960000
0.960000
0.960000
0.960000
0.960000
0.960000
0.960000
0.960000
0.960000
0.960000
0.960000
0.960513
0.961538
0.965125
0.983577
0.991521
0.991521
0.991521
0.991521
0.991778
0.992034
0.993315
0.993315
0.993315
0.993315
0.993315
0.993315
0.993315
0.993315
0.993315
0.993315
0.993315
0.993315
0.993315
0.993315
0.997672
1.014842
1.014842
1.015611
1.018942
1.019199
1.021761
1.020736
1.017148
0.998697
0.990752
0.990752
1.001772
1.004079
1.003822
1.003566
1.002285
1.002285
1.002285
1.002285
1.002285
1.002285
1.002285
1.002285
1.002285
1.002285
1.002285
1.002285
1.002285
1.002285
0.997928
0.980758
0.980758
0.979989
0.976658
0.976401
0.973326
0.973326
0.973326
0.973326
0.973326
0.973326
0.962306
0.960000
0.960000
0.960000
0.960000
0.960000
0.960000
0.960000
0.960000
0.960000
0.960000
0.960000
0.960000
0.960000
0.960000
0.960000
0.960000
0.960000
0.960000
0.960000
0.963588
0.972301
0.980758
0.980758
0.980758
0.995109
1.001260
1.004335
1.005104
1.005104
1.005104
1.005104
1.005104
1.005104
1.005104
1.005104
1.005104
1.005104
1.005104
1.005104
1.007666
1.024837
1.024837
1.024837
1.024837
1.024837
1.024837
1.024837
1.024837
1.024837
1.021249
1.012536
1.004079
1.004079
1.004079
0.989727
0.983577
0.980502
0.979733
0.979733
0.979733
0.979733
0.979733
0.979733
0.979733
0.979733
0.987677
0.990496
0.990496
0.990496
0.987934
0.970763
0.970763
0.970763
0.970763
0.970763
0.970763
0.970763
0.974351
0.974864
0.974864
0.974864
0.974864
0.974864
0.974864
0.974864
0.974864
0.974864
0.974864
0.975120
0.975120
0.975120
0.975376
0.975376
0.975376
0.976145
0.968201
0.965382
0.965382
0.965382
0.966150
0.975376
0.975376
0.975376
0.975376
0.975376
0.975376
0.975376
0.971788
0.971276
0.973070
0.980502
0.980502
0.980502
0.980502
0.980502
0.980502
0.980502
0.980502
0.980245
0.980245
0.980245
0.979989
0.987934
0.989215
1.010998
1.014073
1.023811
1.029449
1.032781
1.035087
1.025862
1.025862
1.025862
1.026374
1.026374
1.028681
1.034319
1.034319
1.034319
1.032525
1.025093
1.025093
1.025093
1.025093
1.025093
1.025093
1.025093
1.025093
1.025093
1.025093
1.025093
1.025093
1.017148
1.017661
0.995109
0.992034
0.982296
0.976658
0.973326
0.970251
0.970251
0.970251
0.970251
0.969738
0.969738
0.967432
0.961794
0.961794
0.961794
0.961794
0.961794
0.961794
0.961794
0.961794
0.961794
0.961794
0.961794
0.961794
0.961794
0.961794
0.961794
0.961794
0.961794
0.960000
0.960000
0.960000
0.960000
0.960000
0.960000
0.960000
0.960000
0.960000
0.960000
0.960000
0.960000
0.960000
0.960000
0.960000
0.960000
0.960000
0.960000
0.960000
0.960000
0.960000
0.960000
0.960000
0.960000
0.960000
0.960000
0.960000
0.974351
0.980245
0.986140
0.992034
0.997928
1.003566
1.009460
1.015098
1.024324
1.029706
1.029706
1.029706
1.029706
1.029706
1.029706
1.029706
1.029706
1.029706
1.029706
1.029706
1.029706
1.029706
1.029706
1.029706
1.029706
1.029706
1.029706
1.029706
1.029706
1.029706
1.015354
1.009460
1.003566
0.997672
0.991778
0.986140
0.980245
0.974607
0.965382
0.960000
0.960000
0.960000
0.960000
0.960000
0.960000
0.960000
0.960000
0.960000
0.960000
0.960000
0.960000
0.960000
0.960000
0.960000
0.960000
0.960000
0.960000
0.960000
0.960000
0.960000
0.960000
0.960000
0.960000
0.960000
0.960000
0.960000
0.960000
0.960000
0.960000
0.960000
0.960000
0.960000
0.960000
0.960000
0.960000
0.960000
0.960000
0.960000
0.960000
0.960000
0.960000
0.960000
0.960000
0.960000
0.960000
0.960000
0.960000
0.960000
0.960000
0.960000
0.960000
0.960000
0.960000
0.960000
0.960000
0.960000
0.960000
0.960000
0.960000
0.960000
0.960000
0.960000
0.960000
0.960000
0.960000
0.960000
0.960000
0.960000
0.960000
0.960000
0.960000
0.960000
0.960000
0.960000
0.960000
0.960000
0.960000
0.960000
0.960000
0.960000
0.960000
0.960000
0.960000
0.960000
0.960000
0.960000
0.960000
0.960000
0.960000
0.960000
0.960000
0.960000
0.960000
0.960000
0.960000
0.960000
0.960000
0.960000
0.960000
0.960000
0.960000
0.960000
0.960000
0.960000
0.960000
0.960000
0.960000
0.960000
0.960000
0.960000
0.960000
0.960000
0.960000
0.960000
0.960000
0.960000
0.960000
0.960000
0.960000
0.960000
0.960000
0.960000
0.960000
0.960000
0.960000
0.960000
0.960000
0.960000
0.960000
0.960000
0.960000
0.960000
0.960000
0.960000
0.960000
0.960000
0.960000
0.960000
0.960000
0.960000
0.960000
0.960000
0.960000
0.960000
0.960000
0.960000
0.960000
0.960000
0.960000
0.960000
0.960000
0.960000
0.960000
0.960256
0.960256
0.960256
0.960256
0.960256
0.960256
0.960256
0.960256
0.960256
0.960256
0.960256
0.960256
0.960256
0.960256
0.960256
0.960256
0.960256
0.960256
0.960256
0.960256
0.960256
0.960256
0.960256
0.960256
0.960256
0.960256
0.960256
0.960256
0.960256
0.960256
0.960000
0.960000
0.960000
0.960000
0.960000
0.960000
0.960000
0.960000
0.960000
0.960000
0.960000
0.960000
0.960000
0.960000
0.960000
0.960000
0.960000
0.960000
0.960000
0.960000
0.960000
0.960000
0.960000
0.960000
0.976401
0.980245
0.980245
0.980245
0.980245
0.980245
0.980245
0.980245
0.980245
0.980245
0.980245
0.980245
0.980245
0.980245
0.980245
0.980245
0.980245
0.980245
0.980245
0.980245
0.980245
0.980245
0.980245
0.980245
0.980245
0.980245
0.980245
0.980245
0.980245
0.980245
0.963844
0.960000
0.960000
0.960000
0.960000
0.960000
0.960000
0.960000
0.960000
0.960000
0.960256
0.960256
0.960256
0.960256
0.960256
0.960256
0.960256
0.960256
0.960256
0.960256
0.960256
0.960256
0.960256
0.960256
0.960513
0.960513
0.960513
0.960513
0.960513
0.960513
0.960513
0.960513
0.960513
0.960513
0.960513
0.960513
0.960513
0.960513
0.960513
0.960513
0.960256
0.960256
0.960256
0.960256
0.960256
0.960256
0.960256
0.960256
0.960256
0.960256
0.960256
0.960256
0.960256
0.960256
0.960000
0.960000
0.960000
0.960000
0.960000
0.960000
0.960000
0.960000
0.960256
0.960513
0.960513
0.960513
0.960513
0.960513
0.960513
0.960513
0.960513
0.960513
0.960513
0.960513
0.960513
0.960513
0.960513
0.960769
0.960769
0.960769
0.960769
0.960769
0.960769
0.960769
0.960769
0.960769
0.960769
0.960769
0.960769
0.960769
0.960769
0.960769
0.960513
0.960256
0.960256
0.960256
0.960256
0.960256
0.960256
0.960256
0.960256
0.960256
0.960256
0.960256
0.960256
0.960256
0.960256
0.960000
0.960000
0.960000
0.960000
0.960000
0.960000
0.960000
0.960000
0.962050
0.980245
0.984858
0.985371
0.985371
0.985371
0.985371
0.985371
0.985371
0.986140
0.986140
0.986140
0.986140
0.986140
0.986140
0.986140
0.986140
0.986140
1.002541
1.008691
1.009717
1.009717
1.009717
1.009717
1.009717
1.009973
1.012279
1.012279
1.012279
1.012279
1.010229
0.992034
0.987421
0.986908
0.986908
0.986908
0.986908
0.999978
1.002797
1.002028
1.002028
1.002028
1.002028
1.002028
1.002028
1.002028
1.002028
1.002028
0.985627
0.979477
0.978451
0.978451
0.980502
0.980502
0.980502
0.980245
0.977939
0.977939
0.977939
0.977939
0.977939
0.977939
0.977939
0.977939
0.977939
0.977939
0.977939
0.965894
0.982296
0.982808
0.982808
0.983833
0.983833
0.983833
0.983833
0.983833
0.983833
0.984346
0.984346
0.984346
0.984346
0.984346
0.982296
0.982296
0.982296
0.982296
0.982296
0.982296
0.982296
0.982296
0.982296
0.982296
0.982296
0.982296
0.982296
0.982296
0.982808
0.981783
0.962563
0.962050
0.962050
0.961025
0.961025
0.983577
0.995365
0.995365
0.995365
0.994853
0.994853
0.995109
0.995109
0.995109
0.995109
0.995109
0.995109
0.995365
0.999978
1.000235
1.000235
1.000235
1.000491
1.001260
1.001260
1.001260
1.001260
1.001260
1.000747
1.000747
1.000747
1.003566
1.012023
1.012023
1.012023
0.989471
0.977683
0.977683
0.977683
0.977683
0.977683
0.977426
0.977426
0.977426
0.977426
0.977426
0.977426
0.977170
0.972557
0.972301
0.972301
0.972301
0.972045
0.971276
0.971276
0.971276
0.971276
0.971276
0.971276
0.971276
0.971276
0.968457
0.960000
0.960000
0.960000
0.960000
0.960000
0.960000
0.960000
0.960000
0.960000
0.960000
0.960000
0.960000
0.960000
0.960000
0.960000
0.960000
0.960000
0.960000
0.960000
0.960000
0.960000
0.960000
0.960000
0.960000
0.960000
0.960000
0.960000
0.960000
0.960000
0.960000
0.960000
0.960000
0.960000
0.960000
0.960000
0.960000
0.970763
0.972557
0.972557
0.984602
0.995622
1.005872
1.016380
1.027655
1.037906
1.049439
1.059689
1.069940
1.080191
1.091467
1.101718
1.111969
1.122476
1.133495
1.143746
1.153997
1.164248
1.174499
1.184493
1.194744
1.205251
1.215502
1.225753
1.235747
1.237029
1.237798
1.228316
1.228059
1.233953
1.222421
1.211402
1.201151
1.190644
1.179368
1.169117
1.157585
1.147334
1.137083
1.126832
1.115556
1.105306
1.095055
1.084548
1.073528
1.063277
1.053026
1.042775
1.054051
1.044826
1.034575
1.024068
1.013817
1.003566
0.993571
0.995622
1.000747
1.005360
1.009973
1.009973
1.015611
1.020992
1.030474
1.039188
1.048157
1.056614
1.061996
1.068659
1.073015
1.075322
1.083779
1.086854
1.086854
1.086854
1.086854
1.086854
1.086854
1.089417
1.070709
1.069940
1.070709
1.077628
1.079422
1.085060
1.086342
1.084035
1.080960
1.075066
1.068915
1.063021
1.069171
1.073784
1.064302
1.055589
1.046620
1.038163
1.032781
1.026118
1.021761
1.019967
1.011767
1.008691
1.008691
1.008691
1.008691
1.008691
1.008691
1.006129
1.003310
1.003310
1.002541
0.995622
0.993828
0.988190
0.986908
0.985883
0.983064
0.983064
0.983064
0.983064
0.970763
0.960769
0.960769
0.960769
0.960769
0.960769
0.960769
0.960769
0.960769
0.965894
0.968201
0.968201
0.968201
0.968201
0.968201
0.969226
0.969226
0.969226
0.969226
0.970507
0.977170
0.978964
0.978964
0.978964
0.978964
0.978964
0.978964
0.978964
0.978964
0.978964
0.978964
0.978964
0.980758
0.981783
0.982039
0.983064
0.983064
0.983064
0.983833
0.978195
0.975633
0.975633
0.975633
0.977939
0.977939
0.976914
0.976914
0.976914
0.976914
0.975633
0.968969
0.967176
0.967176
0.967176
0.967176
0.967176
0.967176
0.967176
0.967176
0.967176
0.967176
0.967176
0.965382
0.964357
0.964100
0.963075
0.963075
0.963844
0.963075
0.965638
0.966919
0.969226
0.969226
0.966919
0.966919
0.970251
0.971788
0.971788
0.971788
0.971788
0.971788
0.971788
0.972301
0.989984
1.001260
1.015354
1.026374
1.037906
1.050720
1.054308
1.054308
1.054820
1.055076
1.055589
1.075578
1.076347
1.076603
1.080191
1.085829
1.088648
1.101461
1.100180
1.100180
1.100180
1.100180
1.096849
1.095311
1.095311
1.095311
1.095311
1.095311
1.095311
1.094798
1.077116
1.065840
1.051745
1.040725
1.029193
1.016380
1.018686
1.030987
1.056870
1.068403
1.078910
1.069940
1.080447
1.091211
1.098130
1.103512
1.109150
1.106074
1.116325
1.127345
1.129651
1.129908
1.129908
1.130164
1.132214
1.132983
1.132983
1.132983
1.132983
1.133239
1.133239
1.133239
1.133239
1.133239
1.133239
1.133239
1.127345
1.115044
1.089417
1.077885
1.066865
1.055845
1.044569
1.033550
1.022274
1.028168
1.019711
1.008691
0.997416
0.986396
0.984089
0.983833
0.983833
0.983577
0.981527
0.980758
0.980758
0.980758
0.980758
0.980502
0.980502
0.980502
0.980502
0.980502
0.980502
0.980502
0.980502
0.980502
0.979733
0.979477
0.979477
0.979477
0.979989
0.979989
0.979989
0.963075
0.960513
0.960513
0.960513
0.972557
0.974095
0.974095
0.974095
0.974095
0.974095
0.974095
0.974095
0.974095
0.974095
0.974095
0.974095
0.974095
0.974095
0.974095
0.974095
0.974095
0.974095
0.974095
0.974095
0.974095
0.974095
0.974095
0.973582
0.973582
0.973582
0.973582
0.973582
0.973582
0.973582
0.961538
0.960000
0.960000
0.960000
0.960000
0.960000
0.960000
0.960000
0.960000
0.960000
0.960000
0.960000
0.960000
0.960000
0.960000
0.960000
0.960000
0.960000
0.960000
0.960000
0.960000
0.960000
0.960000
0.960000
0.960000
0.960000
0.960000
0.960000
0.960000
0.960000
0.960000
0.960000
0.960000
0.960000
0.960000
0.960000
0.960000
0.960000
0.960000
0.960000
0.960000
0.960000
0.960000
0.960000
0.960000
0.960000
0.960000
0.960000
0.960000
0.960000
0.960000
0.960000
0.960000
0.960000
0.960000
0.960000
0.960000
0.960000
0.960000
0.960000
0.960000
0.960000
0.960000
0.960000
0.960000
0.960000
0.960000
0.960000
0.960000
0.960000
0.960000
0.960000
0.960000
0.960000
0.960000
0.960000
0.960000
0.960000
0.960000
0.960000
0.960000
0.960000
0.960000
0.960000
0.960000
0.960000
0.960000
0.960000
0.960000
0.960000
0.960000
0.960000
0.960513
0.960513
0.960513
0.960513
0.960513
0.960513
0.960513
0.967944
0.973839
0.973839
0.973839
0.973839
0.973839
0.973839
0.973839
0.974607
0.974607
0.974607
0.974607
0.974607
0.974607
0.974607
0.974607
0.974607
0.974607
0.974607
0.975633
0.975633
0.975633
0.975633
0.975120
0.975120
0.978451
0.989727
0.989727
0.989727
0.989727
0.982296
0.976401
0.976401
0.976401
0.976401
0.976401
0.976401
0.976401
0.975633
0.975633
0.975633
0.975633
0.975633
0.975633
0.975633
0.975633
0.975633
0.975633
0.975633
0.974607
0.974607
0.974607
0.974607
0.974607
0.974607
0.971276
0.960000
0.960000
0.960000
0.960000
0.960000
0.960000
0.960000
0.960000
0.960000
0.960000
0.960000
0.960000
0.960000
0.960000
0.960000
0.960000
0.960000
0.960000
0.960000
0.960000
0.960000
0.960000
0.960000
0.960000
0.960000
0.960000
0.960000
0.960000
0.960000
0.960000
0.960000
0.960000
0.960000
0.960000
0.960000
0.960000
0.960000
0.960000
0.960000
0.960000
0.960000
0.960000
0.960000
0.960000
0.960000
0.960000
0.960000
0.960000
0.960000
0.960000
0.960000
0.960000
0.960000
0.960000
0.960000
0.960000
0.960000
0.960000
0.960000
0.960000
0.960000
0.960000
0.960769
0.960769
0.960769
0.960769
0.960769
0.960769
0.960769
0.960769
0.960769
0.960769
0.960769
0.960769
0.960769
0.960769
0.960769
0.960769
0.960769
0.961281
0.961281
0.961281
0.961281
0.961281
0.961281
0.961281
0.961281
0.961281
0.961281
0.961281
0.961281
0.961281
0.960513
0.960513
0.960513
0.960513
0.960513
0.960513
0.960513
0.960513
0.960513
0.960513
0.960513
0.960513
0.960513
0.960513
0.960513
0.960513
0.960513
0.960769
0.960769
0.960769
0.960769
0.960769
0.960769
0.960769
0.960769
0.960769
0.960769
0.960769
0.960769
0.960769
0.960769
0.960769
0.960769
0.960769
0.960769
0.960769
0.960769
0.960769
0.960769
0.960769
0.960769
0.960769
0.960769
0.960769
0.960769
0.960769
0.960769
0.960000
0.960000
0.960000
0.960000
0.960000
0.960000
0.960000
0.960000
0.960000
0.960000
0.960000
0.970763
0.979989
0.979989
0.979989
0.979989
0.979989
0.979989
0.979989
0.979989
0.979989
0.979989
0.979989
0.979989
0.979989
0.979989
0.979989
0.979989
0.979989
0.979989
0.979989
0.979989
0.979989
0.979989
0.979989
0.979989
0.979989
0.979989
0.979989
0.979989
0.979989
0.969226
0.961538
0.961538
0.962050
0.963075
0.963075
0.963075
0.963075
0.969226
0.971788
0.972045
0.972301
0.972301
0.974351
0.992803
0.994084
0.994084
0.994084
0.994084
0.994084
0.994084
0.994084
0.994084
0.994084
0.994084
0.994084
0.994853
0.994853
0.994853
0.994853
0.994853
0.993315
0.993315
0.992803
0.991778
0.992546
0.992546
0.992546
0.986396
0.983833
0.986652
0.995109
0.996320
0.995420
0.976230
0.975376
0.975991
0.976658
0.977382
0.978172
0.979037
0.979989
0.981041
0.982210
0.983517
0.984986
