0.960000
0.960000
0.960000
0.960000
0.960000
0.960000
0.960000
0.960000
0.960000
0.960000
0.960000
0.960000
0.960000
0.960000
0.960000
0.960000
0.960000
0.960000
0.960000
0.960000
0.960000
0.960000
0.960000
0.960000
0.960000
0.960000
0.960000
0.960000
0.960000
0.960000
0.960000
0.960000
0.960000
0.960000
0.960000
0.960000
0.960000
0.960000
0.960000
0.960000
0.960000
0.960000
0.960000
0.960000
0.960000
0.960000
0.960000
0.960000
0.960000
0.960000
0.960000
0.960000
0.960000
0.960000
0.960000
0.960000
0.960000
0.960000
0.960000
0.960000
0.960000
0.960000
0.960000
0.960000
0.960000
0.960000
0.960000
0.960000
0.960000
0.960000
0.960000
0.960000
0.960000
0.960000
0.960000
0.960000
0.960000
0.960000
0.960000
0.960000
0.960000
0.960000
0.960000
0.960000
0.960000
0.960000
0.960000
0.960000
0.960000
0.960000
0.960000
0.960000
0.960000
0.960000
0.960000
0.960000
0.960000
0.960000
0.960000
0.960000
0.960000
0.960000
0.960000
0.960000
0.960000
0.960000
0.960000
0.960000
0.960000
0.960000
0.960000
0.960000
0.960000
0.960000
0.960000
0.960000
0.960000
0.960000
0.960000
0.960000
0.960000
0.960000
0.960000
0.960000
0.960000
0.960000
0.960000
0.960000
0.960000
0.960000
0.960000
0.960000
0.960000
0.960000
0.960000
0.960000
0.960000
0.960000
0.960000
0.960000
0.960000
0.960000
0.960000
0.960000
0.960000
0.960000
0.960000
0.960000
0.960000
0.960000
0.960512
0.960512
0.960512
0.960512
0.960512
0.960512
0.960512
0.960512
0.960512
0.960512
0.960512
0.960512
0.960512
0.960512
0.960512
0.960512
0.960512
0.960512
0.960512
0.960512
0.960512
0.960512
0.960512
0.960512
0.960512
0.960512
0.960512
0.960512
0.960512
0.960512
0.960000
0.960000
0.960000
0.960000
0.960000
0.960000
0.960000
0.960000
0.960000
0.960000
0.960000
0.960000
0.960000
0.960000
0.960000
0.960000
0.960000
0.960000
0.960000
0.960000
0.960000
0.960000
0.960000
0.960000
0.960000
0.960000
0.960000
0.960000
0.960000
0.960000
0.960000
0.960000
0.960000
0.960000
0.960000
0.960000
0.960000
0.960000
0.960000
0.960000
0.960000
0.960000
0.960000
0.960000
0.960000
0.960000
0.960000
0.960000
0.960000
0.960000
0.960000
0.960000
0.960000
0.960000
0.960000
0.960000
0.960000
0.960000
0.960000
0.960000
0.960000
0.960000
0.960000
0.960000
0.960000
0.960000
0.960000
0.960000
0.960000
0.960000
0.960000
0.960000
0.960000
0.960000
0.960000
0.960000
0.960000
0.960000
0.960000
0.960000
0.960000
0.960000
0.960000
0.960000
0.960000
0.960000
0.960000
0.960000
0.960000
0.960000
0.960000
0.960000
0.960000
0.960000
0.960000
0.960000
0.960000
0.960000
0.960000
0.960000
0.960000
0.960000
0.960000
0.960000
0.960000
0.960000
0.984054
0.984054
0.984054
0.984566
0.984566
0.984566
0.984566
0.984566
0.984566
0.984566
0.984566
0.984566
0.984566
0.984566
0.984566
0.984566
0.984566
0.984566
0.984566
0.984566
0.984566
0.984566
0.984566
0.984566
0.984566
0.984566
0.984566
0.984566
0.984566
0.984566
0.960512
0.960512
0.960512
0.960000
0.960000
0.960000
0.960000
0.960000
0.960000
0.960000
0.960000
0.960000
0.960000
0.960000
0.960000
0.961024
0.962559
0.962559
0.962559
0.962559
0.962559
0.962559
0.962559
0.962559
0.962559
0.962559
0.962559
0.962559
0.962559
0.962559
0.963582
0.966141
0.966141
0.966141
0.966141
0.966141
0.966141
0.966141
0.966141
0.966141
0.966141
0.975354
0.977401
0.977401
0.977401
0.976377
0.974842
0.974842
0.974842
0.974842
0.974842
0.974842
0.974842
0.974842
0.983030
0.996337
0.996337
0.996337
0.996337
0.996337
0.995313
0.992754
0.992754
0.992754
0.992754
0.992754
0.992754
0.992754
0.992754
0.992754
0.992754
0.983542
0.981495
0.981495
0.981495
0.981495
0.981495
0.981495
0.981495
0.981495
0.981495
0.981495
0.981495
0.981495
0.973306
0.960000
0.960000
0.960000
0.960000
0.960000
0.960000
0.960000
0.960000
0.960000
0.960000
0.960000
0.960000
0.960000
0.960000
0.960000
0.960000
0.960000
0.960000
0.960000
0.960000
0.960000
0.960000
0.960000
0.960000
0.960000
0.960000
0.960000
0.960000
0.960000
0.960000
0.960000
0.960000
0.960000
0.960000
0.960000
0.960000
0.960000
0.960000
0.960000
0.960000
0.960000
0.960000
0.960000
0.960000
0.960000
0.960000
0.960000
0.960000
0.960000
0.974330
0.985077
0.985077
0.985077
0.985077
0.985077
0.985077
0.985077
0.985077
0.985077
0.985077
0.985077
0.985077
0.985077
0.985589
0.988660
0.989684
0.989684
0.989684
0.989684
0.989684
0.991731
0.992242
0.992242
0.992242
0.993778
0.993778
0.993778
0.993778
0.993778
0.979448
0.968700
0.968700
0.968700
0.968700
0.968700
0.968700
0.968700
0.968700
0.968700
0.968700
0.968700
0.968700
0.968700
0.968189
0.988660
0.988148
0.988148
0.988148
0.988148
0.988148
0.986101
0.985589
0.985589
0.985589
0.984054
0.984054
0.984054
0.984054
0.984054
0.984054
0.984054
0.984054
0.984054
0.984054
0.984054
0.984054
0.984054
0.984054
0.984054
0.984054
0.984054
0.984054
0.984054
0.984054
0.960512
0.960000
0.960000
0.960000
0.960000
0.960000
0.960000
0.960000
0.960000
0.960000
0.960000
0.960000
0.960000
0.960000
0.960000
0.960000
0.960000
0.960000
0.960000
0.960000
0.960000
0.960000
0.960000
0.960000
0.960000
0.960000
0.960000
0.960000
0.960000
0.960000
0.960000
0.960000
0.960000
0.960000
0.960000
0.960000
0.960000
0.960000
0.960000
0.960000
0.960000
0.983030
1.005549
1.012202
1.012202
1.012202
1.012202
1.012202
1.012202
1.012202
1.012202
1.012202
1.012202
1.012202
1.012202
1.012202
1.012202
1.012202
1.012202
1.012202
1.012202
1.012202
1.013226
1.013226
1.024485
1.033697
1.033697
1.033697
1.063892
1.063892
1.063892
1.041374
1.026020
1.022438
1.022438
1.032162
1.044956
1.047004
1.054169
1.085899
1.100741
1.115071
1.120189
1.120189
1.125819
1.135031
1.153967
1.157549
1.163179
1.163179
1.179556
1.189280
1.192351
1.192862
1.181603
1.172391
1.172903
1.172903
1.143731
1.144755
1.144755
1.144243
1.137078
1.134007
1.134007
1.124283
1.111489
1.109441
1.102276
1.070546
1.055704
1.041374
1.036256
1.036256
1.030626
1.021414
1.002478
0.998896
0.993266
0.993266
0.976889
0.967165
0.963071
0.962559
0.962559
0.962559
0.962047
0.962047
0.961024
0.960000
0.960000
0.960000
0.960000
0.960000
0.960000
0.960000
0.960000
0.960000
0.960000
0.960000
0.960000
0.960000
0.975865
0.984054
0.984054
0.984054
0.984054
0.984054
0.984054
0.984054
0.984054
0.984054
0.984054
0.984054
0.984054
0.984054
0.984054
0.984054
0.984054
0.984054
0.984054
0.984054
0.984054
0.984054
0.984054
0.984054
0.984054
0.984054
0.984054
0.984054
0.984054
0.984054
0.968189
0.960000
0.960000
0.960000
0.960000
0.960000
0.960000
0.960000
0.960000
0.960000
0.960000
0.960000
0.960000
0.960000
0.960000
0.960000
0.960000
0.960000
0.960000
0.960000
0.960000
0.960000
0.960512
0.960512
0.960512
0.960512
0.960512
0.960512
0.960512
0.960512
0.960512
0.960512
0.960512
0.960512
0.960512
0.960512
0.960512
0.960512
0.960512
0.960512
0.960512
0.960512
0.960512
0.960512
0.960512
0.960512
0.960512
0.960512
0.960512
0.960512
0.960512
0.960512
0.960000
0.960000
0.960000
0.960000
0.960000
0.960000
0.960000
0.960000
0.960000
0.960000
0.960000
0.960000
0.960000
0.960000
0.960000
0.960000
0.960000
0.960000
0.960000
0.960000
0.960000
0.960000
0.960000
0.960000
0.960000
0.960000
0.960000
0.960000
0.960000
0.960000
0.960000
0.960000
0.960000
0.960000
0.960000
0.960000
0.960000
0.960000
0.960000
0.960000
0.960000
0.960000
0.960000
0.960000
0.960000
0.960000
0.960000
0.960000
0.960000
0.960000
0.960000
0.960000
0.960000
0.960000
0.960000
0.960000
0.960000
0.960000
0.960000
0.960000
0.960000
0.960000
0.960000
0.960000
0.960000
0.960000
0.960000
0.960000
0.960000
0.960000
0.960000
0.960000
0.960000
0.960000
0.960000
0.960000
0.960000
0.960000
0.960000
0.960000
0.960000
0.960000
0.960000
0.960000
0.960000
0.960000
0.960000
0.960000
0.960000
0.960000
0.960000
0.960000
0.960000
0.960000
0.960000
0.960000
0.960000
0.960000
0.960000
0.960000
0.960000
0.960000
0.960000
0.960000
0.960000
0.960000
0.960000
0.960000
0.960000
0.960000
0.960000
0.960000
0.960000
0.960000
0.960000
0.960000
0.960000
0.960000
0.960000
0.960000
0.960000
0.960000
0.960000
0.960000
0.960000
0.960000
0.960000
0.960000
0.960000
0.960000
0.960000
0.960000
0.960000
0.960000
0.960000
0.960000
0.960000
0.960000
0.960000
0.960000
0.960000
0.960000
0.960000
0.960000
0.960000
0.960000
0.960000
0.960000
0.960000
0.963582
1.005549
1.052633
1.103300
1.149361
1.210775
1.258883
1.297267
1.328997
1.331045
1.344863
1.369428
1.393994
1.419072
1.434937
1.434937
1.434937
1.434937
1.434937
1.434937
1.435449
1.435449
1.435449
1.464621
1.465132
1.465132
1.465132
1.465132
1.465132
1.480486
1.502493
1.472809
1.425725
1.375058
1.328997
1.267583
1.219475
1.181091
1.149361
1.147314
1.133495
1.108930
1.085387
1.079758
1.088458
1.092041
1.092041
1.092041
1.092041
1.092041
1.091529
1.091529
1.091529
1.062357
1.061845
1.061845
1.061845
1.061845
1.061845
1.046492
1.020902
1.008620
1.008620
1.008620
1.008620
1.008620
1.008620
1.008620
1.008620
1.008620
1.008620
1.008620
1.007596
0.988148
0.963582
0.960000
0.960000
0.960000
0.960000
0.960000
0.960000
0.960000
0.960000
0.960000
0.960000
0.960000
0.960000
0.960000
0.960000
0.960000
0.960000
0.960000
0.960000
0.960000
0.960000
0.960000
0.960000
0.960000
0.960000
0.960000
0.960000
0.960000
0.960000
0.960000
0.960000
0.960000
0.960000
0.960000
0.960000
0.960000
0.960000
0.960000
0.960000
0.960000
0.960000
0.960000
0.960000
0.960000
0.960000
0.960000
0.960000
0.960000
0.960000
0.960000
0.960000
0.960000
0.960000
0.960000
0.960000
0.960000
0.960000
0.960000
0.960000
0.960000
0.960000
0.960000
0.960000
0.960000
0.960000
0.960000
0.960000
0.960000
0.960000
0.960000
0.960000
0.960000
0.960000
0.960000
0.960000
0.960000
0.960000
0.960000
0.960000
0.960000
0.960000
0.960000
0.960000
0.960000
0.960000
0.960000
0.960000
0.960000
0.960000
0.960000
0.960000
0.960000
0.960000
0.960000
0.960000
0.960000
0.960000
0.960000
0.960000
0.960000
0.960000
0.960000
0.960000
0.960000
0.960000
0.960000
0.960000
0.960000
0.960000
0.960000
0.960000
0.960000
0.960000
0.960000
0.960000
0.960000
0.960000
0.960000
0.960000
0.960000
0.960000
0.960000
0.960000
0.960000
0.960000
0.960000
0.960000
0.960000
0.960000
0.960000
0.960000
0.960000
0.960000
0.960000
0.960000
0.960000
0.960000
0.960000
0.960000
0.960000
0.960000
0.960000
0.960000
0.960000
0.960000
0.960000
0.960000
0.960000
0.960000
0.960000
0.960000
0.960000
0.960000
0.960000
0.960000
0.960000
0.960000
0.960000
0.960000
0.960000
0.960000
0.960000
0.974330
1.021414
1.032162
1.032162
1.035744
1.037791
1.042909
1.045980
1.045980
1.051098
1.051098
1.064404
1.083340
1.083340
1.083340
1.083340
1.083340
1.083340
1.083340
1.083852
1.087946
1.087946
1.087946
1.087946
1.087946
1.087946
1.087946
1.087946
1.087946
1.087946
1.073616
1.026532
1.015785
1.015785
1.012202
1.010155
1.005037
1.001966
1.001966
0.996849
0.996849
0.983542
0.964606
0.964606
0.964606
0.964606
0.964606
0.964606
0.964606
0.964094
0.960000
0.960000
0.960000
0.960000
0.960000
0.960000
0.960000
0.960000
0.960000
0.960000
0.962559
0.962559
0.962559
0.962559
0.962559
0.978424
0.983030
0.983030
0.983030
0.983030
0.983030
0.983030
0.983030
0.983030
0.983030
0.983542
0.988660
0.988660
0.988660
0.988660
0.988660
0.988660
0.988660
1.016296
1.016296
1.016296
1.016296
1.016296
1.016296
1.016296
1.036256
1.036768
1.036768
1.036768
1.036768
1.020902
1.016296
1.016296
1.016296
1.016296
1.016296
1.016296
1.016296
1.016296
1.016296
1.015785
1.010667
1.010667
1.010667
1.010667
1.010667
1.010667
1.010667
0.983030
0.983030
0.983030
0.983030
0.983030
0.983030
0.983030
0.960512
0.960000
0.960000
0.960000
0.960000
0.960000
0.960000
0.960000
0.960000
0.960000
0.960000
0.960000
0.960000
0.960000
0.960000
0.960000
0.960000
0.960000
0.960000
0.960000
0.960000
0.960000
0.960000
0.960000
0.960000
0.960000
0.960000
0.960000
0.960000
0.960000
0.960000
0.960000
0.960000
0.960000
0.960000
0.960000
0.960000
0.960000
0.960000
0.960000
0.960000
0.960000
0.960000
0.960000
0.960000
0.960000
0.960000
0.960000
0.960000
0.960000
0.960000
0.960000
0.960000
0.960000
0.960000
0.960000
0.960000
0.960512
0.960512
0.960512
0.960512
0.960512
0.960512
0.960512
0.960512
0.960512
0.960512
0.960512
0.960512
0.960512
0.960512
0.960512
0.960512
0.960512
0.960512
0.960512
0.960512
0.960512
0.960512
0.960512
0.960512
0.960512
0.960512
0.960512
0.960512
0.960512
0.960512
0.960000
0.960000
0.960000
0.960000
0.960000
0.960000
0.960000
0.960000
0.960000
0.960000
0.960000
0.960000
0.960000
0.960000
0.960000
0.960000
0.960000
0.960000
0.960000
0.960000
0.960000
0.960000
0.960000
0.960000
0.960000
0.960000
0.960000
0.960000
0.960000
0.960000
0.960000
0.960000
0.960000
0.960000
0.960000
0.960000
0.960000
0.960000
0.960000
0.960000
0.960000
0.960000
0.960000
0.960000
0.960000
0.960000
0.960000
0.960000
0.960000
0.960000
0.960000
0.960000
0.960000
0.960000
0.960000
0.960000
0.960000
0.960000
0.960000
0.960000
0.960000
0.960000
0.960000
0.960000
0.960000
0.960000
0.960000
0.960000
0.960000
0.960000
0.960000
0.960000
0.960000
0.960000
0.960000
0.960000
0.960000
0.960000
0.960000
0.960000
0.960000
0.960000
0.960000
0.960000
0.960000
0.960000
0.960000
0.960000
0.960000
0.960000
0.960000
0.960000
0.960000
0.960000
0.960000
0.960000
0.960000
0.960000
0.960000
0.960000
0.960000
0.960000
0.960000
0.960000
0.960000
0.960000
0.960000
0.960000
0.960000
0.960000
0.960000
0.960000
0.960000
0.960000
0.960000
0.960000
0.960000
0.960000
0.960000
0.960000
0.960000
0.960000
0.960000
0.960000
0.960000
0.960000
0.960000
0.960000
0.960000
0.960000
0.960000
0.960000
0.960000
0.960000
0.960000
0.960000
0.960000
0.960000
0.960000
0.960000
0.960000
0.960000
0.960000
0.960000
0.960000
0.960000
0.960000
0.960000
0.960000
0.960000
0.960000
0.960000
0.960000
0.960000
0.960000
0.960000
0.960000
0.960000
0.960000
0.960000
0.960000
0.960000
0.960000
0.960000
0.960000
0.960000
0.960000
0.960000
0.960000
0.960000
0.960000
0.960000
0.960000
0.960000
0.960000
0.960000
0.960000
0.960000
0.960000
0.960000
0.960000
0.960000
0.960000
0.960000
0.960000
0.960000
0.960000
0.960000
0.960000
0.960000
0.960000
0.960000
0.960000
0.960000
0.960000
0.960000
0.960000
0.960000
0.960000
0.960000
0.960000
0.960000
0.960000
0.960000
0.960000
0.960000
0.960000
0.960000
0.960000
0.960000
0.960000
0.960000
0.960000
0.960000
0.960000
0.960000
0.960000
0.960000
0.960000
0.960000
0.960000
0.960000
0.960000
0.960000
0.960000
0.960000
0.960000
0.960000
0.960000
0.960000
0.960000
0.960000
0.960000
0.960000
0.960000
0.960000
0.960000
0.960000
0.960000
0.960000
0.960000
0.960000
0.960000
0.960000
0.960000
0.960000
0.960000
0.960000
0.960000
0.960000
0.960000
0.960000
0.960000
0.960000
0.960000
0.960000
0.960000
0.960000
0.960000
0.960000
0.960000
0.960000
0.960000
0.960000
0.960000
0.960000
0.960000
0.960000
0.960000
0.960000
0.960000
0.960000
0.960000
0.960000
0.960000
0.960000
0.960000
0.960000
0.960000
0.960000
0.960000
0.960000
0.960000
0.960000
0.960000
0.960000
0.960000
0.960000
0.960000
0.960000
0.960000
0.960000
0.960000
0.960000
0.960000
0.960000
0.960000
0.960000
0.960000
0.960000
0.960000
0.960000
0.960000
0.960000
0.960000
0.960000
0.960000
0.960000
0.960000
0.960000
0.960000
0.960000
0.960000
0.960000
0.960000
0.960000
0.960000
0.960000
0.960000
0.960000
0.960000
0.960000
0.960000
0.960000
0.960000
0.960000
0.960000
0.960000
0.960000
0.960000
0.960000
0.960000
0.960000
0.960000
0.960000
0.960000
0.960000
0.960000
0.960000
0.960000
0.960000
0.960000
0.960000
0.960000
0.960000
0.960000
0.960000
0.960000
0.960000
0.960000
0.960000
0.960000
0.960000
0.960000
0.960000
0.960000
0.960000
0.960000
0.960000
0.960000
0.960000
0.960000
0.960000
0.960000
0.960000
0.960000
0.960000
0.960000
0.960000
0.960000
0.960000
0.960000
0.960000
0.960000
0.960000
0.960000
0.960000
0.960000
0.960000
0.960000
0.960000
0.960000
0.960000
0.960000
0.960000
0.960000
0.960000
0.960000
0.960000
0.960000
0.960000
0.960000
0.960000
0.960000
0.960000
0.960000
0.960000
0.960000
0.960000
0.960000
0.960000
0.960000
0.960000
0.960000
0.960000
0.960000
0.960000
0.960000
0.960000
0.960000
0.960000
0.960000
0.960000
0.960000
0.962559
0.985589
0.985589
0.985589
0.985589
0.985589
0.985589
0.985589
0.985589
0.985589
0.985589
0.985589
0.985589
0.985589
0.985589
0.985589
0.985589
0.985589
0.985589
0.985589
0.985589
0.985589
0.985589
0.985589
0.985589
0.986101
0.986101
0.986101
0.986101
0.986101
0.983542
0.960512
0.960512
0.960512
0.960512
0.960512
0.960512
0.960512
0.960512
0.960512
0.960512
0.960512
0.960512
0.960512
0.960512
0.960512
0.960512
0.960512
0.960512
0.960512
0.972283
1.002478
1.066451
1.101253
1.124283
1.146802
1.170344
1.193374
1.216405
1.239435
1.262977
1.274748
1.274748
1.274748
1.274748
1.274748
1.274748
1.275260
1.275260
1.275260
1.278331
1.281913
1.281913
1.281913
1.281913
1.281913
1.281913
1.281913
1.281913
1.281913
1.270142
1.239947
1.175973
1.141172
1.118142
1.100741
1.077199
1.054169
1.044445
1.021926
0.998384
0.986613
0.987125
0.987125
0.987125
0.987125
0.987125
0.986613
0.986613
0.986613
0.983542
0.979960
0.979960
0.979960
0.979960
0.979960
0.979960
0.979960
0.979960
0.979960
0.979960
0.979960
0.979960
0.979960
0.979960
0.974330
0.974330
0.974330
0.961024
0.960512
0.960512
0.960512
0.960000
0.960000
0.960000
0.960000
0.960000
0.960000
0.960000
0.960000
0.960000
0.960000
0.960512
0.960512
0.960512
0.960512
0.960512
0.960512
0.960512
0.960512
0.960512
0.960512
0.960512
0.960512
0.960512
0.960512
0.960512
0.960512
0.960512
0.960512
0.960512
0.960512
0.960512
0.961024
0.961024
0.961024
0.961024
0.967165
0.986613
0.986613
0.986613
0.986613
0.986101
0.986101
0.986101
0.986101
0.986101
0.986101
0.986101
0.986101
0.986101
0.986101
1.005037
1.033185
1.056216
1.079246
1.102276
1.125307
1.148337
1.171367
1.194398
1.217428
1.240458
1.262977
1.286007
1.309038
1.312620
1.306479
1.287031
1.287031
1.287031
1.287031
1.287031
1.287031
1.291125
1.291125
1.291125
1.291125
1.291125
1.291125
1.291637
1.295731
1.280890
1.252741
1.229711
1.206681
1.183650
1.160620
1.137590
1.114559
1.091529
1.068499
1.045468
1.022438
0.999407
0.976377
0.972795
0.972795
0.972795
0.972795
0.972795
0.972795
0.972795
0.972795
0.968700
0.968700
0.968700
0.968700
0.968700
0.968700
0.968189
0.964094
0.960000
0.960000
0.960000
0.960000
0.960000
0.960000
0.960000
0.960000
0.960000
0.960000
0.960000
0.960000
0.960000
0.960000
0.960000
0.960000
0.960000
0.960000
0.960000
0.960000
0.960000
0.960000
0.960000
0.960000
0.960000
0.960000
0.960000
0.960000
0.960000
0.960000
0.960000
0.960000
0.960000
0.960000
0.960000
0.960000
0.960000
0.960000
0.960000
0.960000
0.960000
0.960000
0.960000
0.960000
0.960000
0.960000
0.960000
0.960000
0.960000
0.960000
0.960000
0.960000
0.960000
0.960000
0.960000
0.960000
0.960000
0.960000
0.960000
0.960000
0.960000
0.960000
0.960000
0.960000
0.960000
0.960000
0.960000
0.960000
0.960000
0.960000
0.960000
0.960000
0.960000
0.960000
0.960000
0.960000
0.960000
0.960000
0.960000
0.960000
0.960000
0.960000
0.960000
0.960000
0.960000
0.960000
0.960000
0.960000
0.960000
0.960000
0.960000
0.960000
0.960000
0.960000
0.960000
0.960000
0.960000
0.960000
0.960000
0.960000
0.960000
0.960000
0.960000
0.960000
0.960000
0.960000
0.960000
0.960000
0.969212
0.986613
1.000431
1.018344
1.018344
1.018344
1.018344
1.026020
1.026020
1.026020
1.026020
1.026020
1.026020
1.026020
1.026020
1.026020
1.026020
1.026020
1.026020
1.026020
1.026020
1.032674
1.058263
1.060310
1.060310
1.060310
1.060310
1.060310
1.060310
1.060310
1.051098
1.033697
1.019879
1.001966
1.001966
1.001966
1.005037
1.023461
1.039839
1.039839
1.039839
1.039839
1.039839
1.039839
1.039839
1.039839
1.039839
1.039839
1.039839
1.039839
1.056216
1.073616
1.051098
1.049051
1.049051
1.049051
1.049051
1.049051
1.050074
1.050074
1.050074
1.051098
1.051098
1.051098
1.051098
1.052121
1.049051
1.022950
1.007596
1.008108
1.008108
1.008108
1.008108
1.008108
1.008108
1.008108
1.008108
1.008108
1.008108
1.008108
0.991731
0.967677
0.964606
0.964606
0.965630
0.965630
0.965630
0.966141
0.965118
0.965118
0.965118
0.964094
0.964094
0.964094
0.964094
0.963071
0.963071
0.963071
0.962047
0.961535
0.961535
0.961535
0.961535
0.970236
0.985077
0.985077
0.985077
1.023461
1.058263
1.126330
1.126842
1.126842
1.126842
1.126842
1.125819
1.125819
1.125819
1.125307
1.125307
1.125307
1.125307
1.149361
1.149361
1.149361
1.149361
1.149361
1.149361
1.183650
1.184674
1.184674
1.184674
1.184674
1.184674
1.175973
1.161132
1.161132
1.161132
1.122748
1.087946
1.019879
1.019367
1.019367
1.019367
1.019367
1.019367
1.019367
1.019367
1.020391
1.020391
1.020391
1.020391
0.996337
0.996337
0.996337
0.996337
0.996337
0.996337
0.962047
0.961024
0.966653
0.966653
0.966653
0.966653
0.966653
0.966653
0.966653
0.966653
0.966653
0.966653
0.966653
0.966653
0.966653
0.966653
0.966653
0.966653
0.966653
0.966653
0.965630
0.965630
0.965630
0.965630
0.965630
0.965630
0.965630
0.965630
0.965630
0.965630
0.965630
0.965630
0.960000
0.960000
0.960000
0.960000
0.960000
0.960000
0.960000
0.960000
0.960000
0.960000
0.960000
0.960000
0.960000
0.978936
0.993266
0.993266
0.993266
0.993778
0.994290
0.994290
0.994801
0.994801
0.994801
0.994801
0.994801
0.994801
0.994801
0.994801
0.994801
0.994801
0.994801
0.994801
0.994801
0.994801
0.994801
0.994801
0.994801
0.994801
0.994801
0.994801
0.994801
0.994801
0.994801
0.975865
0.963071
0.963071
0.963071
0.962559
0.962047
0.962047
0.961535
0.961535
0.961535
0.961535
0.961535
0.961535
0.961535
0.961535
0.961535
0.961535
0.961535
0.961535
0.961535
0.961535
0.961535
0.961535
0.961535
0.961535
0.961535
0.961535
0.961535
0.961535
0.961535
0.961535
0.960000
0.960000
0.960000
0.960512
0.960512
0.960512
0.960512
0.960512
0.960512
0.960512
0.960512
0.960512
0.960512
0.960512
0.960512
0.960512
0.960512
0.960512
0.960512
0.965118
0.982007
0.984566
0.984566
0.984566
0.984566
0.984566
0.984566
0.984566
0.984566
0.985589
0.985589
0.985589
0.985589
0.986101
0.993778
0.998384
0.998896
0.998896
0.998896
1.000431
1.000943
1.005037
1.006572
1.006572
1.008108
1.008108
1.008108
1.012202
1.019879
1.015273
1.007596
1.011690
1.019879
1.022438
1.022950
1.022950
1.022950
1.023461
1.024485
1.023461
1.023461
1.023461
1.023461
1.024997
1.017320
1.012714
1.012202
1.012202
1.012202
1.010667
1.013226
1.009643
1.008108
1.008108
1.006572
1.006572
1.006572
1.002478
0.994801
0.994801
0.985589
0.978936
0.971259
0.970747
0.973306
0.979448
0.998896
1.011179
1.020391
1.030626
1.039327
1.058263
1.077711
1.092041
1.100229
1.109441
1.119165
1.144755
1.152431
1.154990
1.151920
1.151408
1.151408
1.151408
1.151408
1.151408
1.151408
1.151408
1.151408
1.151408
1.151408
1.151408
1.150896
1.148849
1.152943
1.146802
1.127354
1.114559
1.104324
1.094088
1.085387
1.066451
1.047004
1.030115
1.021926
1.012714
1.008620
0.983030
0.975354
0.972795
0.972795
0.972795
0.972795
0.972795
0.972795
0.972795
0.972795
0.973818
0.973818
0.973818
0.973818
0.973818
0.973818
0.973818
0.966653
0.966653
0.967165
0.967165
0.967165
0.967165
0.967165
0.967165
0.967165
0.967165
0.967165
0.967165
0.961535
0.961535
0.961535
0.961535
0.961535
0.961535
0.961535
0.961535
0.961535
0.961535
0.961535
0.960512
0.960512
0.960512
0.960512
0.960512
0.960512
0.960512
0.960512
0.960512
0.960000
0.960000
0.960000
0.960000
0.960000
0.960000
0.960000
0.960000
0.960000
0.960000
0.960000
0.960000
0.960000
0.960000
0.960000
0.960000
0.960000
0.960000
0.960000
0.960000
0.960000
0.960000
0.960000
0.960000
0.960000
0.960000
0.960000
0.960000
0.960000
0.960000
0.960000
0.960000
0.960000
0.960000
0.960000
0.960000
0.960000
0.960000
0.994290
1.000943
1.000943
1.000943
1.000943
1.000943
1.000943
1.000943
1.000943
1.000943
1.000943
1.000943
1.000943
1.000943
1.000943
1.000943
1.000943
1.000943
1.000943
1.000943
1.000943
1.000943
1.000943
1.000943
1.000943
1.000943
1.000943
1.000943
1.000943
1.000943
0.966653
0.960000
0.960000
0.960000
0.972795
0.980983
0.980983
0.980983
0.980983
0.980983
0.980983
0.980983
0.980983
0.981495
0.983030
0.983030
0.983030
0.983030
0.983030
0.983030
0.983030
0.983030
0.994290
1.014249
1.031138
1.031650
1.055192
1.061334
1.061334
1.061334
1.061334
1.061845
1.063892
1.068499
1.056727
1.048539
1.048539
1.048539
1.048539
1.048539
1.048539
1.048539
1.048539
1.048027
1.046492
1.046492
1.046492
1.046492
1.046492
1.046492
1.046492
1.046492
1.035232
1.015273
0.998384
0.997872
0.974330
0.968189
0.968189
0.968189
0.968189
0.967677
0.965630
0.961024
0.960000
0.960000
0.960000
0.960000
0.960000
0.960000
0.960000
0.960000
0.960000
0.960000
0.960000
0.960000
0.960000
0.960000
0.960000
0.960000
0.960000
0.976377
0.988660
0.992754
1.000943
1.009131
1.011179
1.011179
1.011179
1.011179
1.011179
1.011179
1.011179
1.011179
1.011179
1.011179
1.011179
1.011179
1.011179
1.011179
1.011179
1.011179
1.011179
1.011179
1.011179
1.011179
1.011179
1.011179
1.011179
1.011179
1.011179
0.994801
0.982519
0.978424
0.970236
0.962047
0.960000
0.960000
0.960000
0.960000
0.960000
0.960512
0.960512
0.960512
0.960512
0.960512
0.960512
0.960512
0.960512
0.960512
0.960512
0.960512
0.960512
0.960512
0.960512
0.960512
0.960512
0.960512
0.960512
0.960512
0.960512
0.960512
0.960512
0.960512
0.960512
0.960512
0.960512
0.960512
0.960512
0.960512
0.960512
0.960000
0.960000
0.960000
0.960000
0.960000
0.960000
0.960000
0.960000
0.960000
0.960000
0.960000
0.960000
0.960000
0.960000
0.960000
0.960000
0.960000
0.960000
0.960000
0.960000
0.960000
0.960000
0.960000
0.960000
0.960000
0.960000
0.960000
0.960000
0.960000
0.960000
0.960000
0.960000
0.960000
0.960000
0.960000
0.960000
0.960000
0.960000
0.960000
0.960000
0.960000
0.960000
0.960000
0.960000
0.960000
0.960000
0.960000
0.960000
0.960000
0.960000
0.960000
0.960000
0.960000
0.960000
0.960000
0.960000
0.960000
0.960000
0.960000
0.960000
0.960000
0.960000
0.960000
0.960000
0.960000
0.960000
0.960000
0.960000
0.960000
0.960000
0.960000
0.960000
0.960000
0.960000
0.960000
0.960000
0.960000
0.960000
0.960000
0.960000
0.960000
0.960000
0.960000
0.960000
0.960000
0.960000
0.960000
0.960000
0.960000
0.960000
0.960000
0.960000
0.960000
0.960000
0.960000
0.960000
0.960000
0.960000
0.960000
0.960000
0.960000
0.960000
0.960000
0.960000
0.960000
0.960000
0.960000
0.960000
0.960000
0.960000
0.960000
0.960000
0.960000
0.960000
0.960000
0.960000
0.960000
0.960000
0.960000
0.960000
0.960000
0.960000
0.960000
0.960000
0.960000
0.960000
0.960000
0.960000
0.960000
0.960000
0.960000
0.960000
0.960000
0.960000
0.960000
0.960000
0.960000
0.960000
0.960000
0.960000
0.960000
0.960000
0.960000
0.960000
0.960000
0.960000
0.960000
0.960000
0.960000
0.960000
0.960000
0.960000
0.960000
0.960000
0.960000
0.960000
0.960000
0.960000
0.960000
0.960000
0.960000
0.960000
0.960000
0.960000
0.960000
0.960000
0.960000
0.960000
0.960000
0.960000
0.960000
0.960000
0.960000
0.960000
0.960000
0.960000
0.960000
0.960000
0.960000
0.960000
0.960000
0.960000
0.960000
0.960000
0.960000
0.960000
0.960000
0.960000
0.960000
0.960000
0.960000
0.960000
0.960000
0.960000
0.960000
0.960000
0.960000
0.960000
0.960000
0.960000
0.960000
0.960000
0.960000
0.960000
0.960000
0.960000
0.960000
0.960000
0.960000
0.960000
0.960000
0.960000
0.960000
0.960000
0.960000
0.960000
0.960000
0.960000
0.960000
0.960000
0.960000
0.960000
0.960000
0.960000
0.960000
0.960000
0.960000
0.960000
0.960000
0.960000
0.960000
0.960000
0.960000
0.960000
0.960000
0.960000
0.960000
0.960000
0.960000
0.960000
0.960000
0.960000
0.960000
0.960000
0.960000
0.960000
0.960000
0.960000
0.960000
0.960000
0.960000
0.960000
0.960000
0.960000
0.960000
0.960000
0.960000
0.960000
0.960000
0.960000
0.960000
0.960000
0.960000
0.960000
0.960000
0.960000
0.960000
0.960000
0.960000
0.960000
0.960000
0.960000
0.960000
0.960000
0.960000
0.960000
0.960000
0.960000
0.960000
0.960000
0.960000
0.960000
0.960000
0.960000
0.960000
0.960000
0.960000
0.960000
0.960000
0.960000
0.960000
0.960000
0.960000
0.960000
0.960000
0.960000
0.960000
0.960000
0.960000
0.960000
0.960000
0.960000
0.960000
0.960000
0.960000
0.960000
0.960000
0.960000
0.960000
0.960000
0.960000
0.960000
0.960000
0.960000
0.960000
0.960000
0.960000
0.960000
0.960000
0.960000
0.960000
0.960000
0.960000
0.960000
0.960000
0.960000
0.960000
0.960000
0.960000
0.960000
0.960000
0.960000
0.960000
0.960000
0.960000
0.960000
0.960000
0.960000
0.960000
0.960000
0.960000
0.960000
0.960000
0.960000
0.960000
0.960000
0.960000
0.960000
0.960000
0.960000
0.960000
0.960000
0.960000
0.960000
0.960000
0.960000
0.960000
0.960000
0.960000
0.960000
0.960000
0.960000
0.960000
0.960000
0.960000
0.960000
0.960000
0.960000
0.960000
0.960000
0.960000
0.960000
0.960000
0.960000
0.960000
0.960000
0.960000
0.960000
0.960000
0.960000
0.960000
0.960000
0.960000
0.960000
0.960000
0.960000
0.960000
0.960000
0.960000
0.960000
0.960000
0.960000
0.960000
0.960000
0.960000
0.960000
0.960000
0.960000
0.960000
0.960000
0.960000
0.985077
0.985077
0.988148
0.988148
0.988148
0.988148
0.988148
0.988148
0.988148
0.988148
0.988148
0.988148
0.988148
0.988148
0.988148
0.988148
0.988148
0.988148
0.988148
0.988148
0.988148
0.988148
0.988148
0.988148
0.988148
0.988148
0.988148
0.988148
0.988148
0.988148
0.963071
0.963071
0.960000
0.960000
0.960000
0.960000
0.960000
0.960000
0.960000
0.960000
0.960000
0.960000
0.960000
0.960000
0.960000
0.960000
0.960000
0.960000
0.960000
0.960000
0.960000
0.960000
0.960000
0.960000
0.960000
0.960000
0.960000
0.960000
0.960000
0.960000
0.960000
0.960000
0.960000
0.960000
0.960000
0.960000
0.960000
0.960000
0.960000
0.960000
0.960000
0.960000
0.960000
0.960000
0.960000
0.960000
0.960000
0.960000
0.960000
0.960000
0.960000
0.960000
0.960512
0.960512
0.960512
0.960512
0.960512
0.960512
0.960512
0.985077
0.985077
0.985077
0.985077
0.985077
0.985077
0.985077
0.985077
0.985077
0.985077
0.985077
0.985077
0.985077
0.985077
0.985077
0.985077
0.985077
0.985077
0.985077
0.985077
0.985077
0.985077
0.985077
0.984566
0.984566
0.984566
0.984566
0.984566
0.986101
0.988148
0.963582
0.963582
0.963582
0.963582
0.963582
0.963582
0.963582
0.963582
0.963582
0.963582
0.963582
0.963582
0.963582
0.963582
0.966653
0.967165
0.967165
0.967165
0.967165
0.967165
0.967165
0.967165
0.969724
0.969724
0.969724
0.969724
0.969724
0.969724
0.968189
0.966141
0.966141
0.966141
0.966141
0.966141
0.966141
1.001966
1.007084
1.007084
1.007084
1.007084
1.007084
1.007084
1.007084
1.007084
1.004014
1.003502
1.003502
1.003502
1.003502
1.003502
1.003502
1.003502
1.000943
1.000943
1.000943
1.000943
1.004014
1.004014
1.004014
1.004014
1.004014
1.004014
1.004014
1.004014
1.004014
0.968189
0.963071
0.963071
0.963071
0.963071
0.963071
0.963071
0.963071
0.963071
0.963071
0.963071
0.963071
0.963071
0.963071
0.963071
0.963071
0.963071
0.963071
0.963071
0.963071
0.963071
0.960000
0.960000
0.960000
0.960000
0.960000
0.960000
0.960000
0.960000
0.960000
0.960000
0.960000
0.960000
0.960000
0.960000
0.960000
0.960000
0.960000
0.960000
0.960000
0.984054
0.984566
0.984566
0.984566
0.984566
0.984566
0.984566
0.984566
0.984566
0.984566
0.984566
0.984566
0.984566
0.984566
0.984566
0.984566
0.984566
0.984566
0.984566
0.984566
0.984566
0.984566
0.984566
0.984566
0.984566
0.985077
0.994801
0.995825
1.001455
1.001455
0.977401
0.976889
0.980471
0.983030
0.984566
0.985077
1.004014
1.010667
1.010667
1.010667
1.010667
1.010667
1.010667
1.010667
1.010667
1.010667
1.010667
1.010667
1.010667
1.010667
1.010667
1.010667
1.010667
1.010667
1.010667
1.010155
1.000431
0.999407
0.993778
0.993778
0.993778
0.993778
0.990195
0.987636
0.986101
0.985589
0.966653
0.960000
0.960000
0.960000
0.960000
0.960000
0.960000
0.960000
0.960000
0.960000
0.960000
0.960000
0.960000
0.960000
0.960000
0.960000
0.960000
0.960000
0.960000
0.960000
0.960000
0.960000
0.960000
0.960000
0.960000
0.960000
0.960000
0.960000
0.960000
0.960000
0.960000
0.960000
0.960000
0.960000
0.960000
0.966653
0.967165
0.967677
0.967677
0.967677
0.967677
0.967677
0.967677
0.967677
0.974330
0.994801
0.994801
0.997872
0.997872
0.997872
0.997872
0.997872
0.997872
0.997872
0.997872
0.997872
0.997872
0.997872
0.997872
0.997872
0.997872
0.997872
0.997872
0.997872
0.997872
0.991219
0.990707
0.990195
0.990195
0.990195
0.990195
0.990195
0.990195
0.990195
0.983542
0.963071
0.963071
0.960000
0.960000
0.960000
0.960000
0.960000
0.960000
0.960000
0.960000
0.960000
0.960000
0.960000
0.960000
0.960000
0.960000
0.960000
0.960000
0.960000
0.960000
0.962047
0.962559
0.969724
0.971259
0.971259
0.971259
0.971259
0.971259
0.971259
0.971259
0.971259
0.971259
0.971259
0.971259
0.971259
0.971259
0.971259
0.971259
0.971259
0.971259
0.971259
0.971259
0.971259
0.971259
0.971259
0.971259
0.971259
0.971259
0.971259
0.971259
0.969212
0.968700
0.961535
0.960000
0.960000
0.960000
0.960000
0.960000
0.960000
0.960000
0.960000
0.960000
0.960000
0.960000
0.960000
0.960000
0.960000
0.960000
0.960000
0.960000
0.960000
0.960000
0.960000
0.960000
0.960000
0.960000
0.960000
0.960000
0.960000
0.960000
0.960000
0.960512
0.960512
0.960512
0.960512
0.960512
0.960512
0.960512
0.971771
0.986613
0.988148
0.999919
1.008108
1.019879
1.033185
1.038815
1.039327
1.039327
1.040862
1.043933
1.057751
1.071569
1.085899
1.095623
1.100229
1.106882
1.114047
1.122748
1.130936
1.140149
1.145266
1.156014
1.172391
1.192351
1.205145
1.205145
1.230735
1.230735
1.219987
1.205145
1.203610
1.191839
1.183650
1.171879
1.158573
1.152943
1.152431
1.152431
1.150896
1.147825
1.134007
1.120189
1.105859
1.096135
1.091529
1.084876
1.077711
1.069010
1.060822
1.051610
1.046492
1.035232
1.018855
0.998896
0.986101
0.986101
0.960512
0.960512
0.960000
0.960000
0.960000
0.960000
0.960000
0.960000
0.960000
0.960000
0.960000
0.960000
0.960000
0.960000
0.960000
0.960000
0.960000
0.960000
0.960000
0.960000
0.960000
0.960000
0.960000
0.960000
0.960000
0.960000
0.960000
0.960000
0.960000
0.960000
0.960000
0.960000
0.960000
0.960000
0.960000
0.960000
0.960000
0.960000
0.960000
0.960000
0.960000
0.960000
0.960000
0.960000
0.960000
0.960000
0.960000
0.960000
0.960000
0.960000
0.960000
0.960000
0.960000
0.960000
0.960000
0.960000
0.960000
0.960000
0.960000
0.960000
0.960000
0.960000
0.960000
0.960000
0.960000
0.960000
0.960000
0.960000
0.960000
0.960000
0.960000
0.960000
0.960000
0.960000
0.960000
0.960000
0.960000
0.960000
0.960000
0.960000
0.960000
0.960000
0.960000
0.960000
0.960000
0.960000
0.960000
0.960000
0.960000
0.960000
0.960000
0.960000
0.960000
0.960000
0.960000
0.960000
0.960000
0.960000
0.960000
0.960000
0.960000
0.960000
0.960000
0.960000
0.960000
0.960000
0.960000
0.960000
0.960000
0.960000
0.960000
0.960000
0.960000
0.960000
0.960000
0.960000
0.960000
0.960000
0.960000
0.960000
0.960000
0.960000
0.960000
0.960000
0.960000
0.960000
0.960000
0.960000
0.960000
0.960000
0.960000
0.960000
0.960000
0.960000
0.960000
0.960000
0.960000
0.960000
0.960000
0.960000
0.960000
0.960000
0.963582
0.963582
0.970747
0.987636
1.002478
1.006572
1.006572
1.006572
1.006572
1.006572
1.006572
1.006572
1.006572
1.006572
1.006572
1.009643
1.019367
1.034209
1.045980
1.047004
1.057751
1.071057
1.079758
1.081805
1.099206
1.114047
1.117118
1.140660
1.141684
1.141684
1.138101
1.138101
1.130936
1.114047
1.099206
1.095111
1.095111
1.095111
1.095111
1.095111
1.095623
1.095623
1.095623
1.096647
1.099717
1.101765
1.095623
1.080781
1.069010
1.067987
1.058263
1.049051
1.040350
1.038303
1.020902
1.006061
1.002990
0.979448
0.978424
0.978936
0.993266
1.012714
1.031650
1.044445
1.057751
1.061334
1.072593
1.077711
1.080270
1.083340
1.093064
1.114047
1.128889
1.130936
1.127866
1.127866
1.132472
1.146290
1.156014
1.162155
1.169320
1.165226
1.168808
1.172391
1.186209
1.195421
1.200539
1.201051
1.202075
1.202075
1.188768
1.170344
1.151408
1.141684
1.128377
1.124795
1.114047
1.108930
1.106882
1.106882
1.097159
1.076175
1.061334
1.058263
1.058263
1.053657
1.045980
1.032674
1.028067
1.021926
1.013737
1.013737
1.010155
1.006572
0.992754
0.983542
0.978936
0.978936
0.977912
0.977401
0.976377
0.975354
0.975354
0.972283
0.972283
0.972283
0.971771
0.971771
0.971259
0.968189
0.967677
0.967677
0.975354
0.981495
0.991731
1.001966
1.005549
1.008108
1.007084
1.011690
1.028579
1.029091
1.029091
1.029091
1.029091
1.029091
1.028579
1.028067
1.028067
1.028067
1.028067
1.028067
1.028067
1.028067
1.028067
1.028067
1.028067
1.028067
1.028067
1.028067
1.028067
1.028067
1.020391
1.014249
1.004014
0.993266
0.989172
0.986101
0.982007
0.977401
0.960512
0.960000
0.960000
0.960000
0.960000
0.960000
0.960000
0.960000
0.960000
0.960000
0.960000
0.960000
0.960000
0.960000
0.960000
0.960000
0.960000
0.960000
0.960000
0.960000
0.960000
0.960000
0.960000
0.960000
0.960000
0.960000
0.960000
0.960000
0.962047
0.962047
0.962047
0.962047
0.962047
0.968189
0.988148
0.988148
0.988148
0.988148
0.988148
0.988148
0.988660
1.012202
1.029091
1.038815
1.044445
1.044445
1.044445
1.044445
1.044445
1.044445
1.044445
1.044445
1.044445
1.044445
1.044445
1.044445
1.044445
1.044445
1.054680
1.059286
1.070546
1.088458
1.098694
1.106371
1.102788
1.118142
1.130936
1.144243
1.157037
1.169832
1.181603
1.172391
1.164202
1.160108
1.159596
1.159596
1.159596
1.160108
1.160620
1.160620
1.160620
1.160620
1.160620
1.160620
1.160620
1.160620
1.160620
1.160620
1.148337
1.143731
1.132472
1.114559
1.104324
1.090505
1.074128
1.058775
1.045980
1.032674
1.019879
1.007084
0.994801
0.980471
0.971771
0.966141
0.961024
0.961024
0.961024
0.960512
0.960000
0.960000
0.960000
0.960000
0.960000
0.960000
0.960000
0.960000
0.960000
0.960000
0.960000
0.960000
0.960000
0.960000
0.960000
0.960000
0.960000
0.960000
0.960000
0.960000
0.960000
0.960000
0.960000
0.960000
0.960000
0.960000
0.960000
0.960000
0.960000
0.960000
0.960000
0.960000
0.960000
0.960000
0.960000
0.960000
0.960000
0.960000
0.960000
0.960000
0.960000
0.960000
0.960000
0.960000
0.960000
0.960000
0.960000
0.960000
0.960000
0.960000
0.960000
0.960000
0.960000
0.960512
0.984566
0.996849
1.000943
1.003502
1.037791
1.045980
1.050074
1.054169
1.057239
1.057751
1.060822
1.060822
1.060822
1.061334
1.061334
1.061334
1.061334
1.061334
1.061334
1.061334
1.061334
1.061334
1.061334
1.061334
1.061334
1.061334
1.061334
1.061334
1.061334
1.060822
1.036768
1.024485
1.020391
1.017832
0.983542
0.975354
0.971259
0.967165
0.964094
0.963582
0.960512
0.960512
0.960512
0.960000
0.960000
0.960000
0.960000
0.960000
0.960000
0.960000
0.960000
0.960000
0.960000
0.960000
0.960000
0.960000
0.960000
0.960000
0.960000
0.960000
0.960000
0.960000
0.960000
0.960000
0.960000
0.960000
0.960000
0.960000
0.960000
0.960000
0.960000
0.960000
0.960000
0.960000
0.960000
0.960000
0.960000
0.960000
0.960000
0.960000
0.960000
0.960000
0.960000
0.960000
0.960000
0.960000
0.960000
0.960000
0.960000
0.960000
0.960000
0.960000
0.960000
0.960000
0.960000
0.960000
0.960000
0.960000
0.960000
0.960000
0.960000
0.960000
0.960000
0.960000
0.960000
0.960000
0.960000
0.960000
0.960000
0.960000
0.960000
0.960000
0.960000
0.960000
0.960000
0.960000
0.960000
0.960000
0.960000
0.960000
0.960000
0.960000
0.960000
0.960000
0.960000
0.960000
0.960000
0.960000
0.960000
0.960000
0.960000
0.960000
0.960000
0.960000
0.960000
0.960000
0.960000
0.960000
0.960000
0.960000
0.960000
0.960000
0.960000
0.960000
0.960000
0.960000
0.960000
0.960000
0.960000
0.960000
0.960000
0.960000
0.960000
0.960000
0.960000
0.960000
0.960000
0.960000
0.960000
0.960000
0.960000
0.960000
0.960000
0.960000
0.960000
0.960000
0.960000
0.960000
0.960000
0.960000
0.960000
0.960000
0.960000
0.960000
0.960000
0.960000
0.960000
0.960000
0.960000
0.960000
0.960000
0.960000
0.960000
0.960000
0.960000
0.960000
0.960000
0.960000
0.960000
0.960000
0.960000
0.960000
0.960000
0.960000
0.960000
0.960000
0.960000
0.960000
0.960000
0.960000
0.960000
0.960000
0.960000
0.960000
0.960000
0.960000
0.960000
0.960000
0.960000
0.960000
0.960000
0.960000
0.960000
0.960000
0.960000
0.960000
0.960000
0.960000
0.960000
0.960000
0.960000
0.960000
0.960000
0.960000
0.960000
0.960000
0.960000
0.960000
0.960000
0.960000
0.960000
0.960000
0.960000
0.960000
0.960000
0.960000
0.960000
0.960000
0.960000
0.960000
0.960000
0.960000
0.960000
0.960000
0.960000
0.960000
0.960000
0.960000
0.960000
0.960000
0.960000
0.960000
0.960000
0.960000
0.960000
0.960000
0.960000
0.960000
0.960000
0.960000
0.960000
0.960000
0.960000
0.960000
0.960000
0.960000
0.960000
0.960000
0.960000
0.960000
0.960000
0.960000
0.960000
0.960000
0.960000
0.960000
0.960000
0.960000
0.960000
0.960000
0.960000
0.960000
0.960000
0.960000
0.960000
0.960000
0.960000
0.960000
0.960000
0.960000
0.960000
0.960000
0.960000
0.960000
0.960000
0.960000
0.960000
0.960000
0.960000
0.960000
0.960000
0.960000
0.960000
0.960000
0.960000
0.960000
0.960000
0.960000
0.960000
0.960000
0.960000
0.960000
0.960000
0.960000
0.960000
0.960000
0.960000
0.960000
0.960000
0.960000
0.960000
0.960000
0.960000
0.960000
0.960000
0.960000
0.960000
0.960000
0.960000
0.960000
0.960000
0.960000
0.960000
0.960000
0.960000
0.960000
0.960000
0.960000
0.960000
0.960000
0.960000
0.960000
0.960000
0.960000
0.960000
0.960000
0.960000
0.960000
0.960000
0.960000
0.960000
0.960000
0.960000
0.960000
0.960000
0.960000
0.960000
0.960000
0.960000
0.960000
0.960000
0.960000
0.960000
0.960000
0.960000
0.960000
0.960000
0.960000
0.960000
0.960000
0.960000
0.960000
0.960000
0.960000
0.960000
0.960000
0.960000
0.960000
0.960000
0.960000
0.960000
0.960000
0.960000
0.960000
0.960000
0.960000
0.960000
0.960000
0.960000
0.960000
0.960000
0.960000
0.960000
0.960000
0.960000
0.960000
0.960000
0.960000
0.960000
0.960000
0.960000
0.960000
0.960000
0.960000
0.960000
0.960000
0.960000
0.960000
0.960000
0.960000
0.960000
0.960000
0.960000
0.960000
0.960000
0.960000
0.960000
0.960000
0.960000
0.960000
0.960000
0.960000
0.960000
0.960000
0.960000
0.960000
0.960000
0.960000
0.960000
0.960000
0.960000
0.960000
0.960000
0.960000
0.960000
0.960000
0.960000
0.960000
0.960000
0.960000
0.960000
0.960000
0.960000
0.960000
0.960000
0.960000
0.960000
0.960000
0.960000
0.960000
0.960000
0.960000
0.960000
0.960000
0.960000
0.960000
0.960000
0.960000
0.960000
0.960000
0.960000
0.960000
0.960000
0.960000
0.960000
0.960000
0.960000
0.960000
0.960000
0.960000
0.960000
0.960000
0.960000
0.960000
0.960000
0.960000
0.960000
0.960000
0.960000
0.960000
0.960000
0.960000
0.960000
0.960000
0.960000
0.960000
0.960000
0.960000
0.960000
0.960000
0.960000
0.960000
0.960000
0.960000
0.960000
0.960000
0.960000
0.960000
0.960000
0.960000
0.960000
0.960000
0.960000
0.960000
0.960000
0.960000
0.960000
0.960000
0.960000
0.960000
0.960000
0.960000
0.960000
0.960000
0.960000
0.960000
0.960000
0.960000
0.960000
0.960000
0.960000
0.960000
0.960000
0.960000
0.960000
0.960000
0.960000
0.960000
0.960000
0.960000
0.960000
0.960000
0.960000
0.960000
0.960000
0.960000
0.960000
0.960000
0.960000
0.960000
0.960000
0.960000
0.960000
0.960000
0.960000
0.960000
0.960000
0.960000
0.960000
0.960000
0.960000
0.960000
0.960000
0.960000
0.960000
0.960000
0.969724
1.011690
1.034721
1.058263
1.081293
1.104324
1.127354
1.150384
1.173926
1.186721
1.186721
1.186721
1.186721
1.186721
1.187233
1.187233
1.187233
1.187233
1.187233
1.187233
1.187745
1.187745
1.187745
1.192351
1.192351
1.192351
1.192351
1.192351
1.194910
1.194910
1.185186
1.143219
1.120189
1.096647
1.076175
1.053145
1.030115
1.007084
0.983542
0.971771
0.972283
0.972283
0.972283
0.972283
0.971771
0.971771
0.972283
0.972283
0.975865
0.975865
0.975354
0.976377
0.977912
0.973306
0.973306
0.998896
0.999407
0.999407
0.996849
0.996849
0.996849
0.996849
0.996849
0.996849
0.994290
0.994290
0.994290
0.994290
0.994290
0.993266
0.992754
0.992754
0.992754
0.992754
1.026020
1.096647
1.166250
1.236364
1.247623
1.250182
1.250182
1.249159
1.247623
1.247623
1.247623
1.222034
1.221522
1.221522
1.221522
1.221522
1.221522
1.221522
1.221522
1.221522
1.221522
1.221522
1.221522
1.221522
1.221522
1.221522
1.221522
1.221522
1.221522
1.221522
1.188256
1.117630
1.047515
0.977401
0.962559
0.960000
0.960000
0.960000
0.960000
0.960000
0.960000
0.960512
0.960512
0.979960
0.987636
0.987636
0.987636
0.987636
1.002478
1.019367
1.019367
1.021414
1.021414
1.022950
1.024997
1.024997
1.025509
1.025509
1.025509
1.025509
1.027044
1.027044
1.027044
1.027044
1.032162
1.045468
1.048027
1.073105
1.092041
1.092041
1.094600
1.094088
1.094088
1.074640
1.066963
1.066963
1.066963
1.066963
1.053145
1.036256
1.037280
1.035232
1.035232
1.033697
1.031650
1.031650
1.032674
1.032674
1.032674
1.032674
1.031138
1.031138
1.034721
1.036768
1.031650
1.018344
1.015785
0.990707
0.987125
1.012714
1.022438
1.022438
1.022438
1.022438
1.022438
1.022438
1.022438
1.022438
1.021414
1.021414
1.020902
1.046492
1.072081
1.075152
1.075152
1.075152
1.073616
1.073616
1.073616
1.073616
1.073616
1.073616
1.070034
1.067987
1.077199
1.102788
1.121212
1.121212
1.105859
1.080781
1.068499
1.068499
1.068499
1.068499
1.068499
1.068499
1.068499
1.068499
1.068499
1.068499
1.067987
1.042397
1.016808
1.013737
1.013737
1.013737
1.013737
1.013737
1.013737
1.013737
1.013737
1.013737
1.013737
1.013737
1.004525
0.978936
0.960512
0.960512
0.960512
0.960000
0.960000
0.960000
0.960000
0.960000
0.960000
0.960000
0.960000
0.960000
0.960000
0.960000
0.960000
0.960000
0.960000
0.960000
0.960000
0.960000
0.960000
0.960000
0.960000
0.960000
0.960000
0.960000
0.960000
0.960000
0.960000
0.960000
0.960000
0.960000
0.960000
0.960000
0.961535
0.963071
0.963582
0.963582
0.965630
0.972795
0.982007
0.982519
0.982519
0.985589
1.000943
1.004525
1.030626
1.039327
1.039327
1.039327
1.039327
1.039327
1.039327
1.039327
1.039327
1.039327
1.039327
1.039327
1.039327
1.039327
1.039327
1.039327
1.039327
1.039327
1.037791
1.036256
1.042397
1.067987
1.091017
1.125307
1.139637
1.162155
1.184674
1.204633
1.212310
1.231758
1.228176
1.237900
1.237900
1.249159
1.274236
1.291125
1.291125
1.291125
1.292149
1.292149
1.292149
1.292149
1.292149
1.292149
1.292149
1.292149
1.292149
1.292149
1.292149
1.292149
1.285496
1.259906
1.234829
1.193374
1.169832
1.146802
1.124283
1.101253
1.078222
1.055192
1.032674
1.014249
1.014249
1.002990
0.977912
0.961024
0.961024
0.961024
0.960000
0.960000
0.960000
0.960000
0.960000
0.960000
0.960000
0.960000
0.960000
0.960000
0.960000
0.960000
0.960000
0.960000
0.960000
0.960000
0.960000
0.960000
0.960000
0.960000
0.960000
0.960512
0.960512
0.960512
0.960512
0.960512
0.960512
0.960512
0.960512
0.960512
0.960512
0.960512
0.960512
0.961024
0.961024
0.961024
0.961024
0.961024
0.961024
0.961024
0.961024
0.961024
0.961024
0.961024
0.961024
0.961024
0.961024
0.961024
0.961024
0.961024
0.961024
0.961024
0.961024
0.961024
0.961024
0.961024
0.961024
0.961024
0.961024
0.961024
0.961024
0.961024
0.961024
0.960512
0.960512
0.960512
0.960512
0.960512
0.960512
0.960512
0.960512
0.960512
0.960512
0.960512
0.960512
0.960512
0.960512
0.960512
0.960512
0.960512
0.960512
0.960000
0.960000
0.960000
0.960000
0.960000
0.960000
0.960000
0.960000
0.960000
0.960000
0.960000
0.960000
0.960000
0.960000
0.960000
0.960000
0.960000
0.960000
0.960000
0.960000
0.960000
0.960000
0.960000
0.960000
0.960000
0.960000
0.960000
0.960000
0.960000
0.960000
0.960000
0.960000
0.960000
0.960000
0.960000
0.960000
0.960000
0.960000
0.960000
0.960000
0.960000
0.960000
0.960000
0.960000
0.960000
0.960000
0.960000
0.960000
0.960000
0.960000
0.960000
0.960000
0.960000
0.960000
0.960000
0.960000
0.960000
0.960000
0.960000
0.960000
0.960000
0.960000
0.960000
0.960000
0.960000
0.960000
0.960000
0.960000
0.960000
0.960000
0.960000
0.960000
0.960000
0.960000
0.960000
0.960000
0.960000
0.960000
0.960000
0.960000
0.960000
0.960000
0.960000
0.960000
0.960000
0.960000
0.960000
0.960000
0.960000
0.960000
0.960000
0.960000
0.960000
0.960000
0.960000
0.960000
0.960000
0.960000
0.960000
0.960000
0.960000
0.960000
0.960000
0.960000
0.960000
0.960000
0.960000
0.960000
0.960000
0.960000
0.960000
0.960000
0.960000
0.960000
0.960000
0.960000
0.960000
0.960000
0.960000
0.960000
0.960000
0.960000
0.960000
0.960000
0.960000
0.960000
0.960000
0.985077
0.985077
0.987636
0.988660
0.988660
0.988660
0.988660
0.989172
0.989172
0.989172
1.016808
1.017832
1.040862
1.041374
1.041374
1.041374
1.041374
1.041374
1.041374
1.041374
1.041374
1.041374
1.041374
1.041374
1.041374
1.041374
1.041374
1.041374
1.041374
1.041374
1.019367
1.029603
1.027556
1.026532
1.026532
1.026532
1.026532
1.026020
1.026020
1.046492
1.018855
1.017832
0.994801
0.994290
0.994290
0.994290
0.994290
0.994290
0.994290
0.994290
0.994290
0.994290
0.994290
0.994290
0.994290
0.994290
0.994290
0.994290
0.995313
1.024997
1.021926
1.011690
1.011179
1.011179
1.011179
1.011179
1.011179
1.011179
1.024485
1.017832
1.017832
1.017832
1.017832
1.017832
1.027556
1.042909
1.043933
1.043933
1.043933
1.043933
1.043933
1.043933
1.044445
1.044445
1.044445
1.044445
1.044445
1.044445
1.043421
1.013737
1.013737
1.016296
1.024485
1.024997
1.024997
1.024997
1.024997
1.024997
1.011690
0.997872
0.997872
0.997872
0.997872
0.997872
0.993266
0.978424
0.977912
0.979448
0.981495
0.982519
0.982519
0.982519
0.982007
0.988148
0.989172
1.005037
1.014249
1.028579
1.040350
1.050074
1.076175
1.083340
1.076687
1.083340
1.084364
1.091529
1.103812
1.117630
1.132984
1.141684
1.141684
1.141684
1.141684
1.141684
1.188256
1.227152
1.226640
1.225105
1.223058
1.222034
1.222034
1.222546
1.288566
1.354075
1.408836
1.401159
1.440567
1.434937
1.494304
1.509658
1.483557
1.473833
1.472809
1.465644
1.464621
1.457456
1.466156
1.475880
1.512728
1.558277
1.558789
1.558789
1.558789
1.581308
1.553159
1.537294
1.547018
1.547018
1.547018
1.547018
1.547018
1.546506
1.480486
1.408836
1.353051
1.344863
1.296243
1.287543
1.216405
1.191327
1.191327
1.200027
1.207704
1.207704
1.208728
1.210263
1.192351
1.168808
1.116606
1.062357
1.061845
1.061845
1.061845
1.039327
1.015785
0.992242
0.982519
0.982519
0.982519
0.982519
0.982519
0.982519
0.996337
1.007596
1.007596
1.010667
1.010667
1.010667
1.010667
1.010667
1.010667
1.001966
0.993778
0.993778
0.992754
0.991219
0.988148
0.988148
0.988148
0.988148
1.004525
1.027556
1.051098
1.074128
1.075152
1.075152
1.075152
1.075152
1.075152
1.075152
1.075152
1.075152
1.061334
1.050074
1.050074
1.047004
1.047004
1.047004
1.047004
1.047004
1.047004
1.047004
1.047004
1.047004
1.047004
1.047004
1.047004
1.047004
1.047004
1.047004
1.030626
1.007596
0.984054
0.961024
0.960000
0.960000
0.960000
0.961535
0.961535
0.961535
0.961535
0.961535
0.961535
0.961535
0.961535
0.986613
0.986613
0.986613
0.986613
0.986613
0.986613
0.986613
0.986613
0.986613
0.986613
0.986613
0.986613
0.986613
0.986613
0.986613
0.986613
0.986613
0.986613
0.986613
0.986613
0.986613
0.986613
0.985077
0.985077
0.985077
0.985077
0.985077
0.985077
0.985077
0.985077
0.960000
0.960000
0.960000
0.960000
0.960000
0.960000
0.960000
0.960000
0.960000
0.960000
0.960000
0.960000
0.960000
0.960000
0.960000
0.960000
0.960000
0.960000
0.960000
0.960000
0.960000
0.960000
0.960000
0.960000
0.961024
0.974330
0.974330
0.974330
0.974330
0.975354
0.975354
0.975354
0.975354
0.975354
0.975354
0.975354
0.975354
0.975354
0.975354
0.975354
0.975354
0.975354
0.975354
0.975354
0.975354
0.975354
0.975354
0.975354
0.975354
0.975354
0.975354
0.975354
0.975354
0.975354
0.974330
0.961024
0.961024
0.961024
0.961024
0.960512
0.964606
0.967677
0.976377
0.977912
0.977912
1.004014
1.005037
1.005037
1.005037
1.005037
1.005037
1.005037
1.005037
1.005037
1.005037
1.005037
1.005037
1.005037
1.005037
1.005037
1.005037
1.005037
1.005037
1.005037
1.005037
1.005037
1.005037
1.005037
1.005037
1.004525
1.000431
0.997360
0.988660
0.987125
0.987125
0.961024
0.960000
0.960000
0.960000
0.960000
0.960000
0.960000
0.960000
0.960000
0.960000
0.960000
0.960000
0.960000
0.960000
0.960000
0.960000
0.960000
0.960000
0.960000
0.960000
0.960000
0.960512
0.960512
0.960512
0.960512
0.960512
0.960512
0.960512
0.960512
0.960512
0.960512
0.960512
0.960512
0.960512
0.960512
0.960512
0.960512
0.960512
0.960512
0.960512
0.960512
0.960512
0.960512
0.960512
0.960512
0.960512
0.960512
0.960512
0.960512
0.960512
0.960512
0.960000
0.960000
0.960000
0.960000
0.960000
0.960000
0.960000
0.960000
0.960000
0.960000
0.960000
0.960000
0.960000
0.960000
0.960000
0.960000
0.960000
0.960000
0.960000
0.960000
0.960000
0.960000
0.960000
0.960000
0.960000
0.960000
0.960000
0.960000
0.960000
0.960000
0.960000
0.960000
0.960000
0.960000
0.960000
0.960000
0.960000
0.960000
0.960000
0.960000
0.960000
0.960000
0.960000
0.960000
0.960000
0.960000
0.960000
0.960000
0.960000
0.960000
0.960000
0.960000
0.960000
0.960000
0.960000
0.960000
0.960000
0.960000
0.960000
0.960000
0.960000
0.960000
0.960000
0.960000
0.960000
0.960000
0.960000
0.960000
0.960000
0.960000
0.960000
0.960000
0.960000
0.960000
0.960000
0.960000
0.960000
0.960000
0.960000
0.960000
0.960000
0.960000
0.960000
0.960000
0.960000
0.960000
0.960000
0.960000
0.960000
0.960000
0.960000
0.960000
0.960000
0.960000
0.960000
0.960000
0.960000
0.960000
0.960000
0.960000
0.960000
0.960000
0.960000
0.960000
0.960000
0.960000
0.960000
0.960000
0.960000
0.960000
0.960000
0.960000
0.960000
0.960000
0.960000
0.960000
0.960000
0.960000
0.960000
0.960000
0.960000
0.960000
0.960000
0.960000
0.960000
0.960000
0.960000
0.960000
0.960000
0.960000
0.960000
0.960000
0.960000
0.960000
0.960000
0.960000
0.960000
0.960000
0.960000
0.960000
0.960000
0.960000
0.960000
0.960000
0.960000
0.960000
0.960000
0.960000
0.960000
0.960000
0.960000
0.960000
0.960000
0.960000
0.960000
0.960000
0.960000
0.960000
0.960000
0.960000
0.960512
0.960512
0.960512
0.960512
0.960512
0.960512
0.960512
0.960512
0.960512
0.960512
0.960512
0.960512
0.960512
0.960512
0.960512
0.960512
0.960512
0.960512
0.960512
0.960512
0.960512
0.960512
0.960512
0.960512
0.960512
0.960512
0.960512
0.960512
0.960512
0.960512
0.960000
0.960000
0.960000
0.960000
0.960000
0.960000
0.960000
0.960000
0.960000
0.960000
0.960000
0.960000
0.960512
0.960512
0.960512
0.960512
0.960512
0.960512
0.960512
0.960512
0.960512
0.960512
0.960512
0.960512
0.960512
0.960512
0.960512
0.960512
0.960512
0.960512
0.960512
0.960512
0.960512
0.960512
0.960512
0.960512
0.960512
0.960512
0.960512
0.960512
0.960512
0.960512
0.960000
0.960000
0.960000
0.960000
0.960000
0.960000
0.960000
0.960000
0.960000
0.960000
0.960000
0.960000
0.960000
0.960000
0.960000
0.960000
0.960000
0.960000
0.960000
0.960000
0.960000
0.960000
0.960000
0.960000
0.960000
0.960000
0.960000
0.960000
0.960000
0.960000
0.960000
0.960000
0.960000
0.960000
0.960000
0.960000
0.960000
0.960000
0.960000
0.960000
0.960000
0.960000
0.960000
0.960000
0.960000
0.960000
0.960000
0.960000
0.960000
0.960000
0.960000
0.960000
0.960000
0.960000
0.960000
0.960000
0.960512
0.960512
0.960512
0.960512
0.960512
0.960512
0.960512
0.960512
0.960512
0.960512
0.960512
0.960512
0.960512
0.960512
0.960512
0.960512
0.960512
0.960512
0.960512
0.960512
0.960512
0.960512
0.960512
0.960512
0.960512
0.960512
0.960512
0.960512
0.960512
0.960512
0.960000
0.960000
0.960000
0.960000
0.960000
0.960000
0.960000
0.960000
0.960000
0.960000
0.960000
0.960000
0.960000
0.960000
0.960000
0.960000
0.960000
0.960000
0.960000
0.960000
0.960000
0.960000
0.960000
0.960000
0.960000
0.960000
0.960000
0.960000
0.960000
0.960000
0.960000
0.960000
0.960000
0.960000
0.960000
0.960000
0.960000
0.960000
0.960000
0.960000
0.960000
0.960000
0.960000
0.960000
0.960000
0.960000
0.960000
0.960000
0.960000
0.960000
0.960000
0.960000
0.960000
0.960000
0.960512
0.960512
0.960512
0.960512
0.960512
0.960512
0.960512
0.960512
0.960512
0.960512
0.960512
0.960512
0.960512
0.960512
0.960512
0.960512
0.960512
0.960512
0.960512
0.960512
0.960512
0.960512
0.960512
0.960512
0.987636
0.987636
0.987636
0.989684
0.991219
0.991219
0.990707
0.990707
0.990707
0.990707
0.990707
0.990707
0.990707
0.990707
0.990707
0.990707
0.990707
0.990707
0.990707
0.990707
0.990707
0.993266
0.993266
0.993266
0.993266
0.993266
0.993266
0.993266
0.993266
0.993266
0.966141
0.966141
0.966141
0.964094
0.962559
0.962559
0.962559
0.962559
0.962559
0.962559
0.962559
0.962559
0.962559
0.962559
0.962559
0.962559
0.962559
0.984054
0.984054
0.984054
0.984054
0.981495
0.981495
0.981495
0.981495
0.981495
1.010155
1.010667
1.010667
1.010667
1.010667
1.010667
1.010667
1.010667
1.010667
1.010667
1.010667
1.010667
1.010667
1.013226
1.015273
1.015785
1.015785
1.015785
1.015785
1.015785
1.015785
0.994290
1.000943
1.015785
1.028579
1.033185
1.033185
1.034209
1.034209
1.040350
1.011690
1.014761
1.014761
1.014761
1.014761
1.015273
1.015273
1.015273
1.015273
1.015273
1.015273
1.015273
1.015273
1.012714
1.010667
1.012202
1.037280
1.037791
1.037791
1.037791
1.037791
1.037791
1.031138
1.016296
1.003502
0.998896
0.998896
0.997872
0.997872
0.991731
0.991731
0.988148
0.991219
0.991219
0.991219
0.992754
0.994801
0.994801
0.994801
0.994801
0.994801
1.002478
1.020902
1.020902
1.021414
1.019367
0.994290
0.993778
0.993778
0.993778
0.993778
0.993778
0.993778
0.993778
0.993778
0.993778
0.993778
0.993778
0.993778
0.993778
0.993778
0.993778
0.990707
0.990707
0.990707
0.988660
0.986613
0.986613
0.986613
0.986613
0.986613
0.978936
0.960512
0.960512
0.960000
0.960000
0.960000
0.960000
0.960000
0.960000
0.960000
0.960000
0.960000
0.960000
0.960000
0.960000
0.960000
0.960000
0.960000
0.960000
0.960512
0.960512
0.960512
0.960512
0.960512
0.960512
0.960512
0.960512
0.960512
0.960512
0.960512
0.960512
0.960512
0.960512
0.960512
0.960512
0.960512
0.960512
0.960512
0.960512
0.960512
0.960512
0.960512
0.960512
0.960512
0.960512
0.960512
0.960512
0.960512
0.960512
0.960000
0.960000
0.960000
0.960000
0.960000
0.960000
0.960000
0.960000
0.960000
0.960000
0.960000
0.960000
0.960000
0.960000
0.960000
0.960000
0.960000
0.960000
0.960000
0.960000
0.960000
0.960000
0.960000
0.960000
0.960000
0.960000
0.960000
0.960000
0.960000
0.960000
0.960000
0.960000
0.960000
0.960000
0.960000
0.960000
0.960000
0.960000
0.960000
0.960000
0.960000
0.960000
0.960000
0.960000
0.960000
0.960000
0.960000
0.960000
0.960000
0.960000
0.960000
0.960000
0.960000
0.960000
0.960000
0.960000
0.960000
0.960000
0.960000
0.960000
0.960000
0.960000
0.960000
0.960000
0.960000
0.960000
0.960000
0.960000
0.960000
0.960000
0.960000
0.960000
0.960000
0.960000
0.960000
0.960000
0.960000
0.960000
0.960000
0.960000
0.960000
0.960000
0.960000
0.960000
0.960000
0.960000
0.960000
0.960000
0.960000
0.960000
0.960000
0.960000
0.960000
0.960000
0.960000
0.960000
0.960000
0.960000
0.960000
0.960000
0.960000
0.960000
0.960000
0.960000
0.960000
0.960000
0.960000
0.960000
0.960000
0.960000
0.960000
0.960000
0.960000
0.960000
0.960000
0.960000
0.960000
0.960000
0.960000
0.960000
0.960000
0.960000
0.960000
0.960000
0.960000
0.960000
0.960000
0.960000
0.960000
0.960000
0.960000
0.960000
0.960000
0.960000
0.960000
0.960000
0.960000
0.960000
0.960000
0.960000
0.960000
0.960000
0.960000
0.960000
0.960000
0.960000
0.960000
0.960000
0.960000
0.960000
0.960000
0.960000
0.960000
0.960000
0.960000
0.960000
0.960000
0.960000
0.960000
0.960000
0.960000
0.960000
0.960000
0.960000
0.960000
0.960000
0.960000
0.960000
0.960000
0.960000
0.960000
0.960000
0.960000
0.960000
0.960000
0.960000
0.960000
0.960000
0.960000
0.960000
0.960000
0.960000
0.960000
0.960000
0.960000
0.960000
0.960000
0.960000
0.960000
0.960000
0.960000
0.960000
0.960000
0.960000
0.960000
0.960000
0.960000
0.960000
0.960000
0.960000
0.962559
0.962559
0.962559
0.962559
0.962559
0.962559
0.962559
0.966141
0.966141
0.966141
0.966141
0.966141
0.966141
0.995313
0.995313
0.995313
0.995313
0.996337
0.996337
0.996849
0.996849
0.997872
0.998384
0.998896
0.998896
1.012202
1.030115
1.036256
1.040350
1.040350
1.037791
1.043421
1.050586
1.050586
1.051610
1.051610
1.051610
1.048027
1.048027
1.048027
1.048027
1.048027
1.048027
1.018855
1.018855
1.018855
1.018855
1.017832
1.017832
1.017320
1.017320
1.016296
1.015785
1.015273
1.015273
1.001966
0.984054
0.977912
0.973818
0.973818
0.973818
0.968189
0.961024
0.961024
0.960000
0.960000
0.960000
0.960000
0.960000
0.960000
0.960000
0.960000
0.960000
0.960000
0.960000
0.960000
0.960000
0.960000
0.960000
0.960000
0.960000
0.960000
0.960000
0.960000
0.960000
0.960000
0.960000
0.960000
0.960000
0.960000
0.960000
0.963071
0.963071
0.963582
0.963582
0.963582
0.963582
0.963582
0.963582
0.971771
0.984566
0.990707
0.990707
1.031650
1.046492
1.052633
1.052633
1.052633
1.056216
1.073105
1.089994
1.105347
1.125307
1.137590
1.149872
1.164714
1.176997
1.191327
1.199516
1.210775
1.210775
1.207704
1.207704
1.207192
1.207192
1.207192
1.207192
1.210775
1.227664
1.228176
1.227664
1.222034
1.222034
1.181091
1.166250
1.160108
1.160108
1.160108
1.156526
1.139637
1.122748
1.107394
1.087435
1.075152
1.062869
1.048027
1.035744
1.021414
1.013226
1.001966
1.001966
1.001966
1.001966
1.001966
1.001966
1.001966
1.001966
0.998384
0.981495
0.972795
0.960512
0.960000
0.960000
0.960000
0.960000
0.960000
0.960000
0.960000
0.960000
0.960000
0.960000
0.960000
0.960000
0.960000
0.960000
0.960000
0.963582
0.972283
0.986613
0.987125
0.987125
0.987125
0.987125
0.987125
0.987125
0.987125
0.987125
0.987125
0.993266
1.011690
1.011690
1.017832
1.018344
1.019367
1.019367
1.019367
1.019367
1.019367
1.019367
1.019367
1.019367
1.019367
1.019367
1.019367
1.019367
1.019367
1.015785
1.008108
0.993778
1.020902
1.020902
1.020902
1.020902
1.022950
1.026020
1.026020
1.026020
1.042397
1.064404
1.055192
1.058775
1.065428
1.066963
1.065940
1.065940
1.065940
1.065940
1.065940
1.065940
1.065940
1.065940
1.065940
1.065940
1.065940
1.065940
1.065940
1.065940
1.064916
1.064916
1.037280
1.037791
1.037791
1.052633
1.070546
1.069010
1.071057
1.071569
1.062869
1.034721
1.049562
1.049051
1.036256
1.034209
1.034209
1.034209
1.034721
1.034721
1.034721
1.037280
1.044956
1.049051
1.049051
1.049051
1.049051
1.049051
1.049051
1.049051
1.049051
1.049051
1.049051
1.049051
1.049562
1.035232
1.015273
1.013737
1.011690
1.011179
1.003502
1.003502
0.979448
0.976377
0.976377
0.976377
0.976377
0.976889
0.976377
0.982519
1.001455
1.010155
1.002478
0.998384
0.998384
0.998384
0.998384
0.998384
1.000431
1.006061
1.008620
1.008620
1.008620
1.020391
1.045468
1.073616
1.080270
1.093064
1.095111
1.095623
1.095623
1.097159
1.097159
1.126842
1.136566
1.149361
1.162155
1.168297
1.202586
1.228687
1.218963
1.207704
1.207704
1.208728
1.208728
1.208728
1.208728
1.208728
1.206681
1.201051
1.198492
1.198492
1.221522
1.213334
1.187745
1.159085
1.152431
1.139637
1.137590
1.148337
1.154479
1.227152
1.301361
1.306479
1.370964
1.432890
1.487651
1.497887
1.496863
1.491233
1.505052
1.505052
1.505563
1.504540
1.504540
1.504540
1.504540
1.504540
1.504540
1.504540
1.504540
1.504540
1.481509
1.477415
1.477415
1.485604
1.527058
1.527570
1.527570
1.532176
1.552136
1.487651
1.413442
1.378641
1.304432
1.229711
1.162155
1.145266
1.112000
1.085387
1.062357
1.062357
1.061845
1.061845
1.064404
1.083852
1.108930
1.116606
1.117118
1.117118
1.117118
1.117118
1.117118
1.117118
1.117118
1.108930
1.073616
1.078734
1.079246
1.063381
1.037280
1.027556
1.027556
1.027556
1.027556
1.027556
1.027556
1.028067
1.028579
1.029091
1.029091
1.029091
1.029091
1.029091
1.026532
1.007084
0.982007
0.974842
0.974330
0.974330
0.974330
0.974330
0.974330
1.017832
1.041374
1.064916
1.082317
1.100229
1.123260
1.146290
1.167273
1.167273
1.167273
1.167273
1.167273
1.172391
1.172391
1.171879
1.171367
1.170856
1.170856
1.170856
1.170856
1.170856
1.170856
1.170856
1.171879
1.171367
1.171367
1.171879
1.181091
1.200027
1.201051
1.157549
1.134007
1.110465
1.086923
1.063381
1.039839
1.016808
0.995825
0.995825
0.995825
0.995825
0.995825
0.990707
0.990707
0.990707
0.990707
0.990707
0.990707
0.990707
0.990707
0.990707
0.990707
0.990707
0.989684
0.989684
0.989684
0.989172
0.979960
0.961024
0.960000
0.960000
0.960000
0.960000
0.960000
0.960000
0.960000
0.960000
0.960000
0.960000
0.960000
0.960000
0.960000
0.960000
0.960512
0.960512
0.960512
0.960512
0.960512
0.960512
0.960512
0.960512
0.960512
0.960512
0.960512
0.960512
0.960512
0.960512
0.960512
0.960512
0.960512
0.960512
0.960512
0.960512
0.960512
0.960512
0.960512
0.960512
0.964606
0.964606
0.964606
0.968700
0.980983
1.023461
1.055704
1.081293
1.104835
1.128377
1.151408
1.199004
1.222546
1.241994
1.242506
1.242506
1.244553
1.244553
1.250694
1.251206
1.251206
1.251206
1.251206
1.251206
1.251206
1.251206
1.251206
1.251206
1.251206
1.251206
1.247112
1.247112
1.247112
1.243017
1.230735
1.188256
1.155502
1.129913
1.117118
1.107394
1.084364
1.039839
1.016296
0.996849
0.996337
0.996337
0.994290
0.994290
0.988148
0.987636
0.987636
0.987636
0.987636
0.987636
0.987636
0.987636
0.987636
0.987636
0.987636
0.987636
0.987636
0.987636
0.987636
0.987636
0.987636
0.987636
0.987636
0.987636
0.976889
0.963071
0.963071
0.960000
0.960000
0.960000
0.960000
0.960000
0.960000
0.960000
0.960000
0.960000
0.960000
0.960000
0.960000
0.960000
0.960000
0.960000
0.960000
0.960000
0.960000
0.960000
0.960000
0.960000
0.960000
0.960000
0.960000
0.960000
0.960000
0.960000
0.960000
0.960000
0.960000
0.960000
0.960000
0.960000
0.960000
0.960000
0.960000
0.960000
0.960000
0.960000
0.960000
0.960000
0.960000
0.960000
0.960000
0.960000
0.960000
0.960000
0.960000
0.960000
0.960000
0.960000
0.960000
0.960000
0.960000
0.960000
0.960000
0.960000
0.960000
0.960000
0.960000
0.960000
0.960000
0.960000
0.960000
0.960000
0.960000
0.960000
0.960000
0.960000
0.960000
0.960000
0.960000
0.960000
0.960000
0.960000
0.960000
0.960000
0.960000
0.960000
0.960000
0.960000
0.960000
0.960000
0.960000
0.960000
0.960000
0.960000
0.960000
0.960000
0.960000
0.960000
0.960000
0.960000
0.960000
0.960000
0.960000
0.960000
0.960000
0.960000
0.960000
0.960000
0.960000
0.960000
0.960000
0.960000
0.960000
0.960000
0.960000
0.960000
0.960000
0.960000
0.960000
0.960000
0.960000
0.960000
0.960000
0.960000
0.960000
0.960000
0.960000
0.960000
0.960000
0.960000
0.960000
0.960000
0.960000
0.960000
0.960000
0.960000
0.960000
0.960000
0.960000
0.960000
0.960000
0.960000
0.960000
0.960000
0.960000
0.960000
0.960000
0.960000
0.960000
0.960000
0.960000
0.960000
0.960000
0.960000
0.960000
0.960000
0.960000
0.960000
0.960000
0.960000
0.960000
0.960000
0.960000
0.960000
0.960000
0.960000
0.960000
0.960000
0.960000
0.960000
0.960000
0.960000
0.960000
0.960000
0.960000
0.960000
0.960000
0.960000
0.960000
0.960000
0.960000
0.960000
0.960000
0.960000
0.960000
0.960000
0.960000
0.960000
0.960000
0.960000
0.960000
0.960000
0.960000
0.960000
0.960000
0.960000
0.960000
0.960000
0.960000
0.960000
0.960000
0.960000
0.960000
0.960000
0.960000
0.960000
0.960000
0.960000
0.960000
0.960000
0.960000
0.960000
0.960000
0.960000
0.960000
0.960000
0.960000
0.960000
0.960000
0.960000
0.960000
0.960000
0.960000
0.960000
0.960000
0.960000
0.960000
0.960000
0.960000
0.960000
0.960000
0.960000
0.960000
0.960000
0.960000
0.960000
0.960000
0.960000
0.960000
0.960000
0.960000
0.960000
0.960000
0.960000
0.960000
0.960000
0.960000
0.960000
0.960000
0.960000
0.960000
0.960000
0.960000
0.960000
0.960000
0.960000
0.960000
0.960000
0.960000
0.960000
0.960000
0.960000
0.960000
0.960000
0.960000
0.960000
0.960000
0.960000
0.960000
0.960000
0.960000
0.960000
0.960000
0.960000
0.960000
0.960000
0.960000
0.960000
0.960000
0.960000
0.960000
0.960000
0.960000
0.960000
0.960000
0.960000
0.960000
0.960000
0.960000
0.960000
0.960000
0.960000
0.960000
0.960000
0.960000
0.960000
0.960000
0.960000
0.960000
0.960000
0.960000
0.960000
0.960000
0.960000
0.960000
0.960000
0.960000
0.960000
0.960000
0.960000
0.960000
0.960000
0.960000
0.960000
0.960000
0.960000
0.960000
0.960000
0.960000
0.960000
0.960000
0.960000
0.960000
0.960000
0.960000
0.960000
0.960000
0.960000
0.960000
0.960000
0.960000
0.960000
0.960000
0.960000
0.960000
0.960000
0.960000
0.960000
0.960000
0.960000
0.960000
0.960000
0.960000
0.960000
0.960000
0.960000
0.960000
0.960000
0.960000
0.960000
0.960000
0.960000
0.960000
0.960000
0.960000
0.960000
0.960000
0.960000
0.960000
0.960000
0.960000
0.960000
0.960000
0.960000
0.960000
0.960000
0.960000
0.960000
0.960000
0.960000
0.960000
0.960000
0.960000
0.960000
0.960000
0.960000
0.960000
0.960000
0.960000
0.960000
0.960000
0.960000
0.960000
0.960000
0.960000
0.960000
0.960000
0.960000
0.960000
0.960000
0.960000
0.960000
0.960000
0.960000
0.960000
0.960000
0.960000
0.960000
0.960000
0.960000
0.960000
0.960000
0.960000
0.960000
0.960000
0.960000
0.960000
0.960000
0.960000
0.960000
0.960000
0.960000
0.960000
0.960000
0.960000
0.960000
0.960000
0.960000
0.960000
0.960000
0.960000
0.960000
0.960000
0.960000
0.960000
0.960000
0.960000
0.960000
0.960000
0.960000
0.960000
0.960000
0.960000
0.960000
0.960000
0.960000
0.960000
0.960000
0.960000
0.960000
0.960000
0.960000
0.960000
0.960000
0.960000
0.960000
0.960000
0.960000
0.960000
0.960000
0.960000
0.960000
0.960000
0.960000
0.960000
0.960000
0.960000
0.960000
0.960000
0.960000
0.960000
0.960000
0.960000
0.960000
0.960000
0.960000
0.960000
0.960000
0.960000
0.960000
0.960000
0.960000
0.960000
0.960000
0.960000
0.960000
0.960000
0.960000
0.960000
0.960000
0.960000
0.960000
0.960000
0.960000
0.960000
0.960000
0.960000
0.960000
0.960000
0.960000
0.960000
0.960000
0.960000
0.960000
0.960000
0.960000
0.960000
0.960000
0.960000
0.960000
0.960000
0.960000
0.962047
0.992754
0.993266
0.995825
1.041886
1.042909
1.042909
1.042909
1.042909
1.042909
1.042909
1.042909
1.042909
1.042909
1.042909
1.042909
1.042909
1.042909
1.042909
1.042909
1.042909
1.045468
1.048539
1.048539
1.048539
1.048539
1.050074
1.052121
1.052121
1.052121
1.050074
1.020902
1.021926
1.028579
0.983542
0.982519
0.982519
0.982519
0.985077
0.985077
0.985077
0.985077
1.001455
1.014761
1.014761
1.015273
1.015785
1.015785
1.021414
1.021926
1.021926
1.019367
1.016296
1.018344
1.018344
1.018344
1.016808
1.016296
1.016296
1.016296
1.017320
1.015785
1.014249
1.005037
1.004014
1.004014
1.004014
1.004014
1.001455
1.001455
1.003502
1.003502
0.987125
0.973818
0.973818
0.973306
0.972795
0.972795
0.967677
0.968700
0.968700
0.969212
0.969212
0.967165
0.967165
0.967165
0.967165
0.965630
0.965630
0.965630
0.964606
0.998896
1.001455
1.001455
1.002990
1.002990
1.002990
1.002990
1.002990
1.002990
1.000943
1.000943
1.000943
1.000943
1.000943
1.000943
1.000943
1.000943
1.000431
0.998896
0.998896
0.998384
0.998384
0.998384
0.998384
0.998384
0.998384
0.998384
0.998384
0.998384
0.998384
0.964094
0.961535
0.961535
0.960000
0.960000
0.960000
0.960000
0.960000
0.960000
0.960000
0.960000
0.960000
0.960000
0.960000
0.960000
0.960000
0.960000
0.960000
0.960000
0.960000
0.960512
0.960512
0.960512
0.960512
0.960512
0.960512
0.960512
0.960512
0.960512
0.960512
0.960512
0.960512
0.960512
0.960512
0.960512
0.960512
0.960512
0.960512
0.960512
0.960512
0.960512
0.960512
0.960512
0.960512
0.960512
0.960512
0.960512
0.960512
0.960512
0.960512
0.960000
0.960000
0.960000
0.960000
0.960000
0.960000
0.960000
0.960000
0.960000
0.960000
0.960000
0.960000
0.960000
0.960000
0.960000
0.960000
0.960000
0.960000
0.960000
0.960000
0.960000
0.960000
0.960000
0.960000
0.960000
0.960000
0.960000
0.960000
0.960000
0.960000
0.960000
0.960000
0.960000
0.960000
0.960000
0.960000
0.960000
0.960000
0.960000
0.960000
0.960000
0.960000
0.960000
0.960000
0.960000
0.960000
0.960000
0.960000
0.960000
0.960000
0.960000
0.960000
0.960000
0.960000
0.960000
0.960000
0.960000
0.960000
0.960000
0.960000
0.960000
0.960000
0.960000
0.960000
0.960000
0.960000
0.960000
0.960000
0.966141
0.985077
0.985589
0.985589
0.985589
0.985589
0.985589
0.985589
0.985589
0.985589
0.985589
0.986101
0.986101
0.986101
0.991219
0.991219
0.991219
0.991219
0.991219
0.991219
0.991219
0.999919
0.999919
0.999919
0.999919
0.999919
1.001966
1.001966
1.003502
1.003502
0.997360
0.978424
0.977912
0.977912
0.977912
0.977912
0.977912
0.977912
0.977912
0.977912
0.977912
0.977401
0.977401
0.977401
0.972283
0.972283
0.972283
0.972283
0.972283
0.972283
0.972283
0.963582
0.963582
0.963582
0.963582
0.976377
0.989684
0.989684
0.988148
0.988148
0.988148
0.988148
0.988148
0.988148
0.988148
0.988148
0.988148
0.988148
0.988148
0.988148
0.988148
0.988148
0.988148
0.988148
0.988148
0.988148
0.988148
0.988148
0.988148
0.988660
1.004014
1.011690
1.036256
1.039839
1.039839
1.027044
1.011690
1.011690
1.011690
1.013226
1.018344
1.021414
1.021414
1.023461
1.023461
1.023461
1.023973
1.026020
1.030626
1.040350
1.057751
1.076687
1.120701
1.146290
1.146290
1.154990
1.161132
1.167785
1.173415
1.172903
1.165738
1.165226
1.142707
1.149361
1.172391
1.188256
1.188256
1.188256
1.189792
1.188256
1.183138
1.180068
1.180068
1.178021
1.178021
1.178021
1.177509
1.175462
1.170856
1.161132
1.143731
1.124795
1.080781
1.066451
1.073616
1.080270
1.089994
1.083340
1.077711
1.077711
1.069522
1.062357
1.060310
1.050074
1.027044
1.011179
1.011179
1.011179
1.009643
1.009643
1.009643
1.009643
1.009643
1.009643
1.009643
1.009643
1.015785
1.040862
1.062357
1.062869
1.069010
1.076687
1.076687
1.065428
1.058263
1.042909
1.027044
1.031650
1.039839
1.054680
1.079758
1.099717
1.100229
1.100229
1.100229
1.100229
1.115071
1.122748
1.122748
1.122748
1.126842
1.127354
1.127354
1.127354
1.127866
1.127866
1.121724
1.096647
1.075152
1.074640
1.068499
1.060822
1.060822
1.060822
1.060822
1.060822
1.061845
1.073616
1.065940
1.077199
1.059798
1.039839
1.045980
1.045980
1.045980
1.045980
1.031138
1.024997
1.024997
1.024997
1.020902
1.020391
1.020391
1.024997
1.024997
1.024997
1.024997
1.049051
1.049562
1.049562
1.071057
1.092552
1.095623
1.098182
1.098182
1.098182
1.101253
1.085899
1.085387
1.059286
1.051610
1.051610
1.048027
1.073105
1.123771
1.126842
1.127354
1.125819
1.125819
1.125819
1.125819
1.125819
1.125819
1.121212
1.121212
1.121212
1.121212
1.097159
1.096647
1.096647
1.075152
1.053657
1.050586
1.048027
1.048027
1.048027
1.043933
1.042909
1.042909
1.042909
1.042909
1.042909
1.040862
1.015785
0.965118
0.962047
0.961535
0.961535
0.961535
0.963582
0.963582
0.963582
0.963582
0.963582
0.963071
0.963071
0.984054
1.009643
1.026532
1.042909
1.076175
1.100741
1.116095
1.116606
1.116606
1.116606
1.116606
1.116606
1.116606
1.116606
1.116606
1.116606
1.135031
1.135542
1.135542
1.135542
1.135542
1.135542
1.135542
1.133495
1.133495
1.133495
1.133495
1.133495
1.133495
1.133495
1.112512
1.086923
1.070034
1.053657
1.036256
1.019367
1.004014
1.003502
1.003502
1.003502
1.003502
1.003502
1.003502
1.003502
1.003502
1.003502
0.984054
0.983542
0.983542
0.983542
0.983542
0.983542
0.983542
0.983542
0.983542
0.983542
0.983542
0.983542
0.983542
0.983542
0.983542
0.983542
0.983542
0.983542
0.967677
0.960000
0.960000
0.960000
0.960000
0.960000
0.960000
0.960000
0.960000
0.960000
0.960000
0.960000
0.960000
0.960000
0.960000
0.960000
0.960000
0.960000
0.960000
0.976377
1.016296
1.039327
1.062357
1.085899
1.108930
1.131960
1.139125
1.139125
1.139125
1.139125
1.139125
1.141172
1.142196
1.142196
1.142196
1.142196
1.142196
1.142196
1.142196
1.142196
1.142196
1.142196
1.142196
1.142196
1.142196
1.142196
1.142196
1.142196
1.142196
1.125819
1.085899
1.062869
1.039839
1.016296
0.993266
0.970236
0.966141
0.966141
0.966141
0.966141
0.966141
0.964094
0.963071
0.963071
0.963071
0.963071
0.963071
0.963071
0.963071
0.963071
0.963071
0.963071
0.963071
0.963071
0.963071
0.963071
0.963071
0.963071
0.963071
0.963071
0.963071
0.963071
0.963071
0.963071
0.963071
0.963071
0.960000
0.960000
0.960000
0.960000
0.960000
0.960000
0.960000
0.960000
0.960000
0.960000
0.960000
0.960000
0.960000
0.960000
0.960000
0.960000
0.960000
0.960000
0.960000
0.960000
0.960000
0.960000
0.960000
0.960000
0.960000
0.960000
0.960000
0.960000
0.960000
0.960000
0.960000
0.960000
0.960000
0.960000
0.960000
0.960000
0.960000
0.960000
0.960000
0.960000
0.960000
0.960000
0.960000
0.960000
0.960000
0.960000
0.960000
0.960000
0.960000
0.960000
0.960000
0.960000
0.960000
0.960000
0.960000
0.960000
0.960000
0.960000
0.960000
0.960000
0.960000
0.960000
0.960000
0.960000
0.960000
0.960000
0.960000
0.960000
0.960000
0.960000
0.960000
0.960000
0.960000
0.960000
0.960000
0.960000
0.960000
0.960000
0.960000
0.960000
0.960000
0.960000
0.960000
0.960000
0.960000
0.960000
0.960000
0.960000
0.960000
0.960000
0.960000
0.960000
0.960000
0.960000
0.960000
0.960000
0.960000
0.960000
0.960000
0.960000
0.960000
0.960000
0.960000
0.960000
0.960000
0.960000
0.960000
0.960000
0.960000
0.960000
0.960000
0.960000
0.960000
0.960000
0.965118
0.966653
0.966653
0.967677
0.968189
1.006061
1.086411
1.108930
1.160108
1.162667
1.174950
1.175973
1.175973
1.175973
1.175973
1.175973
1.175973
1.185186
1.201563
1.212822
1.215893
1.218963
1.218963
1.218963
1.218963
1.228176
1.248135
1.248135
1.248135
1.248135
1.243017
1.241482
1.241482
1.240458
1.239947
1.202075
1.121724
1.119677
1.068499
1.065940
1.053657
1.052633
1.052633
1.052633
1.052633
1.052633
1.052633
1.043421
1.028067
1.077199
1.135542
1.198492
1.260418
1.326950
1.376082
1.367381
1.347422
1.347422
1.369940
1.376593
1.379664
1.457967
1.513240
1.514776
1.514776
1.514776
1.514776
1.494304
1.494304
1.494304
1.494304
1.494304
1.494304
1.494304
1.494304
1.494304
1.494304
1.494304
1.493281
1.432890
1.371476
1.305455
1.243529
1.176997
1.127866
1.127354
1.127354
1.127354
1.104835
1.098182
1.095111
1.016808
0.961535
0.960000
0.960000
0.960000
0.960000
0.960000
0.960000
0.960000
0.960000
0.960000
0.960000
0.960000
0.960000
0.960000
0.960000
0.960000
0.960000
0.960000
0.960000
0.960000
0.960000
0.960000
0.960000
0.960000
0.960000
0.960000
0.960000
0.960000
0.960000
0.960000
0.960000
0.960000
0.960000
0.960000
0.960000
0.960000
0.960000
0.960000
0.960000
0.960000
0.960000
0.960000
0.960000
0.960000
0.960000
0.960000
0.960000
0.960000
0.960000
0.960000
0.960000
0.960000
0.961535
0.966653
0.971259
0.973818
0.973818
0.973818
0.973818
0.973818
0.973818
0.973818
0.973818
0.973818
0.973818
0.973818
0.973818
0.973818
0.973818
0.973818
0.973818
0.973818
0.973818
0.973818
0.973818
0.973818
0.973818
0.973818
0.973818
0.973818
0.973818
0.973818
0.972283
0.967165
0.962559
0.960000
0.960000
0.960000
0.960000
0.960000
0.981495
0.981495
0.998896
1.001455
1.001455
1.001455
1.001455
1.001455
1.001455
1.001455
1.001455
1.001455
1.001455
1.001455
1.001455
1.001455
1.001455
1.001455
1.001455
1.001455
1.001455
1.001455
1.001455
1.001455
1.001455
1.001455
1.001455
1.001455
1.001455
1.001455
0.979960
0.979960
0.962559
0.960000
0.960000
0.960000
0.960000
0.960000
0.960000
0.960000
0.960000
0.960000
0.960512
0.960512
0.960512
0.960512
0.960512
0.960512
0.960512
0.960512
0.960512
0.960512
0.960512
0.960512
0.960512
0.960512
0.960512
0.960512
0.960512
0.960512
0.960512
0.960512
0.960512
0.960512
0.960512
0.960512
0.960512
0.960512
0.960512
0.960512
0.960512
0.960512
0.960000
0.960000
0.960000
0.960000
0.960000
0.960000
0.960000
0.960000
0.960000
0.960000
0.960000
0.960000
0.960000
0.960000
0.960000
0.960000
0.960000
0.960000
0.960000
0.960000
0.960000
0.960000
0.960000
0.960000
0.960000
0.960000
0.960000
0.960000
0.960000
0.960000
0.960000
0.960000
0.960000
0.960000
0.960000
0.960000
0.960000
0.960000
0.960000
0.960000
0.960000
0.960000
0.960000
0.960000
0.960000
0.960000
0.960000
0.960000
0.960000
0.960000
0.960000
0.960000
0.960000
0.960000
0.960000
0.960000
0.960000
0.960000
0.960000
0.960000
0.960000
0.960000
0.960000
0.960000
0.960000
0.960000
0.960000
0.960000
0.960000
0.960000
0.960000
0.960000
0.960000
0.960000
0.960000
0.960000
0.960000
0.960000
0.960000
0.960000
0.960000
0.960000
0.960000
0.960000
0.960000
0.960000
0.960000
0.960000
0.960000
0.960000
0.960000
0.960000
0.960000
0.960000
0.960000
0.960000
0.960000
0.960000
0.960000
0.960000
0.960000
0.960000
0.960000
0.960000
0.960000
0.960000
0.960000
0.960000
0.960000
0.960000
0.960000
0.960000
0.960000
0.960000
0.960000
0.960000
0.960000
0.960000
0.960000
0.960000
0.960000
0.960000
0.960000
0.960000
0.960000
0.960000
0.960000
0.960000
0.960000
0.960000
0.960000
0.960000
0.960000
0.960000
0.960000
0.960000
0.960000
0.960000
0.960000
0.960000
0.960000
0.960000
0.960000
0.960000
0.960000
0.960000
0.960000
0.960000
0.960000
0.960000
0.960000
0.960000
0.960000
0.960000
0.960000
0.960000
0.960000
0.960000
0.960000
0.960000
0.960000
0.960000
0.960000
0.960000
0.960000
0.960000
0.960000
0.960000
0.960000
0.960000
0.960000
0.960000
0.960000
0.960000
0.960000
0.960000
0.960000
0.960000
0.960000
0.960000
0.960000
0.960000
0.960000
0.960000
0.960000
0.960000
0.960000
0.960000
0.960000
0.960000
0.960000
0.960000
0.960000
0.960000
0.960000
0.960000
0.960000
0.960000
0.960000
0.960000
0.960000
0.960000
0.960000
0.960000
0.960000
0.960000
0.960000
0.960000
0.960000
0.960000
0.960000
0.960000
0.960000
0.960000
0.960000
0.960000
0.960000
0.960000
0.960000
0.960000
0.960000
0.960000
0.960000
0.960000
0.960000
0.960000
0.960000
0.960000
0.960000
0.960000
0.960000
0.960000
0.960000
0.960000
0.960000
0.960000
0.960000
0.960000
0.960000
0.960000
0.960000
0.960000
0.960000
0.960000
0.960000
0.960000
0.960000
0.960000
0.960000
0.960000
0.960000
0.960000
0.960000
0.960000
0.960000
0.960000
0.960000
0.960000
0.960000
0.960000
0.960000
0.960000
0.960000
0.960000
0.960000
0.960000
0.960000
0.960000
0.960000
0.960000
0.960000
0.960000
0.960000
0.960000
0.960000
0.960000
0.960000
0.960000
0.960000
0.960000
0.960000
0.960000
0.960000
0.960000
0.960000
0.960000
0.960000
0.960000
0.960000
0.960000
0.960000
0.960000
0.960000
0.960000
0.960000
0.960000
0.960000
0.960000
0.960000
0.960000
0.960000
0.960000
0.960000
0.960000
0.960000
0.960000
0.960000
0.960000
0.960000
0.960000
0.960000
0.960000
0.960000
0.960000
0.960000
0.960000
0.960000
0.960000
0.960000
0.960000
0.960000
0.960000
0.960000
0.960000
0.960000
0.960000
0.960000
0.960000
0.960000
0.960000
0.960000
0.960000
0.960000
0.960000
0.960000
0.960000
0.960000
0.960000
0.960000
0.960000
0.960000
0.960000
0.960000
0.960000
0.960000
0.960000
0.960000
0.960000
0.960000
0.960000
0.960000
0.960000
0.960000
0.960000
0.960000
0.960000
0.960000
0.960000
0.960000
0.960000
0.960000
0.960000
0.960000
0.960000
0.960000
0.960000
0.960000
0.960000
0.960000
0.960000
0.960000
0.960000
0.960000
0.960000
0.960000
0.960000
0.960000
0.960000
0.960000
0.960000
0.960000
0.960000
0.960000
0.960000
0.960000
0.960000
0.960000
0.960512
0.960512
0.960512
0.960512
0.960512
0.960512
0.960512
0.960512
0.960512
0.960512
0.960512
0.960512
0.960512
0.960512
0.960512
0.960512
0.960512
0.960512
0.960512
0.960512
0.960512
0.960512
0.960512
0.960512
0.960512
0.960512
0.960512
0.960512
0.960512
0.960512
0.960000
0.960000
0.960000
0.960000
0.960000
0.960000
0.960000
0.960000
0.960000
0.960000
0.960000
0.960512
0.960512
0.960512
0.960512
0.960512
0.960512
0.960512
0.960512
0.960512
0.960512
0.960512
0.960512
0.960512
0.960512
0.960512
0.960512
0.960512
0.960512
0.960512
0.960512
0.960512
0.960512
0.960512
0.960512
0.960512
0.960512
0.960512
0.960512
0.960512
0.960512
0.960000
0.960000
0.960000
0.960000
0.960000
0.960000
0.960000
0.960000
0.960000
0.960000
0.960000
0.960000
0.960000
0.960000
0.960000
0.960000
0.960000
0.960000
0.960000
0.960000
0.960000
0.960000
0.960000
0.960000
0.960000
0.960000
0.960000
0.960000
0.969724
0.983030
0.983030
0.983030
0.983030
0.983030
0.983030
0.983030
0.983030
0.983030
0.983030
0.983030
0.983030
0.983030
0.983030
0.983030
0.983030
0.983030
0.983030
0.983030
0.983030
0.983542
0.983542
0.983542
0.983542
0.983542
0.983542
0.983542
0.983542
0.983542
0.973818
0.962559
0.962559
0.962559
0.962559
0.962559
0.962559
0.962559
0.962559
0.962559
0.962559
0.962559
0.978424
0.987125
0.987125
0.987125
0.987125
0.987125
0.987125
0.987125
0.987125
0.986613
0.986613
0.986613
0.986613
0.986613
0.986613
0.986613
0.986613
0.986613
0.986613
0.984566
0.984566
0.984566
0.984566
0.984566
0.984566
0.984566
0.984566
0.985077
0.985077
0.985077
0.969212
0.960512
0.960512
0.960512
0.960512
0.960512
0.960512
0.960512
0.960512
0.960512
0.960512
0.960512
0.960512
0.960512
0.960512
0.960512
0.960512
0.960512
0.960512
0.960512
0.960512
0.960512
0.960512
0.960512
0.960512
0.960512
0.960512
0.960000
0.960000
0.960000
0.960000
0.960000
0.960000
0.960000
0.960000
0.960000
0.960000
0.960000
0.960000
0.960000
0.960000
0.960000
0.960000
0.960000
0.960000
0.960000
0.960000
0.960000
0.960000
0.960000
1.011179
1.037280
1.085899
1.125307
1.153455
1.153455
1.153455
1.153455
1.153455
1.153455
1.153455
1.153455
1.153455
1.153455
1.153455
1.153455
1.153455
1.153455
1.153455
1.153455
1.153455
1.153455
1.153455
1.153455
1.153455
1.153455
1.153455
1.153455
1.153455
1.153455
1.102276
1.076175
1.027556
0.988148
0.960000
0.960000
0.960000
0.960000
0.960000
0.960000
0.963582
0.977912
0.982007
1.008620
1.016296
1.017832
1.017832
1.019367
1.019367
1.019367
1.019367
1.019367
1.019367
1.019367
1.019367
1.019367
1.019367
1.019367
1.019367
1.019367
1.019367
1.019367
1.019367
1.025509
1.051098
1.064404
1.064404
1.064404
1.064404
1.064404
1.060822
1.046492
1.042397
1.015785
1.008108
1.006572
1.018855
1.042397
1.053657
1.053657
1.053657
1.053657
1.053657
1.053657
1.053657
1.053657
1.053657
1.053657
1.053657
1.053657
1.053657
1.053657
1.053657
1.047515
1.021926
1.008620
1.008620
1.008620
1.008620
1.008620
1.008620
1.008620
1.008620
1.008620
1.008620
1.008620
0.996337
0.971259
0.960000
0.960000
0.960000
0.960000
0.965630
0.978424
0.985589
1.011690
1.027044
1.036768
1.036768
1.036768
1.043421
1.043933
1.045468
1.062869
1.063381
1.067987
1.092041
1.092041
1.092041
1.092041
1.092041
1.092041
1.092041
1.092041
1.092041
1.092041
1.119677
1.123260
1.148849
1.174950
1.184674
1.184674
1.179044
1.166250
1.160108
1.134007
1.118654
1.108930
1.110465
1.110977
1.104324
1.114559
1.138101
1.142707
1.143219
1.138613
1.114559
1.114559
1.114559
1.114559
1.114559
1.114559
1.114559
1.114559
1.114559
1.114559
1.086923
1.083340
1.057751
1.031650
1.021926
1.021926
1.021926
1.021926
1.020902
1.020902
1.020902
1.020902
1.019367
1.018855
1.018855
1.008108
0.983030
0.961024
0.960000
0.960000
0.960000
0.960000
0.960000
0.960000
0.960000
0.960000
0.960000
0.960000
0.960000
0.960000
0.960000
0.960000
0.960000
0.960000
0.960000
0.960000
0.960000
0.960000
0.960000
0.960000
0.960000
0.960000
0.960000
0.960000
0.960000
0.960000
0.960000
0.960000
0.960000
0.960000
0.960000
0.960000
0.960000
0.960000
0.960000
0.960000
0.960000
0.960000
0.960000
0.960000
0.960000
0.960000
0.960000
0.960000
0.960000
0.960000
0.960000
0.960000
0.960000
0.960000
0.960000
0.960000
0.960000
0.960000
0.960000
0.960000
0.960000
0.960000
0.960000
0.960000
0.960000
0.960000
0.960000
0.960000
0.960000
0.960000
0.960000
0.960000
0.960000
0.960000
0.960000
0.960000
0.960000
0.960000
0.960000
0.960000
0.960000
0.960000
0.960000
0.960000
0.960000
0.960000
0.960000
0.960000
0.960000
0.960000
0.960000
0.960000
0.960000
0.960000
0.960000
0.960000
0.960000
0.960000
0.960000
0.960000
0.960000
0.960000
0.960000
0.960000
0.960000
0.960000
0.960000
0.960000
0.960000
0.960000
0.960000
0.960000
0.960000
0.960000
0.960000
0.960000
0.960000
0.960000
0.960000
0.960000
0.960000
0.960000
0.960000
0.960000
0.960000
0.960000
0.960000
0.960000
0.960000
0.960000
0.960000
0.960000
0.960000
0.960000
0.960000
0.960000
0.960000
0.960000
0.960000
0.960000
0.960000
0.960000
0.960000
0.960000
0.960000
0.960000
0.960000
0.960000
0.960000
0.960000
0.960000
0.960000
0.960000
0.960000
0.960000
0.960000
0.960000
0.960000
0.960000
0.960000
0.960000
0.960000
0.960000
0.960000
0.960000
0.960000
0.960000
0.960000
0.960000
0.960000
0.960000
0.960000
0.960000
0.960000
0.960000
0.960000
0.960000
0.960000
0.960000
0.960000
0.960000
0.960000
0.960000
0.960000
0.960000
0.960000
0.960000
0.960000
0.960000
0.960000
0.960000
0.960000
0.960000
0.960000
0.960000
0.960000
0.960000
0.960000
0.960000
0.960000
0.960000
0.960000
0.960000
0.960000
0.960000
0.960000
0.960000
0.960000
0.960000
0.960000
0.960000
0.960000
0.960000
0.960000
0.960000
0.960000
0.960000
0.960000
0.960000
0.960000
0.960000
0.960000
0.960000
0.960000
0.960000
0.960000
0.960000
0.960000
0.960000
0.960000
0.960000
0.960000
0.960000
0.960000
0.960000
0.960000
0.960000
0.960000
0.961024
0.970236
0.970747
0.970747
0.973306
0.973306
0.973306
0.975865
0.979448
0.979448
0.979448
1.000431
1.020902
1.020902
1.020902
1.020902
1.020902
1.020902
1.020902
1.020902
1.026532
1.039327
1.045980
1.072081
1.097159
1.105347
1.112512
1.124283
1.127866
1.127866
1.126842
1.117630
1.117118
1.117118
1.114559
1.114559
1.117630
1.115071
1.111489
1.111489
1.111489
1.090505
1.070034
1.070034
1.070546
1.071057
1.076687
1.102276
1.127866
1.135542
1.138613
1.126330
1.119677
1.093576
1.068499
1.060310
1.053145
1.041374
1.037791
1.037791
1.046492
1.073105
1.098182
1.110465
1.110465
1.113024
1.109953
1.109953
1.109953
1.109953
1.109953
1.109953
1.109953
1.109953
1.109441
1.108930
1.103300
1.077711
1.052121
1.044445
1.063892
1.063892
1.063892
1.063892
1.064404
1.064916
1.064916
1.065428
1.091017
1.091529
1.082829
1.056216
1.032162
1.036256
1.037280
1.058775
1.067987
1.077199
1.077711
1.077711
1.077711
1.077711
1.077711
1.077711
1.077711
1.077711
1.077711
1.077711
1.077711
1.077711
1.049562
1.049051
1.049051
1.049051
1.050074
1.049562
1.073105
1.091017
1.065428
1.064916
1.064916
1.064916
1.063892
1.047515
1.046492
1.022438
1.013226
1.004014
1.006061
1.026020
1.045980
1.046492
1.071057
1.075664
1.076175
1.076175
1.076687
1.076687
1.076687
1.076687
1.076687
1.076687
1.076687
1.076687
1.075152
1.075152
1.051610
1.033185
1.033185
1.033185
1.033185
1.033185
1.033185
1.033185
1.033185
1.033185
1.033185
1.033185
1.030626
1.010667
0.990707
0.990195
0.965630
0.961024
0.960512
0.960512
0.967677
0.977912
0.987636
1.007084
1.008108
1.016808
1.016808
1.016808
1.016808
1.016808
1.016808
1.016808
1.016808
1.016808
1.016808
1.016808
1.016808
1.016808
1.016808
1.016808
1.016808
1.016808
1.016808
1.032162
1.054169
1.054169
1.054169
1.054169
1.054169
1.054169
1.046492
1.036256
1.026532
1.007084
1.006061
1.000431
1.022950
1.037280
1.037280
1.037280
1.037280
1.037280
1.037280
1.037280
1.037280
1.037280
1.037280
1.037280
1.039839
1.073616
1.074640
1.074640
1.074640
1.059286
1.037280
1.037280
1.037280
1.037280
1.037280
1.037280
1.037280
1.037280
1.037280
1.037280
1.037280
1.034209
1.011690
0.997360
1.001455
1.015273
1.020391
1.040862
1.050074
1.055704
1.056216
1.056216
1.056216
1.056216
1.053657
1.019879
1.018855
1.018855
1.018855
1.018855
1.018855
1.018855
1.038303
1.062357
1.062869
1.062869
1.062869
1.062869
1.062869
1.062869
1.062869
1.062869
1.062869
1.062869
1.061845
1.072081
1.084876
1.064404
1.055192
1.049562
1.049051
1.049051
1.049051
1.049051
1.049051
1.049051
1.049051
1.049051
1.049051
1.049051
1.049051
1.049051
1.029603
1.005549
1.007084
1.024485
1.051610
1.073105
1.073105
1.073105
1.073105
1.073105
1.073105
1.073105
1.072081
1.073616
1.081805
1.097670
1.097670
1.097670
1.097670
1.097670
1.097670
1.097670
1.097670
1.097670
1.097670
1.097670
1.097670
1.097670
1.116606
1.142196
1.166761
1.169832
1.167785
1.150384
1.123260
1.101765
1.101765
1.101765
1.101765
1.101765
1.101765
1.101765
1.099717
1.074128
1.048027
1.032162
1.032162
1.032162
1.032162
1.032162
1.032162
1.032162
1.032162
1.032162
1.032162
1.032162
1.032162
1.032162
1.013226
0.987636
0.963071
0.960000
0.960000
0.960000
0.960000
0.960000
0.960000
0.960000
0.962047
0.989172
0.991219
0.991731
0.991731
0.991731
0.991731
0.991731
0.991731
0.991731
0.991731
0.991731
0.991731
0.991731
0.991731
0.991731
0.991731
0.991731
0.991731
0.991731
0.991731
0.991731
0.991731
0.991731
0.991731
0.991731
0.991731
0.991731
0.991731
0.991731
0.989684
0.962559
0.960512
0.960000
0.960000
0.960000
0.960000
0.960000
0.960000
0.960000
0.960000
0.960000
0.960000
0.960000
0.960000
0.960000
0.987636
0.995825
1.000943
1.000943
1.000943
1.000943
1.000943
1.000943
1.000943
1.000943
1.000943
1.000943
1.000943
1.000943
1.000943
1.000943
1.000943
1.000943
1.000943
1.000943
1.000943
1.000943
1.000943
1.000943
1.000943
1.000943
1.000943
1.000943
1.000943
1.000943
0.973306
0.965118
0.960000
0.960000
0.960000
0.960000
0.960000
0.960000
0.960000
0.960000
0.960000
0.960000
0.960000
0.960000
0.960000
0.960000
0.960000
0.960000
0.960000
0.960000
