0.960000
0.960000
0.960000
0.960000
0.960000
0.960000
0.960000
0.960000
0.960000
0.960000
0.960000
0.960000
0.960000
0.960000
0.960000
0.960000
0.960000
0.960000
0.960000
0.960000
0.960000
0.960000
0.960000
0.960000
0.960000
0.960000
0.960000
0.960000
0.960000
0.960000
0.960000
0.960000
0.960000
0.960000
0.960000
0.960000
0.960000
0.960000
0.960000
0.960000
0.960000
0.960000
0.960000
0.960000
0.960000
0.960000
0.960000
0.960000
0.960000
0.960000
0.960000
0.960000
0.960000
0.960000
0.960000
0.960000
0.960000
0.960000
0.960000
0.960000
0.960000
0.960000
0.960000
0.960000
0.960000
0.960000
0.960000
0.960000
0.960000
0.960000
0.960000
0.960000
0.960000
0.960000
0.960000
0.960000
0.960000
0.960000
0.960000
0.960000
0.960000
0.960000
0.960000
0.960000
0.960000
0.960000
0.960000
0.960000
0.960000
0.960000
0.960000
0.960000
0.960000
0.960000
0.960000
0.960000
0.960000
0.960000
0.960000
0.960000
0.960000
0.960000
0.960000
0.960000
0.960000
0.960000
0.960000
0.960000
0.960000
0.960000
0.960000
0.960000
0.960000
0.960000
0.960000
0.960000
0.960000
0.960000
0.960000
0.960000
0.960000
0.960000
0.960000
0.960000
0.960000
0.960000
0.960000
0.960000
0.960000
0.960000
0.960000
0.960000
0.960000
0.960000
0.960000
0.960000
0.960000
0.960000
0.960000
0.960000
0.960000
0.960000
0.960000
0.960000
0.960000
0.960000
0.960000
0.960000
0.960000
0.960000
0.960000
0.960000
0.960000
0.960000
0.960000
0.960000
0.960000
0.960000
0.960000
0.960000
0.960000
0.960000
0.960000
0.960000
0.960000
0.960000
0.960000
0.960000
0.960000
0.960000
0.960000
0.960000
0.960000
0.960000
0.960000
0.960000
0.960000
0.960000
0.960000
0.960000
0.960000
0.960000
0.960000
0.960000
0.960000
0.960000
0.960000
0.960000
0.960000
0.960000
0.960000
0.960000
0.960000
0.960000
0.960000
0.960000
0.960000
0.960000
0.960000
0.960000
0.960000
0.960000
0.960000
0.960000
0.960000
0.960000
0.960000
0.960000
0.960000
0.960000
0.960000
0.960000
0.960000
0.960000
0.960000
0.960000
0.960000
0.960000
0.960000
0.960000
0.960000
0.960000
0.960000
0.960000
0.960000
0.960000
0.960000
0.960000
0.960000
0.960000
0.960000
0.960000
0.960000
0.960000
0.960000
0.960000
0.960000
0.960000
0.960000
0.960000
0.960000
0.960000
0.960000
0.960000
0.960000
0.960000
0.960000
0.960000
0.960000
0.960000
0.960000
0.960000
0.960000
0.960000
0.960000
0.960000
0.960000
0.960000
0.960000
0.960000
0.960000
0.960000
0.960000
0.960000
0.960000
0.960000
0.960000
0.960000
0.960000
0.960000
0.960000
0.960000
0.960000
0.960000
0.960000
0.960000
0.960000
0.960000
1.002409
1.002409
1.002409
1.002409
1.002409
1.002409
1.002409
1.002409
1.002409
1.002409
1.002409
1.002409
1.002409
1.002409
1.002409
1.002409
1.002409
1.002409
1.002409
1.002409
1.002409
1.002409
1.002409
1.002409
1.002409
1.002409
1.002409
1.002409
1.002409
1.002409
0.960000
0.960000
0.960000
0.960000
0.960000
0.960000
0.960222
0.960222
0.960222
0.960222
0.960222
0.960222
0.960222
0.960222
0.960222
0.960222
0.960222
0.960222
0.960222
0.960222
0.960222
0.960222
0.960222
0.960222
0.960222
0.960222
0.960222
0.960222
0.960222
0.960222
0.960222
0.960222
0.960222
0.960222
0.960222
0.960222
0.960000
0.960000
0.960000
0.960000
0.960000
0.960000
0.960000
0.960000
0.960000
0.960000
0.960000
0.960000
0.960000
0.960000
0.960000
0.960000
0.960000
0.960000
0.960000
0.960000
0.960000
0.960666
0.962442
0.962442
0.962442
0.962442
0.962442
0.962442
0.962442
0.962442
0.962442
0.962442
0.962442
0.962442
0.962442
0.962442
0.962442
0.962442
0.962442
0.962442
0.962442
0.962442
0.963997
0.973988
0.973988
0.973988
0.973988
0.973988
0.973988
0.974655
0.974655
0.997969
0.998857
0.999079
1.000411
1.000411
1.000411
1.000411
1.000411
1.000411
1.000411
1.000411
1.000411
1.000411
1.011957
1.011957
1.011957
1.011957
1.011957
1.011957
1.011957
1.011957
1.010403
1.000411
1.000411
1.000411
1.000411
1.000411
1.000411
0.999745
0.999745
0.975765
0.973100
0.972878
0.971546
0.973100
0.973100
0.973100
0.973100
0.973100
0.973100
0.973100
0.973100
0.973100
0.961554
0.961554
0.961554
0.961554
0.961554
0.961554
0.961554
0.961554
0.978207
0.978873
0.978873
0.980650
0.992418
0.992418
0.995304
0.997747
0.997747
0.997747
0.997747
0.997747
0.997747
0.996192
0.996192
0.996192
0.996192
0.996192
0.996192
0.996192
0.998413
1.010403
1.010403
1.010403
1.010403
1.010403
1.010403
1.011735
1.011735
1.029054
1.039712
1.039046
1.039046
1.037269
1.025501
1.025501
1.022615
1.020172
1.020172
1.020172
1.020172
1.020172
1.020172
1.020172
1.020172
1.020172
1.020172
1.020172
1.020172
1.020172
1.017952
1.005962
1.005962
1.005962
1.005962
1.005962
1.011069
1.027278
1.039490
1.035715
1.025945
1.043042
1.043042
1.043709
1.043709
1.069021
1.137187
1.200912
1.263749
1.326364
1.388979
1.392309
1.392309
1.392309
1.392309
1.392309
1.392309
1.393864
1.393864
1.393864
1.393864
1.393864
1.393864
1.393864
1.393864
1.393864
1.421618
1.411405
1.399192
1.385648
1.368107
1.351010
1.351010
1.350344
1.350344
1.325032
1.256866
1.193141
1.130304
1.067911
1.005296
1.001965
1.001965
1.001965
1.001965
1.001965
1.040600
1.060806
1.061028
1.061028
1.061028
1.062360
1.065468
1.067245
1.067245
1.067245
1.034383
1.027056
1.027056
1.027056
1.027500
1.027500
1.027500
1.027500
1.027500
1.027500
1.027500
1.027500
1.027500
1.027278
1.027278
1.027278
1.027278
1.027278
1.027278
1.027278
0.988643
0.966883
0.966661
0.966661
0.966661
0.965329
0.962220
0.960444
0.960444
0.960444
0.960444
0.960444
0.960444
0.960444
0.960000
0.960000
0.960000
0.960000
0.960000
0.960000
0.960000
0.960000
0.960000
0.960000
0.960000
0.960000
0.960000
0.960000
0.960000
0.960000
0.960000
0.960000
0.960000
0.960000
0.960000
0.960000
0.960000
0.960000
0.960000
0.960000
0.960000
0.960000
0.960000
0.960000
0.960000
0.960000
0.960000
0.960000
0.960000
0.960000
0.960000
0.960000
0.960000
0.960000
0.960000
0.960000
0.960000
0.960000
0.960000
0.960000
0.960000
0.960000
0.960000
0.960000
0.960000
0.960000
0.960000
0.960000
0.960000
0.960000
0.960000
0.960000
0.960000
0.960000
0.960000
0.960000
0.960000
0.960000
0.960000
0.960000
0.960000
0.960000
0.960000
0.960000
0.960000
0.960000
0.960000
0.960222
0.960222
0.960222
0.960222
0.960222
0.960222
0.960222
0.960222
0.960222
0.960222
0.960222
0.960222
0.960222
0.960222
0.960222
0.960222
0.960222
0.960222
0.960222
0.960222
0.960222
0.960222
0.960222
0.960222
0.960222
0.960222
0.960222
0.960222
0.960222
0.960222
0.960000
0.960000
0.960000
0.960000
0.960000
0.960000
0.960000
0.960000
0.960000
0.960000
0.960000
0.960000
0.960000
0.960000
0.960000
0.960000
0.960000
0.960000
0.960000
0.960000
0.960000
0.960000
0.960000
0.960000
0.960000
0.960000
0.960000
0.960000
0.960000
0.960000
0.960000
0.960000
0.960000
0.960000
0.960000
0.960000
0.960000
0.960000
0.960000
0.960000
0.960000
0.960000
0.960000
0.960000
0.960000
0.960000
0.960000
0.960000
0.960000
0.960000
0.960000
0.960222
0.960222
0.960222
0.960222
0.960222
0.960222
0.960222
0.960222
0.960222
0.960222
0.960222
0.960222
0.960222
0.960222
0.960222
0.960222
0.960222
0.960222
0.960222
0.960222
0.960222
0.960222
0.960222
0.960222
0.960222
0.960222
0.960222
0.960444
0.960444
0.960444
0.960222
0.960222
0.960222
0.960222
0.960222
0.960222
0.960222
0.960222
0.960222
0.960222
0.960222
0.960222
0.960222
0.960222
0.960222
0.960222
0.960222
0.960222
0.960222
0.960222
0.960222
0.960222
0.960222
0.960222
0.960222
0.960222
0.960222
0.960000
0.960000
0.960000
0.960000
0.960000
0.960000
0.960000
0.960000
0.960000
0.960000
0.960000
0.960000
0.960000
0.960000
0.960000
0.960000
0.960000
0.960000
0.960000
0.960000
0.960000
0.960000
0.960000
0.960000
0.960222
0.960222
0.960222
0.960222
0.960222
0.960222
0.960222
0.960222
0.960222
0.960222
0.960222
0.960222
0.960222
0.960222
0.960222
0.960222
0.960222
0.960222
0.960222
0.960222
0.960222
0.960222
0.960222
0.960222
0.960222
0.960222
0.960222
0.960222
0.960222
0.960222
0.960000
0.960000
0.960000
0.960000
0.960000
0.960000
0.960000
0.960000
0.960000
0.960000
0.960000
0.960000
0.960000
0.960000
0.960000
0.960000
0.960000
0.960000
0.960000
0.960000
0.960000
0.960000
0.960000
0.960000
0.960000
0.960000
0.960000
0.960000
0.960000
0.960000
0.960000
0.960000
0.960000
0.960000
0.960000
0.960000
0.960000
0.960000
0.960000
0.960000
0.960000
0.960000
0.960000
0.960000
0.960000
0.960000
0.960000
0.960000
0.960000
0.960000
0.960000
0.960000
0.960000
0.960000
0.960000
0.960000
0.960000
0.960000
0.960000
0.960000
0.960000
0.960000
0.960000
0.960000
0.960000
0.960000
0.960000
0.960000
0.960000
0.960000
0.960000
0.960000
0.960000
0.960000
0.960000
0.960000
0.960000
0.960000
0.960000
0.960000
0.960000
0.960000
0.960000
0.960000
0.960000
0.960000
0.960000
0.960000
0.960000
0.960000
0.960000
0.960000
0.960000
0.960000
0.960000
0.960000
0.960000
0.960000
0.960000
0.960000
0.960000
0.960000
0.960000
0.960000
0.960000
0.960000
0.960000
0.960000
0.960000
0.960000
0.960000
0.960000
0.960000
0.960000
0.960000
0.960000
0.960000
0.960000
0.960000
0.960000
0.960000
0.960000
0.960000
0.960000
0.960000
0.960000
0.960000
0.960000
0.960000
0.960000
0.960000
0.960000
0.960000
0.960000
0.960000
0.960000
0.960000
0.960000
0.960000
0.960000
0.960000
0.960000
0.960000
0.960000
0.960000
0.960000
0.960000
0.960000
0.960000
0.960000
0.960000
0.960000
0.960000
0.960000
0.960000
0.960000
0.960000
0.960000
0.960000
0.960000
0.960000
0.960000
0.960000
0.960000
0.960000
0.960000
0.960000
0.960000
0.960000
0.960000
0.960000
0.960000
0.960000
0.960000
0.960000
0.960000
0.960000
0.960000
0.960000
0.960000
0.960000
0.960000
0.960000
0.960000
0.960000
0.960000
0.960000
0.960000
0.960000
0.960000
0.960000
0.960000
0.960000
0.960000
0.960000
0.960000
0.960000
0.960000
0.960000
0.960000
0.960000
0.960000
0.960000
0.960000
0.960000
0.960000
0.960000
0.960000
0.960000
0.960000
0.963775
0.964219
0.964219
0.964219
0.964219
0.964219
0.964219
0.964219
0.964219
0.964219
0.964219
0.965551
0.965551
0.973988
0.973988
0.973988
0.973988
0.975321
0.975321
0.975321
0.975321
0.975321
0.981094
0.985756
0.985756
0.985756
0.986867
0.987089
0.987089
0.987089
0.983314
0.982870
0.982870
0.982870
0.982870
0.982870
0.982870
0.982870
0.982870
0.982870
0.982870
0.981538
0.981538
0.973100
0.975987
0.976875
0.977097
0.975765
0.975765
0.975765
0.975765
0.975765
0.969992
0.965329
0.965329
0.965329
0.964219
0.964219
0.964219
0.965995
0.965995
0.965995
0.965995
0.965995
0.967771
1.032829
1.119646
1.192697
1.261084
1.327252
1.396972
1.456256
1.515319
1.574603
1.631667
1.697612
1.699167
1.699167
1.699167
1.699167
1.701387
1.701387
1.743352
1.743574
1.743574
1.743574
1.743574
1.743352
1.743352
1.741576
1.741576
1.741576
1.741576
1.741576
1.739800
1.674742
1.587925
1.514875
1.446487
1.380319
1.310599
1.251315
1.192252
1.132968
1.073018
1.006184
1.004408
1.004408
1.004408
1.007072
1.004852
1.004852
0.962887
0.962664
0.962664
0.962664
0.962664
0.962664
0.962664
0.962664
0.965995
0.968437
0.968437
0.968437
0.968437
0.968437
0.968437
0.968437
0.968437
0.968437
0.968437
0.968437
0.968437
0.968437
0.968437
0.968437
0.968437
0.968437
0.968437
0.965773
0.965773
0.965773
0.965773
0.965773
0.965773
0.965773
0.965773
0.965773
0.965773
0.965773
0.962442
0.960000
0.960000
0.960000
0.960000
0.960000
0.960000
0.960000
0.960000
0.960000
0.960000
0.960000
0.960000
0.960000
0.960000
0.960000
0.960000
0.960000
0.960444
0.960444
0.962220
1.023503
1.030386
1.030386
1.030386
1.072574
1.072574
1.072796
1.078791
1.078791
1.078791
1.078791
1.078791
1.078791
1.078791
1.078791
1.078791
1.078791
1.078791
1.078791
1.078791
1.078791
1.078791
1.078791
1.078791
1.078791
1.078791
1.078791
1.078347
1.078347
1.076570
1.015288
1.008404
1.008404
1.008404
0.966217
0.966217
0.965995
0.960000
0.960000
0.960000
0.960000
0.960000
0.960000
0.960000
0.960000
0.960000
0.960000
0.960000
0.960000
0.960000
0.960000
0.960000
0.960000
0.960000
0.960000
0.960000
0.960000
0.960000
0.960000
0.960000
0.960000
0.960000
0.960000
0.960000
0.960000
0.960000
0.960000
0.960000
0.960000
0.960000
0.960000
0.960000
0.960000
0.960000
0.960000
0.960000
0.960000
0.960000
0.960000
0.960000
0.960000
0.960000
0.960000
0.960000
0.960000
0.960000
0.960000
0.960000
0.960000
0.960000
0.960000
0.960000
0.960000
0.960000
0.960000
0.960000
0.960000
0.960000
0.960000
0.960000
0.960000
0.960000
0.960000
0.960000
0.960000
0.960000
0.960000
0.960000
0.960000
0.960000
0.960000
0.960000
0.960000
0.960000
0.960000
0.960000
0.960000
0.960000
0.960000
0.960000
0.960000
0.960000
0.960000
0.960000
0.960000
0.960000
0.960000
0.960000
0.960000
0.960222
0.960222
0.960222
0.960222
0.960222
0.960222
0.960222
0.960444
0.960444
0.960444
0.960444
0.960444
0.960444
0.960444
0.960444
0.960444
0.960444
0.960444
0.960444
0.960444
0.960444
0.960444
0.960444
0.960444
0.960444
0.960444
0.960444
0.960444
0.960444
0.960444
0.960222
0.960222
0.960222
0.960222
0.960222
0.960222
0.960222
0.960000
0.960000
0.960000
0.960000
0.960000
0.960000
0.960000
0.960000
0.960000
0.960000
0.960000
0.960000
0.960000
0.960000
0.960000
0.960000
0.960000
0.960000
0.960000
0.960000
0.960000
0.960000
0.960000
0.960000
0.960000
0.960000
0.960000
0.960000
0.960000
0.960000
0.960000
0.960000
0.960000
0.960000
0.968660
1.002409
1.002409
1.002409
1.002409
1.002409
1.002409
1.002409
1.002409
1.002409
1.002409
1.002409
1.002409
1.002409
1.002409
1.002409
1.002409
1.002409
1.002409
1.002409
1.002409
1.002409
1.002409
1.002409
1.002409
1.002409
1.002409
1.002409
1.002409
1.002409
0.993750
0.960000
0.960000
0.960000
0.960000
0.960000
0.960000
0.960000
0.960000
0.960000
0.960000
0.960000
0.960000
0.960000
0.960000
0.960222
0.960222
0.960222
0.960222
0.960222
0.960222
0.960222
0.960222
0.960222
0.960222
0.960222
0.960222
0.960222
0.960222
0.960222
0.960222
0.960222
0.960222
0.960222
0.960222
0.960222
0.960222
0.960222
0.960222
0.960222
0.960222
0.960222
0.960222
0.960222
0.960222
0.960000
0.960000
0.960000
0.960000
0.960000
0.960000
0.960000
0.960000
0.960000
0.960000
0.960000
0.960000
0.960000
0.960000
0.960000
0.960000
0.960000
0.960000
0.960000
0.960000
0.960000
0.960000
0.960000
0.960000
0.960000
0.960000
0.960000
0.960000
0.960000
0.960000
0.960000
0.960000
0.960000
0.960000
0.960000
0.960000
0.960000
0.960000
0.960000
0.960000
0.960000
0.960000
0.960000
0.960000
0.960000
0.960000
0.960000
0.960000
0.960000
0.960000
0.960000
0.960000
0.960000
0.960000
0.960000
0.960000
0.960000
0.960000
0.960000
0.960000
0.960000
0.960000
0.960000
0.960000
0.960000
0.960000
0.960000
0.960000
0.960000
0.960000
0.960000
0.960000
0.960000
0.960000
0.960000
0.960000
0.960000
0.960000
0.960000
0.960000
0.960000
0.960000
0.960000
0.960000
0.960000
0.960000
0.960000
0.960000
0.960000
0.960000
0.960000
0.960000
0.960000
0.960000
0.960000
0.960000
0.960000
0.960000
0.960000
0.960000
0.960000
0.960000
0.960000
0.960000
0.960000
0.960000
0.960000
0.960000
0.960000
0.960000
0.960000
0.960000
0.960000
1.003964
1.004186
1.004186
1.004186
1.004186
1.004186
1.004186
1.004186
1.004186
1.004186
1.004186
1.004186
1.004186
1.004186
1.004186
1.004186
1.004186
1.004186
1.004186
1.004186
1.004186
1.004186
1.004186
1.004186
1.004186
1.004186
1.004186
1.004186
1.004186
1.004186
0.960222
0.960000
0.960000
0.960000
0.960000
0.960000
0.960000
0.960000
0.960000
0.960000
0.960000
0.960000
0.960000
0.960000
0.960000
0.960000
0.960000
0.960000
0.960000
0.960000
0.960000
0.960000
0.960000
0.960000
0.960000
0.960000
0.960000
0.960222
0.960222
0.960222
0.960222
0.960222
0.960222
0.960222
0.960222
0.960222
0.960222
0.960222
0.960222
0.960222
0.960222
0.960222
0.960222
0.960222
0.960222
0.960222
0.960222
0.960222
0.960222
0.960222
0.960222
0.960222
0.960222
0.960222
0.960222
0.960222
0.976875
1.002631
1.002631
1.002631
1.002631
1.002631
1.002631
1.002631
1.002631
1.002631
1.002631
1.002631
1.002631
1.002853
1.002853
1.002853
1.008849
1.045263
1.075460
1.137187
1.198025
1.258642
1.319037
1.379431
1.439826
1.500220
1.531528
1.531528
1.531528
1.531528
1.517983
1.498000
1.498000
1.501774
1.501774
1.501774
1.503329
1.513764
1.513764
1.513764
1.513764
1.513764
1.513764
1.519315
1.519315
1.519315
1.513320
1.476906
1.446709
1.384982
1.324143
1.263527
1.203132
1.163165
1.105879
1.046373
1.018174
1.041266
1.041266
1.041266
1.038158
1.032163
1.032385
1.028610
1.028610
1.028610
1.027056
1.016620
1.016620
1.016620
1.016620
1.016620
1.016620
1.010847
1.010847
1.010847
1.010847
1.010847
1.010847
1.010847
1.010847
1.010847
1.014399
1.043931
1.077458
1.143626
1.184925
1.226890
1.296389
1.364776
1.432942
1.500886
1.568830
1.636774
1.704052
1.771995
1.839717
1.907439
1.975161
2.042883
2.110604
2.178326
2.226953
2.226953
2.226953
2.226953
2.234502
2.235390
2.235390
2.235390
2.235390
2.235390
2.231837
2.181879
2.150571
2.083960
2.039552
1.974495
1.904997
1.836609
1.768443
1.700499
1.632333
1.568386
1.501108
1.433386
1.368995
1.301273
1.233552
1.165830
1.098108
1.030386
0.981760
0.981760
0.981760
0.981760
0.974210
0.973322
0.973322
0.973322
0.973322
0.973322
0.973322
0.973322
0.967993
0.967549
0.967549
0.967549
0.967549
0.967549
0.967549
0.967549
0.967549
0.963553
0.963553
0.963331
0.960000
0.960000
0.960000
0.960000
0.960000
0.960000
0.960000
0.960000
0.960000
0.960000
0.960000
0.960000
0.983092
1.015732
1.015732
1.015732
1.018618
1.018618
1.018618
1.018618
1.018618
1.018618
1.018618
1.018618
1.018618
1.018618
1.018618
1.018618
1.018618
1.018618
1.018618
1.018618
1.018618
1.018618
1.018618
1.018618
1.018618
1.018618
1.018618
1.018618
1.018618
1.018618
0.995526
0.962887
0.962887
0.962887
0.960000
0.960000
0.960000
0.960000
0.960000
0.960000
0.960000
0.960000
0.960222
0.960222
0.960222
0.960222
0.960222
0.960222
0.960222
0.960222
0.960222
0.960222
0.960222
0.960222
0.960222
0.960222
0.960222
0.960222
0.960222
0.960222
0.960222
0.960222
0.960222
0.960222
0.960222
0.960222
0.960222
0.960222
0.960222
0.960222
0.960222
0.960222
0.960000
0.960000
0.960000
0.960000
0.960000
0.960000
0.960000
0.960000
0.960000
0.960000
0.960000
0.960000
0.960000
0.960000
0.960000
0.960000
0.960000
0.960000
0.960000
0.960000
0.960000
0.960000
0.960000
0.960000
0.960000
0.960000
0.960000
0.960000
0.960000
0.960000
0.960000
0.960000
0.960000
0.960000
0.960000
0.960000
0.960000
0.960000
0.960000
0.960000
0.960000
0.960000
0.960000
0.960000
0.960000
0.960000
0.960000
0.960000
0.960000
0.960000
0.960000
0.960000
0.960000
0.960000
0.960000
0.960000
0.960000
0.960000
0.960000
0.960000
0.960000
0.960000
0.960000
0.960000
0.960000
0.960000
0.960000
0.960000
0.960000
0.960000
0.960000
0.960000
0.960000
0.960000
0.960000
0.960000
0.960000
0.960000
0.960000
0.960000
0.960000
0.960000
0.960000
0.960000
0.960000
0.960000
0.960000
0.960000
0.960000
0.960000
0.960000
0.960000
0.960000
0.960000
0.960000
0.960000
0.960000
0.960000
0.960000
0.960000
0.960000
0.960000
0.960000
0.960000
0.960000
0.960000
0.960000
0.960000
0.960000
0.960000
0.960000
0.960000
0.960000
0.960000
0.960000
0.960000
0.960000
0.960000
0.960000
0.960000
0.960000
0.960000
0.960000
0.960000
0.960000
0.960000
0.960000
0.960000
0.960000
0.960000
0.960000
0.960000
0.960000
0.960000
0.960000
0.960000
0.960000
0.960000
0.960000
0.960000
0.960000
0.960000
0.960000
0.960000
0.960000
0.960000
0.960000
0.960000
0.960000
0.960000
0.960000
0.960000
0.960000
0.960000
0.960000
0.960000
0.960000
0.960000
0.960000
0.960000
0.960000
0.960000
0.960000
0.960000
0.960000
0.960000
0.960000
0.960000
0.960000
0.960000
0.960000
0.960000
0.960000
0.960000
0.960000
0.960000
0.960000
0.960000
0.960000
0.960000
0.960000
0.960000
0.960000
0.960000
0.960000
0.960000
0.960000
0.960000
0.960000
0.960000
0.960000
0.960000
0.960000
0.960000
0.960000
0.960000
0.960000
0.960000
0.960000
0.960000
0.960000
0.960000
0.960000
0.960000
0.960000
0.960000
0.960000
0.960000
0.960000
0.960000
0.960000
0.960000
0.960000
0.960000
0.960000
0.960000
0.960000
0.960000
0.960000
0.960000
0.960000
0.960000
0.960000
0.960000
0.960000
0.960000
0.960000
0.960000
0.960000
0.960000
0.960000
0.960000
0.960222
0.960222
0.960222
0.960222
0.960222
0.960222
0.960222
0.960222
0.960222
0.960222
0.960222
0.960222
0.960222
0.960222
0.960222
0.960222
0.960222
0.960222
0.960222
0.960222
0.960222
0.960222
0.960222
0.960222
0.960222
0.960222
0.960222
0.960222
0.960222
0.960222
0.960000
0.960000
0.960000
0.960000
0.960000
0.960000
0.960000
0.960000
0.960000
0.960000
0.960000
0.960000
0.960000
0.960000
0.960000
0.960000
0.960000
0.960000
0.960000
0.960000
0.960000
0.960000
0.960000
0.960000
0.960000
0.960000
0.960000
0.960000
0.960000
0.960000
0.960000
0.960000
0.960000
0.960000
0.960000
0.960000
0.960000
0.960000
0.960000
0.960000
0.960000
0.960000
0.960000
0.960000
0.960000
0.960000
0.960000
0.960000
0.960000
0.960000
0.960000
0.960000
0.960000
0.960000
0.960000
0.960000
0.960000
0.960000
0.960000
0.960000
0.960000
0.960000
0.960000
0.960000
0.960000
0.960000
0.960000
0.960000
0.960000
0.960000
0.960000
0.960000
0.960000
0.960000
0.960000
0.960000
0.960000
0.960000
0.960000
0.960000
0.960000
0.960000
0.960000
0.960000
0.960000
0.960000
0.960000
0.960000
0.960000
0.960000
0.960000
0.960000
0.960000
0.960000
0.960000
0.960000
0.960000
0.960000
0.960000
0.960000
0.960000
0.960000
0.960000
0.960000
0.960000
0.960000
0.960000
0.960000
0.960000
0.960000
0.960000
0.960000
0.960000
0.960000
0.960000
0.960000
0.960000
0.960000
0.960000
0.960000
0.960000
0.960000
0.960000
0.960000
0.960000
0.960000
0.960000
0.960000
0.960000
0.960000
0.960000
0.960000
0.960000
0.960000
0.960000
0.960000
0.960000
0.960000
0.960000
0.960000
0.960000
0.960000
0.960000
0.960000
0.960000
0.960000
0.960000
0.960000
0.960000
0.960000
0.960000
0.960000
0.960000
0.960000
0.960000
0.960000
0.960000
0.960000
0.960000
0.960000
0.960000
0.960000
0.960000
0.960000
0.960000
0.960000
0.960000
0.960000
0.960000
0.960000
0.960000
0.960000
0.960000
0.960000
0.960000
0.960000
0.960000
0.960000
0.960000
0.960000
0.960000
0.960000
0.960000
0.960000
0.960000
0.960000
0.960000
0.960000
0.960000
0.960000
0.960000
0.960000
0.960000
0.960000
0.960000
0.960000
0.960000
0.960000
0.960000
0.960000
0.960000
0.960000
0.960000
0.960000
0.960000
0.960000
0.960000
0.960000
0.960000
0.969770
1.026168
1.026168
1.026168
1.026168
1.026834
1.027500
1.027500
1.027500
1.027500
1.027500
1.027500
1.030608
1.034605
1.034605
1.034605
1.034605
1.034605
1.034605
1.034605
1.034605
1.034605
1.034605
1.036381
1.036381
1.036381
1.036381
1.036381
1.036381
1.036381
1.026612
0.970214
0.970214
0.970214
0.970214
0.969770
0.969104
0.969104
0.969104
0.969104
0.969104
0.969104
0.965995
0.961998
0.961998
0.961998
0.961998
0.961998
0.961998
0.961998
0.961998
0.961998
0.961998
0.960222
0.960222
0.960222
0.960222
0.960222
0.960222
0.960222
0.960222
0.960222
0.960222
0.960222
0.960222
0.960000
0.960000
0.960000
0.960000
0.960000
0.960000
0.960000
0.960000
0.960000
0.960000
0.960000
0.960000
0.960000
0.960000
0.960000
0.960000
0.960000
0.960000
0.960000
0.960000
0.960000
0.960000
0.960000
0.960000
0.960000
0.960000
0.960000
0.960000
0.960000
0.960000
0.960000
0.960000
0.960000
0.960000
0.960000
0.960000
0.960000
0.960000
0.960000
0.960000
0.960000
0.960000
0.960000
0.960000
0.960000
0.960000
0.960000
0.960000
0.960000
0.960000
0.960000
0.960000
0.960000
0.960000
0.960000
0.960000
0.960000
0.960000
0.960000
0.960000
0.960000
0.960000
0.960000
0.960000
0.960000
0.960000
0.960000
0.960000
0.960000
0.960000
0.960000
0.960000
0.960000
0.960000
0.960000
0.960000
0.960000
0.960000
0.960000
0.960000
0.960000
0.960000
0.960000
0.960000
0.961110
0.964219
0.964219
0.968215
0.968215
0.968215
0.968215
0.968215
0.968215
0.968215
0.968215
0.968215
0.968215
0.968215
0.968215
0.968215
0.968215
0.968215
0.968215
0.968215
0.968215
0.968215
0.968215
0.968215
0.968215
0.968215
0.968215
0.968215
0.968215
0.968215
0.967105
0.963997
0.963997
0.960000
0.960000
0.960000
0.960000
0.960000
0.960000
0.960000
0.960000
0.960000
0.960000
0.960000
0.960000
0.960000
0.960000
0.960000
0.960000
0.960000
0.960000
0.960000
0.960000
0.960000
0.960000
0.960000
0.960000
0.960000
0.960000
0.960000
0.960000
0.960000
0.960000
0.960000
0.960222
0.960222
0.960222
0.960222
0.960222
0.960222
0.960222
0.960222
0.960222
0.960222
0.960222
0.960222
0.960222
0.960222
0.960222
0.960222
0.960222
0.960222
0.960222
0.960222
0.960222
0.960222
0.960222
0.960222
0.960222
0.960222
0.960222
0.960222
0.960222
0.960222
0.960000
0.960000
0.960000
0.960000
0.960000
0.960000
0.960000
0.960000
0.960000
0.960000
0.960000
0.960000
0.960000
0.960000
0.960222
0.960222
1.013511
1.013511
1.013511
1.013511
1.013511
1.013511
1.013511
1.013511
1.013511
1.013511
1.013511
1.013511
1.013511
1.013511
1.013511
1.013511
1.013511
1.013511
1.013511
1.013511
1.013511
1.013511
1.013511
1.013511
1.013511
1.013511
1.013511
1.013511
1.013289
1.013289
0.960000
0.960000
0.960000
0.960000
0.960000
0.960000
0.960000
0.960000
0.960000
0.960000
0.960000
0.960000
0.960000
0.960000
0.960000
0.960000
0.960000
0.960000
0.960000
0.960000
0.960000
0.960000
0.960000
0.960000
0.960000
0.960000
0.960000
0.960000
0.960000
0.960000
0.960000
0.960000
0.960000
0.960000
0.960000
0.960000
0.960000
0.960000
0.960000
0.960000
0.960000
0.960000
0.960000
0.960000
0.960000
0.960000
0.960000
0.960000
0.960000
0.960000
0.960000
0.960000
0.960000
0.960000
0.960000
0.960000
0.960000
0.960000
0.960000
0.960000
0.960000
0.960000
0.960000
0.960000
0.960000
0.960000
0.960000
0.960000
0.960000
0.960000
0.960000
0.960000
0.960000
0.960000
0.960000
0.960000
0.960000
0.960000
0.960000
0.960000
0.960000
0.960000
0.960000
0.960000
0.960000
0.960000
0.960000
0.960000
0.960000
0.960000
0.960000
0.960000
0.960000
0.960000
0.960000
0.960000
0.960000
0.960000
0.960000
0.960000
0.960000
0.960000
0.960000
0.960000
0.960000
0.960000
0.960000
0.960000
0.960000
0.960000
0.960000
0.960000
0.960000
0.960000
0.960000
0.960000
0.960000
0.960000
0.960000
0.960000
0.960000
0.960000
0.960000
0.960000
0.960000
0.960000
0.960000
0.960000
0.960000
0.960000
0.960000
0.960000
0.960000
0.960000
0.960000
0.960000
0.960000
0.960000
0.960000
0.960000
0.960000
0.960000
0.960000
0.960000
0.960000
0.960000
0.960000
0.960000
0.960000
0.960000
0.960000
0.960000
0.960000
0.960000
0.960000
0.960000
0.960000
0.960000
0.960000
0.960000
0.960000
0.960000
0.960000
0.960000
0.960000
0.960000
0.960000
0.960000
0.960000
0.960000
0.960000
0.960000
0.960000
0.960000
0.960000
0.960000
0.960000
0.960000
0.960000
0.960000
0.960000
0.960000
0.960000
0.960000
0.960000
0.960000
0.960000
0.960000
0.960000
0.960000
0.960000
0.960000
0.960000
0.960000
0.960000
0.960000
0.960000
0.960000
0.960000
0.960000
0.960000
0.960000
0.960000
0.960000
0.960000
0.960000
0.960000
0.960000
0.960000
0.960000
0.960000
0.960000
0.960000
0.960000
0.960000
0.960000
0.960000
0.960000
0.960000
0.960000
0.960000
0.960000
0.960000
0.960000
0.960000
0.960000
0.960000
0.960000
0.960000
0.960000
0.960000
0.960000
0.960000
0.960000
0.960000
0.960000
0.960000
0.960000
0.960000
0.960000
0.960000
0.960000
0.960000
0.960000
0.960000
0.960000
0.960000
0.960000
0.960000
0.960000
0.960000
0.960000
0.960000
0.960000
0.960000
0.960000
0.960000
0.960000
0.960000
0.960000
0.960000
0.960000
0.960000
0.960000
0.960000
0.960000
0.960000
0.960000
0.960000
0.960000
0.960000
0.960000
0.960000
0.960000
0.960000
0.960000
0.960000
0.960000
0.960000
0.960000
0.960000
0.960000
0.960000
0.960000
0.960000
0.960000
0.960000
0.960000
0.960000
0.960000
0.960000
0.960000
0.960000
0.960000
0.960000
0.960000
0.960000
0.960000
0.960000
0.960000
0.960000
0.960000
0.960000
0.960000
0.960000
0.960000
0.960000
0.960000
0.960000
0.960000
0.960000
0.960000
0.960000
0.960000
0.960000
0.960000
0.960000
0.960000
0.960000
0.960000
0.960000
0.960000
0.960000
0.960000
0.960000
0.998191
1.002409
1.002409
1.002409
1.002409
1.002409
1.002409
1.002409
1.002409
1.002409
1.002409
1.002409
1.002409
1.002409
1.002409
1.002409
1.002409
1.002409
1.002409
1.002409
1.002409
1.002409
1.002409
1.002409
1.002409
1.002409
1.002409
1.002409
1.002409
1.002409
0.964219
0.960000
0.960000
0.960000
0.960000
0.960000
0.960000
0.960000
0.960000
0.960000
0.960000
0.960000
0.960000
0.960000
0.960000
0.960000
0.960000
0.960000
0.960000
0.960000
0.960000
0.960000
0.960000
0.960000
0.960000
0.960000
0.960000
0.960000
0.960000
0.960000
0.960000
0.960000
0.960000
0.960000
0.960000
0.960000
0.960000
0.960000
0.960000
0.960000
0.960000
0.960000
0.960000
0.960000
0.960000
0.960000
0.960000
0.960000
0.960000
0.960000
0.960000
0.960000
0.960000
0.960000
0.960000
0.960000
0.960000
0.960000
0.960000
0.960000
0.960000
0.960000
0.960000
0.960000
0.960000
0.960000
0.960000
0.960000
0.960000
0.960000
0.960000
0.960000
0.960000
0.960000
0.960000
0.960000
0.960000
0.960000
0.960000
0.960000
0.960000
0.960000
0.960000
0.960000
0.960000
0.960000
0.960000
0.960000
0.960000
0.960000
0.960000
0.960000
0.960000
0.960000
0.960000
0.960000
0.960000
0.960000
0.960000
0.960000
0.960000
0.960000
0.960000
0.960000
0.960000
0.960000
0.960000
0.960000
0.960000
0.960000
0.960000
0.960000
0.960000
0.960000
0.960000
0.960000
0.960000
0.960000
0.960000
0.960000
0.960000
0.960000
0.960000
0.960000
0.960000
0.960000
0.960000
0.960000
0.960000
0.960000
0.960000
0.960000
0.960000
0.960000
0.960000
0.960000
0.960000
0.960000
0.960000
0.960000
0.960000
0.960000
0.960000
0.960000
0.960000
0.960000
0.960000
0.960000
0.960000
0.960000
0.960000
0.960000
0.976875
0.977097
0.977097
0.977097
1.011735
1.072130
1.081011
1.081011
1.081011
1.081011
1.081011
1.081011
1.081011
1.087006
1.087006
1.087006
1.087006
1.087006
1.087006
1.087006
1.088338
1.096554
1.096554
1.096554
1.096554
1.096554
1.096554
1.096554
1.096554
1.096554
1.079679
1.079457
1.079457
1.079457
1.044819
0.984424
0.975543
0.975543
0.975543
0.977763
0.977763
0.977763
1.009737
1.096110
1.173823
1.223116
1.272186
1.321257
1.370549
1.382095
1.380763
1.372548
1.372548
1.372548
1.372548
1.372548
1.374324
1.374324
1.374324
1.374324
1.374324
1.374324
1.374324
1.380319
1.460919
1.527753
1.590368
1.652539
1.714709
1.774660
1.834832
1.894339
1.922094
1.856592
1.779101
1.730030
1.681848
1.632777
1.583485
1.571939
1.571939
1.571939
1.571939
1.572161
1.572161
1.572161
1.570384
1.570384
1.570384
1.570384
1.570384
1.570384
1.570384
1.564389
1.483789
1.416956
1.354341
1.292170
1.229999
1.167828
1.107656
1.048149
0.988421
0.961554
0.961332
0.961110
0.960222
0.960222
0.960222
0.960222
0.960222
0.960222
0.960222
0.960000
0.960000
0.960000
0.960000
0.960000
0.960000
0.960000
0.960000
0.960000
0.960000
0.960000
0.960000
0.960000
0.960000
0.960000
0.960000
0.960000
0.960000
0.960000
0.960000
0.960000
0.960000
0.960000
0.960000
0.960000
0.960000
0.960000
0.960000
0.960000
0.960000
0.960000
0.960000
0.960000
0.960000
0.960000
0.960000
0.960000
0.960000
0.960000
0.960000
0.960000
0.960000
0.960000
0.960000
0.960000
0.960000
0.960000
0.960000
0.960000
0.960000
0.960000
0.960000
0.960000
0.960000
0.960000
0.960000
0.960000
0.960000
0.960000
0.960000
0.960000
0.960000
0.960000
0.960000
0.960000
0.960000
0.960000
0.960000
0.960000
0.960000
0.960000
0.960000
0.960000
0.960000
0.960000
0.960000
0.960000
0.960000
0.960000
0.960000
0.960000
0.960000
0.960000
0.960000
0.960000
0.960000
0.960000
0.960000
0.960000
0.960000
0.960000
0.960000
0.960000
0.960000
0.960000
0.960000
0.960000
0.960000
0.960000
0.960000
0.960000
0.960000
0.960000
0.960000
0.960000
0.960000
0.960000
0.960000
0.960000
0.960000
0.960000
0.960000
0.960000
0.960000
0.960000
0.960000
0.960000
0.960000
0.960000
0.960000
0.960000
0.960000
0.960000
0.960000
0.960000
0.960000
0.960000
0.960000
0.960000
0.960000
0.960000
0.960000
0.960000
0.960000
0.960000
0.960000
0.960000
0.960000
0.960000
0.960000
0.960000
0.960000
0.960000
0.960000
0.960000
0.960000
0.960000
0.960000
0.960000
0.960000
0.960000
0.960000
0.960000
0.960000
0.960000
0.960000
0.960000
0.960000
0.960000
0.960000
0.960000
0.960000
0.960000
0.960000
0.960000
0.960000
0.960000
0.960000
0.960000
0.960000
0.960000
0.960000
0.960000
0.960000
0.960000
0.960000
0.960000
0.960000
0.960000
0.960000
0.960000
0.960000
0.960000
0.960000
0.960000
0.960000
0.960000
0.960000
0.960000
0.960000
0.960000
0.960000
0.960000
0.960000
0.960000
0.960000
0.960000
0.960000
0.960000
0.960000
0.960000
0.960000
0.960000
0.960000
0.960000
0.960000
0.960000
0.960000
0.960000
0.960000
0.960000
0.960000
0.960000
0.960000
0.960000
0.960000
0.960000
0.960000
0.960000
0.960000
0.960000
0.960000
0.960000
0.960000
0.960000
0.960000
0.960000
0.960000
0.960000
0.960000
0.960000
0.960000
0.960000
0.960000
0.960000
0.960000
0.960000
0.960000
0.960000
0.960000
0.960000
0.960000
0.960000
0.960000
0.960000
0.960000
0.960000
0.960000
0.960000
0.960000
0.960000
0.960000
0.960000
0.960000
0.960000
0.960000
0.960000
0.960000
0.960000
0.960000
0.960000
0.960000
0.960000
0.960000
0.960000
0.960000
0.960000
0.960000
0.960000
0.960000
0.960000
0.960000
0.960000
0.960000
0.960000
0.960000
0.960000
0.960000
0.960000
0.960000
0.960000
0.960000
0.960000
0.960000
0.960000
0.960000
0.960000
0.960000
0.960000
0.960000
0.960000
0.960000
0.960000
0.960000
0.960000
0.960000
0.960000
0.960000
0.960000
0.960000
0.960000
0.960000
0.960000
0.960000
0.960000
0.960000
0.960000
0.960000
0.960000
0.960000
0.960000
0.960000
0.960000
0.960000
0.960000
0.960000
0.960000
0.960000
0.960000
0.960000
0.960000
0.960000
0.960000
0.960000
0.960000
0.960000
0.960000
0.960000
0.960000
0.960000
0.960000
0.960000
0.960000
0.960000
0.960000
0.960000
0.960000
0.960000
0.960000
0.960000
0.960000
0.960000
0.960000
0.960000
0.960000
0.960000
0.960000
0.960000
0.960000
0.960000
0.960000
0.960000
0.960000
0.960000
0.960000
0.960000
0.960000
0.960000
0.960000
0.960000
0.960000
0.960000
0.960000
0.960000
0.960000
0.960000
0.960000
0.960000
0.960000
0.960000
0.960000
0.960000
0.960000
0.960000
0.960000
0.960000
0.960000
0.960000
0.960000
0.960000
0.960000
0.960000
0.960000
0.960000
0.960000
0.960000
0.960000
0.960000
0.960000
0.960000
0.960000
0.960000
0.960000
0.960000
0.960000
0.960000
0.960000
0.960000
0.960000
0.960000
0.960000
0.960000
0.960000
0.960000
0.960000
0.960000
0.960000
0.960000
0.960000
0.960000
0.960000
0.960000
0.960000
0.960000
0.960000
0.960000
0.960000
0.960000
0.960000
0.960000
0.960000
0.960000
0.960000
0.960000
0.960000
0.960000
0.960000
0.960000
0.960000
0.960000
0.960000
0.960000
0.960000
0.960000
0.960000
0.960000
0.960000
0.960000
0.960000
0.960000
0.960000
0.960000
0.960000
0.960000
0.960000
0.960000
0.960000
0.960000
0.960000
0.960000
0.960000
0.960000
0.960000
0.960000
0.960000
0.960000
0.960000
0.960000
0.960000
0.960000
0.960000
0.960000
0.960000
0.960000
0.960000
0.960000
0.960000
0.960000
0.960000
0.960000
0.960000
0.960000
0.960000
0.960000
0.960000
0.960000
0.960000
0.960000
0.960000
0.960000
0.960000
0.960000
0.960000
0.960000
0.960000
0.960000
0.960000
0.960000
0.960000
0.960000
0.960000
0.960000
0.960000
0.960000
0.960000
0.960000
0.960000
0.960000
0.960000
0.960000
0.960000
0.960000
0.960000
0.960000
0.960000
0.960000
0.960000
0.960000
0.960000
0.960000
0.960000
0.960000
0.960000
0.960000
0.960000
0.960000
0.960000
0.960000
0.960000
0.960000
0.960000
0.960000
0.960000
0.960000
0.960000
0.960000
0.960000
0.960000
0.960000
0.960000
0.960000
0.960000
0.960000
0.960000
0.960000
0.960000
0.960000
0.960000
0.960000
0.960000
0.960000
0.960000
0.960000
0.960000
0.960000
0.960000
0.960000
0.960000
0.960000
0.960000
0.960000
0.960000
0.960000
0.960000
0.960000
0.960000
0.960000
0.960000
0.960000
0.960000
0.960000
0.960000
0.960000
0.960000
0.960000
0.960000
0.960000
0.960000
0.960000
0.960000
0.960000
0.960000
0.960000
0.960000
0.960000
0.960000
0.960000
0.960000
0.960000
0.960000
0.960000
0.960000
0.960000
0.960000
0.960000
0.960000
0.960000
0.960000
0.960000
0.960000
0.960000
0.960000
0.960000
0.960000
0.960000
0.960000
0.960000
0.960000
0.960000
0.960000
0.960000
0.960000
0.960000
0.960000
0.960000
0.960000
0.960000
0.960000
0.960000
0.960000
0.960000
0.960000
0.960000
0.960000
0.960000
0.960000
0.960000
0.960000
0.960000
0.960000
0.960000
0.960000
0.960000
0.960000
0.960000
0.960000
0.960000
0.960000
0.960000
0.960000
0.960000
0.960000
0.965773
0.965773
0.965773
0.965773
0.965773
0.965773
0.965773
0.965773
0.965773
0.965773
0.965773
0.965773
0.965773
0.965773
0.965773
0.965773
0.965773
0.965773
0.965773
0.965773
0.971990
0.971990
0.971990
0.972212
0.972212
0.972212
0.972212
0.972212
0.972212
0.972212
0.966661
0.966661
0.966661
0.966661
0.966661
0.966661
0.966661
0.966661
0.966661
0.966883
0.966883
0.966883
0.966883
0.966883
0.966883
0.966883
0.966883
0.966883
0.966883
0.966883
0.960666
0.960666
0.960666
0.960444
0.960444
0.960444
0.960444
0.960444
0.960444
0.960444
0.960222
0.960222
0.960222
0.960222
0.960222
0.960222
0.960222
0.960222
0.960222
0.960000
0.960000
0.960000
0.960000
0.960000
0.960000
0.960000
0.960000
0.960000
0.960000
0.960000
0.960000
0.960000
0.960000
0.960000
0.960000
0.960000
0.960000
0.960000
0.960000
0.960000
1.007072
1.007072
1.007072
1.007072
1.007072
1.007072
1.007072
1.007072
1.007072
1.007072
1.007072
1.007072
1.007072
1.007072
1.007072
1.007072
1.007072
1.007072
1.007072
1.007072
1.007072
1.007960
1.007960
1.007960
1.007960
1.007960
1.007960
1.007960
1.007960
1.007960
0.960888
0.960888
0.960888
0.960888
0.960888
0.960888
0.960888
0.960888
0.960888
0.960888
0.960888
0.960888
0.960888
0.960888
0.960888
0.960888
0.960888
0.989753
1.051480
1.111652
1.171603
1.230665
1.289727
1.348790
1.407852
1.466692
1.525532
1.584373
1.643213
1.701831
1.760449
1.782653
1.782653
1.782653
1.785318
1.785318
1.785318
1.785318
1.785318
1.785318
1.785318
1.785318
1.785318
1.785318
1.785318
1.785318
1.785318
1.756453
1.696502
1.640104
1.613904
1.562613
1.503551
1.444488
1.385426
1.326586
1.267746
1.208905
1.150065
1.091447
1.032829
1.010625
1.010625
1.010625
1.007960
1.007960
1.007960
1.007960
1.007960
1.007960
1.007960
1.007960
1.007960
1.007960
1.007960
1.007960
1.007960
1.007960
1.006184
1.002409
0.968660
0.960000
0.960000
0.960000
0.960000
0.960000
0.960000
0.960000
0.960000
0.960000
0.960000
0.960000
0.960000
0.960000
0.960000
0.960000
0.960000
0.960000
0.960000
0.960000
0.960000
0.960000
0.960000
0.960000
0.960000
0.960000
0.960000
0.960000
0.960000
0.960000
0.960000
0.960000
0.960000
0.960000
0.960000
0.960000
0.960000
0.960000
0.960000
0.960000
0.960000
0.960000
0.960000
0.960000
0.960000
0.960000
0.960000
0.960000
0.960000
0.960000
0.960000
0.960000
0.960000
0.960000
0.960000
0.960000
0.960000
0.960000
0.960000
0.960000
0.960000
0.960000
0.960000
0.960000
0.960000
0.960000
0.960000
0.960000
0.960000
0.960000
0.960000
0.960000
0.960000
0.960000
0.960000
0.960000
0.960000
0.960000
0.960000
0.960000
0.960000
0.960000
0.960000
0.960000
0.960000
0.960000
0.960000
0.960000
0.960000
0.960000
0.960000
0.960000
0.960000
0.960000
0.960000
0.960000
0.960000
0.960000
0.960000
0.960000
0.960000
0.960000
0.960000
0.960000
0.960000
0.960000
0.960000
0.960000
0.960000
0.960000
0.960000
0.960000
0.960000
0.960000
0.960000
0.960000
0.960000
0.960000
0.960000
0.960000
0.960000
0.960000
0.960000
0.960000
0.960000
0.960000
0.960000
0.960000
0.960000
0.960000
0.960000
0.960000
0.960000
0.960000
0.960000
0.960000
0.960000
0.960000
0.960000
0.960000
0.960000
0.960000
0.960000
0.960000
0.960000
0.960000
0.960000
0.960000
0.960000
0.960000
0.960000
0.960000
0.960000
0.960000
0.960000
0.960000
0.960000
0.960000
0.960000
0.960000
0.960000
0.960000
0.960000
0.960000
0.960000
0.960000
0.960000
0.960000
0.960000
0.960000
0.960000
0.960000
0.960000
0.960000
0.960000
0.960000
0.960000
0.960000
0.960000
0.960000
0.960000
0.960000
0.960000
0.960000
0.960000
0.960000
0.960000
0.960000
0.960000
0.960000
0.960000
0.960000
0.960000
0.960000
0.960000
0.960000
0.960000
0.960000
0.960000
0.960000
0.960000
0.960000
0.960000
0.960000
0.960000
0.960000
0.960000
0.960000
0.960000
0.960000
0.960000
0.960000
0.960000
0.960000
0.960000
0.960000
0.960000
0.960000
0.960000
0.960000
0.960000
0.960000
0.960000
0.960000
0.960000
0.960000
0.960000
0.960000
0.960000
0.960000
0.960000
0.960000
0.960000
0.960000
0.960000
0.960000
0.960000
0.960000
0.960000
0.960000
0.960000
0.960000
0.960000
0.960000
0.960000
0.960000
0.960000
0.960000
0.960000
0.960000
0.960000
0.960000
0.960000
0.960000
0.960000
0.960000
0.960000
0.960000
0.960000
0.960000
0.960000
0.960000
0.960000
0.960000
0.960000
0.960000
0.960000
0.960000
0.960000
0.960000
0.960000
0.960000
0.960000
0.960000
0.960000
0.960000
0.960000
0.960000
0.960000
0.960000
0.960000
0.960000
0.960000
0.960000
0.960000
0.960000
0.960000
0.960000
0.960000
0.960000
0.960000
0.960000
0.960000
0.960000
0.960000
0.960000
0.960000
0.960000
0.960000
0.960000
0.960000
0.960000
0.960000
0.960000
0.960000
0.960000
0.960000
0.960000
0.960000
0.960000
0.960000
0.960000
0.960000
0.960000
0.960000
0.960000
0.960000
0.960000
0.960000
0.960000
0.960000
0.960000
0.960000
0.960000
0.960000
0.960000
0.960000
0.960000
0.960000
0.960000
0.960000
0.960000
0.960000
0.960000
0.960000
0.960000
0.960000
0.960000
0.960000
0.960000
0.960000
0.960000
0.960000
0.960000
0.960000
0.960000
0.960000
0.960000
0.960000
0.960000
0.960000
0.960000
0.960000
0.960000
0.960000
0.960000
0.960000
0.960000
0.960000
0.960000
0.960000
0.960000
0.960000
0.960000
0.960000
0.960000
0.960000
0.960000
0.960000
0.960000
0.960000
0.960000
0.960000
0.960000
0.960000
0.960000
0.960000
0.960000
0.960000
0.960000
0.960000
0.960000
0.960000
0.960000
0.960000
0.960000
0.960000
0.960000
0.960000
0.960000
0.960000
0.960000
0.960000
0.960000
0.960000
0.960000
0.960000
0.960000
0.960000
0.960000
0.960000
0.960000
0.960000
0.960000
0.960000
0.960000
0.960000
0.960000
0.960000
0.960000
0.960000
0.960000
0.960000
0.960000
0.960000
0.960000
0.960000
0.960000
0.960000
0.960000
0.960000
0.960000
0.960000
0.960000
0.960000
0.960000
0.960000
0.960000
0.960000
0.960000
0.960000
0.960000
0.960000
0.960000
0.960000
0.960000
0.960000
0.960000
0.960000
0.960000
0.960000
0.960000
0.960000
0.960000
0.960000
0.960000
0.960000
0.960000
0.960000
0.960000
0.989975
1.002409
1.033717
1.088338
1.147179
1.206019
1.264859
1.323699
1.382540
1.410516
1.410516
1.410516
1.410516
1.410516
1.410516
1.410516
1.410516
1.410516
1.432720
1.432720
1.438271
1.438271
1.446043
1.448707
1.448707
1.448707
1.448707
1.448929
1.455812
1.455812
1.425837
1.413403
1.382095
1.327474
1.268634
1.209793
1.150953
1.092113
1.033273
1.005296
1.020172
1.034161
1.034161
1.034161
1.034161
1.034161
1.034161
1.034161
1.011957
1.011957
1.006406
1.006406
0.998635
0.995970
0.995970
0.995970
0.995970
0.996192
0.989531
0.989531
0.989531
0.989531
0.989531
0.989531
0.989531
0.989531
0.989531
0.989531
0.989531
0.989531
0.974655
0.960666
0.960666
0.960888
0.960888
0.960888
0.960888
0.960888
0.960888
1.011291
1.020395
1.020395
1.020617
1.020617
1.020617
1.020617
1.020617
1.020172
1.019950
1.019950
1.019950
1.019950
1.019950
1.019950
1.019950
1.019950
1.019950
1.019950
1.019950
1.019950
1.019950
1.019950
1.041044
1.074794
1.107212
1.107656
1.107656
1.107656
1.107656
1.057253
1.048149
1.048149
1.050148
1.050148
1.050148
1.050148
1.050148
1.050148
1.050148
1.050148
1.050148
1.050148
1.050148
1.050148
1.050148
1.050148
1.051036
1.051036
1.051036
1.051036
1.051036
1.051036
1.029942
0.995970
0.963775
0.963331
0.963331
0.963331
0.963331
0.963331
0.963331
0.963331
0.961110
0.961110
0.961110
0.961110
0.961110
0.961110
0.961110
0.961110
0.961110
0.961110
0.961110
0.961110
0.961110
0.961110
0.960222
0.960222
0.960222
0.960222
0.960222
0.960222
0.960222
0.960222
0.960000
0.960000
0.960000
0.960000
0.960000
0.960000
0.960000
0.960000
0.960000
0.960000
0.960000
0.960000
0.960000
0.960000
0.960000
0.960000
0.960000
0.960000
0.960000
0.960000
0.960000
0.960000
0.960000
0.960000
0.960000
0.960000
0.960000
0.960000
0.960000
0.960000
0.960000
0.960000
0.960000
0.960000
0.960000
0.960000
0.960000
0.960000
0.960000
0.960000
0.960000
0.960000
0.960000
0.960000
0.960000
0.960000
0.960000
0.960000
0.960000
0.960000
0.960000
0.960000
0.960000
0.960000
0.960000
0.960000
0.960000
0.960000
0.960000
0.960000
0.960000
0.960000
0.960000
0.960000
0.960000
0.960000
0.960000
0.960000
0.960000
0.960000
0.960000
0.960000
0.960000
0.960000
0.960000
0.960000
0.960000
0.960000
0.960000
0.960000
0.960000
0.960000
0.960000
0.960000
0.960000
0.960000
0.960000
0.960000
0.960000
0.960000
0.960000
0.960000
0.960000
0.960000
0.960000
0.960000
0.960000
0.960000
0.960000
0.960000
0.960000
0.960000
0.960000
0.960000
0.960000
0.960000
0.960000
0.960000
0.960000
0.960000
0.960000
0.960000
0.960000
0.960000
0.960000
0.960000
0.960000
0.960000
0.960000
0.960000
0.960000
0.960000
0.960000
0.960000
0.960000
0.960000
0.960000
0.960000
0.960000
0.960000
0.960000
0.960000
0.960000
0.960000
0.960000
0.960000
0.960000
0.960000
0.960000
0.960000
0.960000
0.960000
0.960000
0.960000
0.960000
0.960000
0.960000
0.960000
0.960000
0.960000
0.960000
0.960000
0.960000
0.960000
0.960000
0.960000
0.960000
0.960000
0.960000
0.960000
0.960000
0.960000
0.960000
0.960000
0.960000
0.960000
0.960000
0.960000
0.960000
0.960000
0.960000
0.960000
0.960000
0.960000
0.960000
0.960000
0.960000
0.960000
0.960000
0.960000
0.960000
0.960000
0.960000
0.960000
0.960000
0.960000
0.960000
0.960000
0.960000
0.960000
0.960000
0.960888
0.960888
0.961332
0.961332
0.961332
0.961332
0.961332
0.961332
0.961332
0.961332
0.961332
0.961332
0.961332
0.961332
0.961332
0.961332
0.961332
0.961332
0.961332
0.961332
0.961332
0.961332
0.961332
0.961332
0.961332
0.961332
0.961332
0.961332
0.961332
0.961332
0.960444
0.960444
0.960000
0.960000
0.960000
0.960000
0.960000
0.960000
0.960000
0.960000
0.960000
0.960000
0.960000
0.960000
0.960000
0.960000
0.960000
0.960000
0.960000
0.960000
0.960000
0.960000
0.960000
0.960000
0.960000
0.960000
0.960000
0.960000
0.960000
0.960000
0.960000
0.960000
0.960000
0.960000
0.960000
0.960000
0.960000
0.960000
0.960000
0.960000
0.960000
0.960000
0.960000
0.960000
0.960000
0.960000
0.960000
0.960000
0.960000
0.960000
0.960000
0.960000
0.960000
0.960000
0.960000
0.960000
0.960000
0.960000
0.960000
0.960000
0.960000
0.960000
0.960000
0.960000
0.960000
0.960000
0.960000
0.960000
0.960000
0.960000
0.960000
0.960000
0.960000
0.960000
0.960000
0.960000
0.960000
0.960000
0.960000
0.960000
0.960000
0.960000
0.960000
0.960000
0.960000
0.960000
0.960000
0.960000
0.960000
0.960000
0.960000
0.960000
0.960000
0.960000
0.960000
0.960000
0.960000
0.960000
0.960000
0.960000
0.960000
0.960000
0.960000
0.960000
0.960000
0.960000
0.960000
0.960000
0.960000
0.960000
0.960000
0.960000
0.960000
0.960000
0.960000
0.960000
0.960000
0.960000
0.960000
0.960000
0.960000
0.960000
0.960000
0.960000
0.960000
0.960000
0.960000
0.960000
0.960000
0.960000
0.960000
0.960000
0.960000
0.960000
0.960000
0.960000
0.960000
0.960000
0.960000
0.960000
0.960000
0.960000
0.960000
0.960000
0.960000
0.960000
0.960000
0.960000
0.960000
0.960000
0.960000
0.960000
0.960000
0.960000
0.960000
0.960000
0.960000
0.960000
0.960000
0.960000
0.960000
0.960000
0.960000
0.960000
0.960000
0.960000
0.960000
0.960000
0.960000
0.960000
0.960000
0.960000
0.960000
0.960000
0.960000
0.960000
0.960000
0.960000
0.960000
0.960000
0.960000
0.960000
0.960000
0.960000
0.960000
0.960000
0.960000
0.960000
0.960000
0.960000
0.960000
0.960000
0.960000
0.960000
0.960000
0.960000
0.960000
0.960000
0.960000
0.960000
0.960000
0.960000
0.960000
0.960000
0.960000
0.960000
0.960000
0.960000
0.960000
0.960000
0.960000
0.960000
0.960000
0.960000
0.960000
0.960000
0.960000
0.960000
0.960000
0.960000
0.960000
0.960000
0.960000
0.960000
0.960000
0.960000
0.960000
0.960000
0.960000
0.960000
0.960000
0.960000
0.960000
0.960000
0.960000
0.960000
0.960000
0.960000
0.960000
0.960000
0.960000
0.960000
0.960000
0.960000
0.960000
0.960000
0.960000
0.960000
0.960000
0.960000
0.960000
0.960000
0.960000
0.960000
0.960000
0.960000
0.960000
0.960000
0.960000
0.960000
0.960000
0.960000
0.960000
0.960000
0.960000
0.960000
0.960000
0.960000
0.960000
0.960000
0.960000
0.960000
0.960000
0.960000
0.960000
0.960000
0.960000
0.960000
0.960000
0.960000
0.960000
0.960000
0.960000
0.960000
0.960000
0.960000
0.960000
0.960000
0.960000
0.960000
0.960000
0.960000
0.960000
0.960000
0.960000
0.960000
0.960000
0.960000
0.960000
0.960000
0.960000
0.960000
0.960000
0.960000
0.960000
0.960000
0.960000
0.960222
0.960222
0.960222
0.960222
0.960222
0.960222
0.960222
0.960222
0.960222
0.960222
0.960222
0.960222
0.960222
0.960222
0.960222
0.960222
0.960222
0.960222
0.960222
0.960222
0.960444
0.960444
0.960444
0.960444
0.960444
0.960444
0.960444
0.960444
0.960444
0.960444
0.960222
0.960222
0.960222
0.960222
0.960222
0.960222
0.960222
0.960222
0.960222
0.960222
0.960222
0.960222
0.960222
0.960222
0.960222
0.960222
0.960222
0.960222
0.960222
0.960222
0.960000
0.960000
0.960000
0.960000
0.964663
0.964663
0.964663
0.964663
0.964663
0.964663
0.964663
0.964663
0.964885
0.964885
0.964885
0.964885
0.964885
0.964885
0.964885
0.964885
0.964885
0.964885
0.967105
1.002631
1.038380
1.038824
1.038824
1.038824
1.038824
1.038824
1.038824
1.038824
1.038824
1.039046
1.034383
1.034383
1.034383
1.034383
1.034383
1.034383
1.034383
1.034383
1.034161
1.034161
1.034161
1.034161
1.034161
1.034161
1.034161
1.034161
1.034161
1.034161
1.031941
0.996414
0.960666
0.960222
0.960222
0.960222
0.960222
0.960222
0.960222
0.960222
0.960222
0.960000
0.960000
0.960000
0.960000
0.960000
0.960000
0.960000
0.960000
0.960000
0.960000
0.960000
0.960000
0.960000
0.960000
0.960666
0.960666
0.960666
0.960666
0.960666
0.960666
0.960666
0.960666
0.960666
0.960666
0.960666
0.960666
0.960666
0.960666
0.960666
0.960666
0.960666
0.960666
0.960888
0.960888
0.960888
0.964219
0.964885
0.976875
0.993750
0.999079
0.999079
0.999079
0.999079
1.133412
1.295278
1.463584
1.576379
1.582596
1.601914
1.621009
1.634331
1.634331
1.634331
1.634331
1.635886
1.656091
1.661864
1.661864
1.686510
1.780433
1.874133
1.893451
1.893228
1.893228
1.893228
1.889898
1.889232
1.954955
2.032003
2.120596
2.214296
2.307775
2.371056
2.236722
2.074190
1.905885
1.793089
1.786872
1.790203
1.795531
1.782209
1.782209
1.782209
1.782209
1.780655
1.760449
1.754676
1.754676
1.730030
1.636108
1.542407
1.523090
1.523090
1.523090
1.523090
1.523090
1.523090
1.445377
1.351454
1.257532
1.174267
1.098552
1.035271
1.035271
1.035271
1.035271
1.035271
1.035271
1.012623
0.988199
0.988421
1.008404
1.016398
1.016398
1.016398
1.016398
1.016398
1.016398
1.016398
1.016398
1.016398
1.016398
1.016398
1.016398
1.016398
1.016398
1.016398
1.016398
1.016398
1.016398
1.005962
0.988199
0.988199
0.988199
0.988199
0.988199
0.988199
0.988199
0.988199
0.988199
0.987977
0.967993
0.960222
0.962887
0.962887
0.962887
0.962887
0.962887
0.962887
1.014399
1.117425
1.180040
1.241989
1.303938
1.364999
1.425837
1.486676
1.547292
1.608131
1.668747
1.729586
1.790203
1.850819
1.911436
1.971830
2.032447
2.093063
2.106830
2.106830
2.107052
2.107052
2.107052
2.106830
2.104165
2.104165
2.104165
2.104165
2.104165
2.104165
2.059313
1.979602
1.935860
1.873911
1.811962
1.750902
1.690063
1.629225
1.568608
1.507769
1.447153
1.386314
1.325698
1.265081
1.204465
1.144070
1.083453
1.022837
1.009071
1.009071
1.008849
1.008849
1.008849
1.008849
1.008849
1.008849
1.008849
1.008849
1.008849
1.008849
1.002187
0.978873
0.960000
0.960000
0.960000
0.960000
0.960000
0.960000
0.960000
0.960000
0.960000
0.960000
0.960000
0.960000
0.960000
0.960000
0.960000
0.960000
0.960000
0.960000
0.960000
0.960000
0.960000
0.960000
0.960000
0.960000
0.960000
0.960000
0.960000
0.960000
0.960000
0.960000
0.960000
0.960000
0.960000
0.960000
0.960000
0.960000
0.960000
0.960000
0.960000
0.960000
0.960000
0.960000
0.960000
0.960000
0.960000
0.960000
0.960000
0.960000
0.960000
0.960000
0.960000
0.960000
0.960000
0.960000
0.960000
0.960000
0.960000
0.960000
0.960000
0.960000
0.960000
0.960000
0.960000
0.960000
0.960000
0.960000
0.960000
0.960000
0.960000
0.960000
0.960000
0.960000
0.960000
0.960000
0.960000
0.960000
0.960000
0.960000
0.960000
0.960000
0.960000
0.960000
0.960000
0.960000
0.960000
0.960000
0.960000
0.960000
0.960000
0.960000
0.960000
0.960000
0.960000
0.960000
0.960000
0.960000
0.960000
0.960000
0.960000
0.960000
0.960000
0.960000
0.960000
0.960000
0.960000
0.960000
0.960000
0.960000
0.960000
0.960000
0.960000
0.960000
0.960000
0.960000
0.960000
0.960000
0.960000
0.960000
0.960000
0.960000
0.960000
0.960000
0.960000
0.960000
0.960000
0.960000
0.960000
0.960000
0.960000
0.960000
0.960000
0.960000
0.960000
0.960000
0.960000
0.960000
0.960000
0.960000
0.960000
0.960000
0.960000
0.960000
0.960000
0.960000
0.960000
0.960000
0.960000
0.960000
0.960000
0.960000
0.960000
0.960000
0.960000
0.960000
0.960000
0.960000
0.960000
0.960000
0.960000
0.960000
0.960000
0.960000
0.960000
0.960000
0.960000
0.960000
0.960000
0.960000
0.960000
0.960000
0.960000
0.960000
0.960000
0.960000
0.960000
0.960000
0.960000
0.960000
0.960000
0.960000
0.960000
0.960000
0.960000
0.960000
0.960000
0.960000
0.960000
0.960000
0.960000
0.960000
0.960000
0.960000
0.960000
0.960000
0.960000
0.960000
0.960000
0.960000
0.960000
0.960000
0.960000
0.960000
0.960000
0.960000
0.960000
0.960000
0.960000
0.960000
0.960000
0.960000
0.960000
0.960000
0.960000
0.960000
0.960000
0.960000
0.960000
0.960000
0.960000
0.960000
0.960000
0.960000
0.960000
0.960000
0.960000
0.960000
0.960000
0.960000
0.960000
0.960000
0.960000
0.960000
0.960000
0.960000
0.960000
0.960000
0.960000
0.960000
0.960000
0.960000
0.960000
0.960000
0.960000
0.960000
0.960000
0.960000
0.960000
0.960000
0.960000
0.960000
0.960000
0.960000
0.960000
0.960000
0.960000
0.960000
0.960000
0.960000
0.960000
0.960000
0.960000
0.960000
0.960000
0.960000
0.960000
0.960000
0.960000
0.960000
0.960000
0.960000
0.960000
0.960000
0.960000
0.960000
0.960000
0.960000
0.960000
0.960000
0.960000
0.960000
0.960000
0.960000
0.960000
0.960000
0.960000
0.960000
0.960000
0.960000
0.960000
0.960000
0.960000
0.960000
0.960000
0.960000
0.960000
0.960000
0.960000
0.960000
0.960000
0.960000
0.960000
0.960000
0.960000
0.960000
0.960000
0.960000
0.960000
0.960000
0.960000
0.960000
0.960000
0.960000
0.960000
0.960000
0.960000
0.960000
0.960000
0.960000
0.960000
0.960000
0.960000
0.960000
0.960000
0.960000
0.960000
0.960000
0.960000
0.960000
0.960000
0.960000
0.960000
0.960000
0.960000
0.960000
0.960000
0.960000
0.960000
0.960000
0.960000
0.960000
0.960000
0.960000
0.960000
0.960000
0.960000
0.960000
0.960000
0.960000
0.960000
0.960000
0.960000
0.960000
0.960000
0.960000
0.960000
0.960000
0.960000
0.960000
0.960000
0.960000
0.960000
0.960000
0.960000
0.960000
0.960000
0.960000
0.960000
0.960000
0.960000
0.960000
0.960000
0.960000
0.960000
0.960000
0.960000
0.960000
0.960000
0.960000
0.960000
0.960000
0.960000
0.960000
0.960000
0.960000
0.960000
0.960000
0.960000
0.960000
0.960000
0.960000
0.960000
0.960000
0.960000
0.960000
0.960000
0.960000
0.960000
0.960000
0.960000
0.960000
0.960000
0.960000
0.960000
0.960000
0.960000
0.960000
0.960000
0.960000
0.960000
0.960000
0.960000
0.960000
0.960000
0.960000
0.960000
0.960000
0.960000
0.960000
0.960000
0.960000
0.960000
0.960000
0.960000
0.960000
0.960000
0.960000
0.960000
0.960000
0.960000
0.960000
0.960000
0.960000
0.960000
0.960000
0.960000
0.960000
0.960000
0.960000
0.960000
0.960000
0.960000
0.960000
0.960000
0.960000
0.960000
0.960000
0.960000
0.960000
0.960000
0.960000
0.960000
0.960000
0.989753
1.003075
1.003075
1.003075
1.003075
1.003075
1.003075
1.003075
1.003075
1.005962
1.035049
1.050148
1.051924
1.051924
1.051924
1.051924
1.065690
1.065690
1.065690
1.065690
1.065690
1.065690
1.065690
1.065690
1.065690
1.065690
1.065690
1.065690
1.065690
1.065690
1.035937
1.022615
1.037047
1.037491
1.037491
1.037491
1.037491
1.037491
1.037491
1.034605
1.005518
0.990419
0.988643
0.988643
0.988643
0.990863
0.977097
0.977097
0.985534
0.989975
0.989975
1.002187
1.010181
1.010181
1.010181
1.010181
1.010181
1.010181
1.010181
1.010181
1.010181
1.010181
0.995748
0.995304
0.995304
0.995304
0.995304
0.995304
0.995304
0.995304
0.995304
0.995304
0.995304
0.995304
0.995304
0.993528
0.993750
0.993750
0.985312
0.980872
0.980872
0.970436
0.962442
0.962442
0.976875
0.979539
0.979539
0.979539
0.979539
0.979539
0.979539
0.979539
0.979539
0.979539
0.979539
0.979539
0.979539
0.979539
0.979539
0.979539
0.979539
0.979539
0.979539
0.979539
0.979539
0.979095
0.978873
0.978873
0.978873
0.978873
0.978873
0.977097
0.977097
0.977097
0.962664
0.960000
0.960000
0.960000
0.960000
0.960000
0.960000
0.960000
0.960000
0.960000
0.960000
0.960000
0.960000
0.960000
0.960000
0.960000
0.960000
0.960000
0.960000
0.960000
0.960000
0.960000
0.960000
0.960000
0.960000
0.960000
0.960000
0.960000
0.960000
0.960000
0.960000
0.960000
0.960000
0.960000
0.960000
0.960000
0.960000
0.960000
0.960000
0.960000
0.960000
0.960000
0.960000
0.960000
0.960000
0.960000
0.960000
0.960000
0.960000
0.960000
0.960000
0.960000
0.960000
0.960000
0.960000
0.960000
0.960000
0.960000
0.960000
0.960000
0.960000
0.960000
0.960000
0.960000
0.960000
0.960000
0.960000
0.960000
0.960000
0.960000
0.960000
0.960000
0.960000
0.960000
0.960000
0.960000
0.960000
0.960000
0.960000
0.960000
0.960000
0.960000
0.960000
0.960000
0.960000
0.960000
0.960000
0.960000
0.960000
0.960000
0.960000
0.960000
0.960000
0.960000
0.960000
0.960000
0.960000
0.960000
0.960000
0.960000
0.960000
0.960000
0.960000
0.960000
0.960000
0.960000
0.960000
0.960000
0.960000
0.960000
0.960000
0.960000
0.960000
0.960000
0.960000
0.960000
0.960000
0.960000
0.960000
0.960000
0.960000
0.960000
0.960000
0.960000
0.960000
0.960000
0.960000
0.960000
0.960000
0.960000
0.960000
0.960000
0.960000
0.960000
0.960000
0.960000
0.960000
0.960000
0.960000
0.960000
0.960000
0.960000
0.960000
0.960000
0.960000
0.960000
0.960000
0.960000
0.960000
0.960000
0.960000
0.960000
0.960000
0.960000
0.960000
0.960000
0.960000
0.960000
0.960222
0.960222
0.960222
0.960222
0.960222
0.960222
0.960222
0.960222
0.960222
0.960222
0.960222
0.960222
0.960222
0.960222
0.960222
0.960222
0.960222
0.960222
0.960222
0.960222
0.960222
0.960222
0.960222
0.960222
0.960222
0.960222
0.960222
0.960222
0.960222
0.960222
0.960000
0.960000
0.960000
0.960000
0.960000
0.960000
0.960000
0.960000
0.960000
0.960000
0.960000
0.960000
0.960000
0.960000
0.960000
0.960000
0.960000
0.960000
0.960000
0.960000
0.960000
0.960000
0.960000
0.960000
0.960000
0.960000
0.960000
0.960000
0.960000
0.960000
0.960000
0.960000
0.960000
0.960000
0.960000
0.960000
0.960000
0.960000
0.960000
0.960000
0.960000
0.960000
0.960000
0.960000
0.960000
0.960000
0.960000
0.960000
0.960000
0.960000
0.960000
0.960000
0.960000
0.960000
0.960000
0.960000
0.960000
0.960000
0.960000
0.960000
0.960000
0.960000
0.960000
0.960222
0.960222
0.960222
0.960222
0.960222
0.960222
0.960222
0.960222
0.960222
0.960222
0.960222
0.960222
0.960222
0.960222
0.960222
0.960222
0.960222
0.960222
0.960222
0.960222
0.960222
0.960222
0.960222
0.960222
0.960222
0.960222
0.960222
0.960222
0.960222
0.960222
0.960000
0.960000
0.960000
0.960000
0.960000
0.960000
0.960000
0.960000
0.960000
0.960000
0.960000
0.960000
0.960000
0.960000
0.960000
0.960000
0.960000
0.960000
0.960000
0.960000
0.960000
0.960000
0.960000
0.960000
0.960000
0.960000
0.960000
0.960000
0.960222
0.960222
0.960222
0.960222
0.960222
0.960222
0.960222
0.960222
0.960222
0.960222
0.960222
0.960222
0.960222
0.960222
0.960222
0.960222
0.960222
0.960222
0.960222
0.960222
0.960222
0.960222
0.960222
0.960222
0.960222
0.960222
0.960222
0.960222
0.960222
0.960222
0.960000
0.960000
0.960000
0.960000
0.960000
0.960000
0.960000
0.960000
0.960000
0.960000
0.960000
0.960000
0.960000
0.960000
0.960000
0.960000
0.960000
0.960000
0.960000
0.960000
0.960000
0.960000
0.960000
0.960000
0.960000
0.960000
0.960000
0.960000
0.960000
0.960000
0.960000
0.960000
0.960000
0.960000
0.960000
0.960000
0.960000
0.960000
0.960000
0.960000
0.960000
0.960000
0.960000
0.960000
0.960000
0.960000
0.960000
0.960000
0.960000
0.960000
0.960000
0.960000
0.960000
0.960000
0.960000
0.960000
0.960000
0.960000
0.960000
0.960000
0.960000
0.960222
0.960222
0.960222
0.960222
0.960222
0.960222
0.960222
0.960222
0.960222
0.960222
0.960222
0.960222
0.960222
0.960222
0.960222
0.960222
0.960222
0.960222
0.960222
0.960222
0.960222
0.960222
0.960222
0.960222
0.960222
0.960222
0.960222
0.960222
0.960222
0.960222
0.960000
0.960000
0.960000
0.960000
0.960000
0.960000
0.960000
0.960000
0.960000
0.960000
0.960000
0.960000
0.960000
0.960000
0.960000
0.960000
0.960000
0.960000
0.960000
0.960000
0.960000
0.960000
0.960000
0.960000
0.960000
0.960000
0.960000
0.960000
0.960000
0.960000
0.960000
0.960000
0.960000
0.960000
0.960000
0.960000
0.960000
0.960000
0.960000
0.960000
0.960000
0.960000
0.960000
0.960000
0.960000
0.960000
0.960000
0.960000
0.960000
0.960000
0.960000
0.960000
0.960000
0.960000
0.960000
0.960000
0.960000
0.960000
0.960000
0.960000
0.960000
0.960000
0.960000
0.960000
0.960000
0.960000
0.960000
0.960000
0.960000
0.960000
0.960000
0.960000
0.960000
0.960000
0.960000
0.960000
0.960000
0.960000
0.960000
0.960000
0.960000
0.960000
0.960000
0.960000
0.960000
0.960000
0.960000
0.960000
0.960000
0.960000
0.960000
0.960000
0.960000
0.960000
0.960000
0.960000
0.960000
0.960000
0.960000
0.960000
0.960000
0.960000
0.960000
0.960000
0.960000
0.960000
0.984868
1.004852
1.004852
1.005074
1.008182
1.010181
1.010847
1.010847
1.010847
1.011513
1.011513
1.012401
1.012401
1.012401
1.012401
1.016398
1.016398
1.016398
1.016398
1.016398
1.016398
1.017064
1.017064
1.018174
1.018174
1.018174
1.018174
1.018174
1.018174
1.018174
0.993306
0.973322
0.973322
0.973100
0.969992
0.967993
0.967327
0.967327
0.967327
0.966661
0.966661
0.965773
0.965773
0.965773
0.965773
0.961776
0.961776
0.961776
0.961776
0.961776
0.961776
0.961110
0.961110
0.960000
0.960000
0.960000
0.960000
0.960000
0.960000
0.960000
0.960000
0.960000
0.960000
0.963109
0.969770
0.969770
0.969770
0.969770
0.969770
0.969770
0.969770
0.969770
0.969770
0.969770
0.969770
0.969770
0.969770
0.969770
0.969770
0.969770
0.969770
0.969770
0.969770
0.969770
0.969770
0.969770
0.969770
0.969770
0.979539
0.979539
0.979539
0.979539
0.979539
0.976431
0.969770
0.969770
0.969770
0.969770
0.969770
0.969770
0.969770
0.969770
0.969770
0.969770
0.969770
0.969770
0.969770
0.969770
0.969770
0.969992
0.969992
0.969992
0.973766
0.973766
0.973766
0.973766
0.973766
0.973766
0.963997
0.963997
0.963997
0.963997
0.963997
0.963997
0.963997
0.963997
0.963997
0.963997
0.963997
0.963997
0.963997
0.963997
0.963997
0.963997
0.963997
0.963997
0.963997
0.963997
0.963997
0.975099
1.008626
1.116759
1.265747
1.419398
1.558838
1.558838
1.558838
1.558838
1.558838
1.558838
1.558838
1.558838
1.558838
1.559504
1.559504
1.559504
1.562169
1.562169
1.562169
1.562169
1.654315
1.748237
1.822620
1.837275
1.862143
1.880794
1.880794
1.880794
1.918985
2.002027
2.062644
2.049322
1.990925
1.932307
1.827061
1.827061
1.827061
1.827061
1.827061
1.827061
1.849487
1.873911
1.902776
1.927422
1.940301
1.951403
1.961838
1.962727
1.965391
1.965391
1.873245
1.779323
1.705162
1.690507
1.665639
1.646988
1.646988
1.646988
1.608797
1.514431
1.420286
1.325476
1.231109
1.136077
1.101883
1.101883
1.101883
1.101883
1.101883
1.101883
1.079457
1.055033
1.026168
1.000855
0.988865
0.995748
0.988199
0.987311
0.984646
0.984646
0.984646
0.984646
0.984424
0.986201
0.986201
0.986201
0.986201
0.986201
0.986201
0.986201
0.986201
0.986201
0.986201
0.986201
0.986201
0.986201
0.986201
0.986201
0.986201
0.986201
0.986201
0.986201
0.986201
0.986201
0.985312
0.967327
0.961776
0.961776
0.961776
0.961776
0.961776
0.961776
0.961776
0.960000
0.960000
0.960000
0.960000
0.960000
0.960000
0.960000
0.960000
0.960000
0.965995
0.966217
0.967771
0.969104
0.969104
0.969104
0.969104
0.969104
0.969104
0.969104
0.969104
0.969104
0.969104
0.969104
0.969104
0.969104
0.969104
0.969104
0.969104
0.969104
0.969104
0.969104
0.969104
0.969104
0.969104
0.969104
0.969104
0.969104
0.969104
0.969104
0.963109
0.962887
0.961332
0.960000
0.960000
0.960000
0.960000
0.960000
0.960000
0.960000
0.960000
0.960000
0.960000
0.960000
0.960000
0.960000
0.960000
0.960000
0.960000
0.960000
0.960000
0.960000
0.960000
0.960000
0.960000
0.960000
0.960000
0.960000
0.960000
0.960000
0.960000
0.960000
0.960000
0.960000
0.960000
0.960000
0.960000
0.960000
0.960000
0.960000
0.960000
0.960000
0.960000
0.960000
0.960000
0.960000
0.960000
0.960000
0.960000
0.960000
0.960000
0.960000
0.960000
0.960000
0.960000
0.960000
0.960000
0.960000
0.960000
0.960000
0.960000
0.960000
0.960000
0.960000
0.960000
0.960000
0.960000
0.960000
0.960000
0.960000
0.960000
0.960000
0.960000
0.960000
0.960000
0.960000
0.960000
0.960000
0.960000
0.960000
0.960000
0.960000
0.960000
0.960000
0.960000
0.960000
0.960000
0.960000
0.960000
0.960000
0.960000
0.960000
0.960000
0.960000
0.960000
0.960000
0.960000
0.960000
0.960000
0.960000
0.960000
0.960000
0.960000
0.960000
0.960000
0.960000
0.960000
0.960000
0.960000
0.960000
0.960000
0.960000
0.960000
0.960000
0.960000
0.960000
0.960000
0.960000
0.960000
0.960000
0.960000
0.960000
0.960000
0.960000
0.960000
0.960000
0.960000
0.960000
0.960000
0.960000
0.960000
0.960000
0.960000
0.960000
0.960000
0.960000
0.960000
0.960000
0.960000
0.960000
0.960000
0.960000
0.960000
0.960000
0.960000
0.960000
0.960000
0.960000
0.960000
0.960000
0.960000
0.960000
0.960000
0.960000
0.960000
0.960000
0.960000
0.960000
0.960000
0.960000
0.960000
0.960000
0.960000
0.960000
0.960000
0.960000
0.960000
0.960222
0.960222
0.960222
0.960222
0.960222
0.960222
0.960222
0.960222
0.960222
0.960222
0.960222
0.960222
0.960222
0.960222
0.960222
0.960222
0.960222
0.960222
0.960222
0.960222
0.960222
0.960222
0.960222
0.960222
0.960222
0.960444
0.960444
0.960444
0.960444
0.960444
0.960222
0.960222
0.960222
0.960222
0.960222
0.960444
0.960444
0.960444
0.960444
0.960444
0.960444
0.960444
0.960444
0.960444
0.960444
0.960444
0.960444
0.960444
0.960444
0.960444
0.960444
0.960444
0.960444
0.960444
0.960444
0.960222
0.960222
0.960222
0.960222
0.960222
0.960222
0.960222
0.960222
0.960222
0.960222
0.960000
0.960000
0.960000
0.960000
0.960000
0.960000
0.960000
0.960000
0.960000
0.960000
0.960000
0.960000
0.960000
0.960000
0.960000
0.960000
0.960000
0.960000
0.960000
0.960000
0.960000
0.960000
0.960000
0.960000
0.960000
0.960000
0.960000
0.960000
0.960000
0.960000
0.960000
0.960000
0.960000
0.960000
0.960000
0.960000
0.960000
0.960000
0.960000
0.960000
0.960000
0.960000
0.960000
0.960000
0.960000
0.960000
0.960000
0.960000
0.960000
0.960000
0.960000
0.960000
0.960000
0.960000
0.960000
0.960000
0.976431
1.003520
1.003520
1.003520
1.003520
1.003520
1.003520
1.003520
1.003520
1.003520
1.003520
1.003520
1.003520
1.003520
1.003520
1.003520
1.003520
1.003520
1.003520
1.003520
1.003520
1.003520
1.003520
1.003520
1.003520
1.003520
1.003520
1.003520
1.003520
1.003520
0.987089
0.960000
0.960000
0.960000
0.960000
0.960000
0.960000
0.960000
0.960000
0.960000
0.960000
0.960000
0.960000
0.960000
0.960000
0.960000
0.960000
0.960000
0.960000
0.960000
0.960000
0.960000
0.960000
0.960000
0.960000
0.960000
0.960000
0.960000
0.960000
0.960000
0.960000
0.960000
0.960000
0.960000
0.960000
0.960000
0.960000
0.960000
0.960000
0.960000
0.960000
0.960000
0.960000
0.960000
0.960000
0.960000
0.960000
0.960000
0.960000
0.960000
0.960000
0.960000
0.960000
0.960000
0.960000
0.960000
0.960000
0.960000
0.960000
0.960000
0.960000
0.960000
0.960000
0.960000
0.960000
0.960000
0.960000
0.960000
0.960000
0.960000
0.960000
0.960000
0.960000
0.960000
0.960000
0.960000
0.960000
0.960000
0.960000
0.960000
0.960000
0.960000
0.960000
0.960000
0.960000
0.960000
0.960000
0.960000
0.960000
0.960000
0.960000
0.960000
0.960000
0.960000
0.960000
0.960000
0.960000
0.960000
0.960000
0.960000
0.960000
0.960000
0.960000
0.960000
0.960000
0.960000
0.960000
0.960000
0.960222
0.960222
0.960222
0.960222
0.960222
0.960222
0.960222
0.960222
0.960222
0.960222
0.960222
0.960222
0.960222
0.960222
0.960222
0.960222
0.960222
0.960222
0.960222
0.960222
0.960222
0.960222
0.960222
0.960222
0.960222
0.960222
0.960222
0.960222
0.960222
0.960222
0.960000
0.960000
0.960000
0.960000
0.960000
0.960000
0.960000
0.960000
0.960000
0.960000
0.960000
0.960000
0.960000
0.983758
1.002409
1.053256
1.115205
1.176710
1.238214
1.299275
1.360558
1.421618
1.482901
1.543962
1.557284
1.557284
1.557284
1.557284
1.557284
1.557284
1.557284
1.557284
1.557284
1.557284
1.557284
1.557284
1.557728
1.557728
1.557728
1.557728
1.557728
1.557728
1.557728
1.535302
1.517095
1.466470
1.404521
1.343017
1.281512
1.220451
1.159169
1.098108
1.036825
0.975765
0.962442
0.962442
0.962442
0.962442
0.962442
0.962442
0.962442
0.962442
0.962442
0.962442
0.962442
0.962442
0.961998
0.961998
0.961998
0.961998
0.961998
0.961998
0.961998
0.960666
0.960222
0.960000
0.960000
0.960000
0.960000
0.960000
0.960000
0.960000
0.960000
0.960000
0.960000
0.960000
0.960000
0.960000
0.960000
0.960000
0.960000
0.960000
0.960000
0.960000
0.960000
0.960000
0.960000
1.009515
1.071241
1.132746
1.194251
1.255311
1.316594
1.377655
1.438715
1.499776
1.560837
1.621675
1.682736
1.743574
1.804413
1.825507
1.825507
1.825951
1.825951
1.825951
1.825951
1.825951
1.827949
1.827949
1.827949
1.827949
1.827949
1.827949
1.827949
1.827949
1.827949
1.778434
1.716708
1.655203
1.593698
1.532638
1.471355
1.410294
1.349234
1.288173
1.227113
1.166274
1.105213
1.044375
0.983536
0.962442
0.962442
0.961998
0.961998
0.961998
0.961998
0.961998
0.960000
0.960000
0.960000
0.962442
0.962442
0.962442
0.962442
0.962442
0.962442
0.962442
0.962442
0.962442
0.962442
0.962442
0.962442
0.962442
0.962442
0.962442
0.962442
0.962442
0.962442
0.962442
0.962442
0.962442
0.962442
0.962442
0.962442
0.973100
0.992862
0.992862
0.994194
0.994194
0.997525
1.001743
1.012623
1.012623
1.012623
1.012623
1.012623
1.012623
1.012623
1.012623
1.012623
1.012623
1.012623
1.012623
1.012623
1.012623
1.012623
1.012623
1.012623
1.012623
1.012623
1.012623
1.015288
1.015288
1.015288
1.004630
0.984868
0.984868
0.983536
0.983536
0.980206
0.973544
0.962664
0.962664
0.962664
0.991307
1.013067
1.037047
1.037047
1.037047
1.037047
1.037047
1.037047
1.037047
1.037047
1.037047
1.037047
1.037047
1.037047
1.037047
1.037047
1.037047
1.034383
1.034383
1.034383
1.034383
1.034383
1.034383
1.034383
1.034383
1.034383
1.034383
1.034383
1.034383
1.034383
1.005740
0.983980
0.960000
0.960000
0.960000
0.960000
0.960000
0.960000
0.960000
0.960000
0.960000
0.960000
0.964219
0.964219
0.964219
0.964219
0.964219
0.964219
0.964219
0.964219
0.964219
0.964219
0.964219
0.964219
0.964219
0.964441
0.964441
0.964441
0.964441
0.964441
0.964441
0.964441
0.964441
0.964441
0.964441
0.964441
0.964441
0.964441
0.964441
0.964441
0.964441
0.964441
0.960222
0.960222
0.960222
0.960222
0.960222
0.960222
0.960222
0.960222
0.960222
0.960222
0.960222
0.960222
0.960222
0.960000
0.960000
0.960000
0.960000
0.960000
0.960000
0.960000
0.960000
0.960000
0.960000
0.960000
0.960000
0.960000
0.960000
0.960000
0.960000
0.960000
0.960000
0.960000
0.960000
0.960000
0.960000
0.960000
0.960000
0.960000
0.960000
0.960000
0.960000
0.960000
0.960000
0.960000
0.960000
0.960000
0.960000
0.960000
0.960000
0.960000
0.960000
0.960000
0.960000
0.960000
0.960000
0.960000
0.960000
0.960000
0.960000
0.960000
0.960000
0.960000
0.960000
0.960000
0.960000
0.960000
0.960000
0.960000
0.960000
0.960000
0.960000
0.960000
0.960000
0.960000
0.960000
0.960000
0.960000
0.960000
0.960000
0.960000
0.960000
0.960000
0.960000
0.960000
0.960000
0.960000
0.960000
0.960000
0.960000
0.960000
0.960000
0.960000
0.960000
0.960000
0.960000
0.960000
0.960000
0.960000
0.960000
0.960000
0.960000
0.960000
0.960000
0.960000
0.960000
0.960000
0.960000
0.960000
0.960000
0.960000
0.960000
0.960000
0.960000
0.960000
0.960000
0.960000
0.960000
0.960000
0.960000
0.960000
0.960000
0.960000
0.960000
0.960000
0.960000
0.960000
0.960000
0.960000
0.960000
0.960000
0.960000
0.960000
0.960000
0.960000
0.960000
0.960000
0.960000
0.960000
0.960000
0.960000
0.960000
0.960000
0.960000
0.960000
0.960000
0.960000
0.960000
0.960000
0.960000
0.960000
0.960000
0.960000
0.960000
0.960000
0.960000
0.960000
0.960000
0.960000
0.960000
0.960000
0.960000
0.960000
0.960000
0.960000
0.960000
0.960000
0.960000
0.960000
0.960000
0.960000
0.960000
0.960000
0.960000
0.960000
0.960000
0.960000
0.960000
0.960000
0.960000
0.960000
0.960000
0.960000
0.960000
0.960000
0.960000
0.960000
0.960000
0.960000
0.960000
0.960000
0.960000
0.960000
0.960000
0.960000
0.960000
0.960000
0.960000
0.960000
0.960000
0.960000
0.960000
0.960000
0.960000
0.960000
0.960000
0.960000
0.960000
0.960000
0.960000
0.960000
0.960000
0.960000
0.960000
0.960000
0.960000
0.960000
0.960000
0.960000
0.960000
0.960000
0.960000
0.960000
0.960000
0.960000
0.960000
0.960000
0.962220
0.962220
0.962220
0.963775
0.963775
0.963775
0.963775
0.963997
0.963997
0.963997
0.963997
0.963997
0.963997
0.963997
0.969992
0.970214
0.970214
0.970214
0.970214
0.970214
0.970880
0.970880
0.971102
1.000411
1.025279
1.025279
1.025279
1.025279
1.025945
1.034605
1.032385
1.032385
1.032385
1.030830
1.030830
1.030830
1.030830
1.030608
1.030608
1.030608
1.030608
1.030608
1.030608
1.030608
1.024613
1.024391
1.024391
1.024391
1.024391
1.024391
1.023725
1.023725
1.023503
0.994194
0.969326
0.969326
0.969326
0.969326
0.968660
0.960000
0.960000
0.960000
0.960000
0.960000
0.960000
0.960000
0.960000
0.960888
0.982648
0.999745
0.999967
0.999967
1.011957
1.011957
1.011957
1.011957
1.011957
1.011957
1.011957
1.012179
1.012179
1.012179
1.012179
1.012179
1.012179
1.012179
1.012179
1.012179
1.022393
1.022393
1.022393
1.022393
1.022393
1.022393
1.022393
1.022393
1.022393
1.021505
0.999745
0.982648
0.982426
0.982426
0.970658
0.984202
0.984202
0.984424
0.984424
0.984424
0.984424
0.984202
0.984202
0.984424
0.985534
1.044597
1.067689
1.080345
1.080345
1.080345
1.070131
1.070131
1.070131
1.070131
1.070131
1.070131
1.070131
1.078569
1.116537
1.159391
1.159835
1.159835
1.159835
1.160057
1.159835
1.146290
1.146290
1.146068
1.146068
1.146068
1.146068
1.146068
1.146068
1.145846
1.144736
1.085674
1.062582
1.049926
1.049926
1.049926
1.049926
1.049926
1.049926
1.049926
1.049926
1.049926
1.049926
1.041488
1.003520
0.960666
0.960222
0.960222
0.960222
0.960000
0.960000
0.960000
0.960000
0.960000
0.960000
0.960000
0.960000
0.960000
0.960000
0.960000
0.960000
0.960000
0.960000
0.960000
0.960000
0.960000
0.960000
0.960000
0.960000
0.960000
0.960000
0.960000
0.960000
0.960000
0.960000
0.960000
0.960000
0.960000
0.960000
0.960000
0.960000
0.960000
0.960000
0.960000
0.960000
0.960000
0.960000
0.960000
0.960000
0.960000
0.960000
0.960000
0.960000
0.960000
0.960000
0.960000
0.960000
0.960000
0.960000
0.960000
0.960000
0.960000
0.960000
0.960000
0.960000
0.960000
0.960000
0.960000
0.960000
0.960000
0.960000
0.960000
0.960000
0.960000
0.960000
0.960000
0.960000
0.960000
0.960000
0.960000
0.960000
0.960000
0.960000
0.960000
0.960000
0.960000
0.960000
0.960000
0.960000
0.960000
0.960000
0.960000
0.960000
0.960000
0.960000
0.960000
0.960000
0.960000
0.960000
0.960000
0.960000
0.960000
0.960000
0.960000
0.960000
0.960000
0.960000
0.960000
0.960000
0.960000
0.960000
0.960000
0.960000
0.960000
0.960000
0.960000
0.960000
0.960000
0.960000
0.960000
0.960000
0.960000
0.960000
0.960000
0.960000
0.960000
0.960000
0.960222
0.960222
0.960222
0.960222
0.960222
0.960222
0.960222
0.960222
0.960222
0.960222
0.960222
0.960222
0.960222
0.960222
0.960222
0.960222
0.960222
0.960222
0.960222
0.960222
0.960222
0.960222
0.960222
0.960222
0.960222
0.960222
0.960222
0.960222
0.960222
0.960222
0.960000
0.960000
0.960000
0.960000
0.960000
0.960000
0.960000
0.960000
0.960000
0.960000
0.960000
0.960000
0.960000
0.960000
0.960000
0.960222
0.960222
0.960222
0.960222
0.960222
0.960222
0.960222
0.960222
0.960222
0.960222
0.960222
0.960222
0.960222
0.960222
0.960222
0.960222
0.960222
0.960222
0.960222
0.960222
0.960222
0.960222
0.960222
0.960222
0.960222
0.960222
0.960222
0.960222
0.960222
0.960222
0.960000
0.960000
0.960000
0.960000
0.960000
0.960000
0.960000
0.960000
0.960000
0.960000
0.960000
0.960000
0.960000
0.960000
0.960000
0.960000
0.960000
0.960000
0.960000
0.960000
0.960000
0.960000
0.960000
0.960000
0.960000
0.960000
0.960000
0.960000
0.960000
0.960000
0.960000
0.960000
0.960000
0.960000
0.960000
0.960000
0.960000
0.960000
0.960000
0.960000
0.960000
0.960000
0.960000
0.960000
0.960000
0.960000
0.960000
0.960000
0.960000
0.960000
0.960000
0.960000
0.960000
0.960000
0.960000
0.960000
0.960000
0.960000
0.960000
0.960000
0.960000
0.960000
0.960000
0.960000
0.960000
0.960000
0.960000
0.960000
0.960000
0.960000
0.960000
0.960000
0.960000
0.960000
0.960000
0.960000
0.960000
0.960000
0.960000
0.960000
0.960000
0.960000
0.960000
0.960000
0.960000
0.960000
0.960000
0.960000
0.960000
0.960000
0.960000
0.960000
0.960000
0.960000
0.960000
0.960000
0.960000
0.960000
0.960000
0.960000
0.960000
0.960000
0.960000
0.960000
0.960000
0.960222
0.960222
0.960222
0.960222
0.960222
0.960222
0.960222
0.960222
0.960222
0.960222
0.960222
0.960222
0.960222
0.960222
0.960222
0.960222
0.960222
0.960222
0.960222
0.960222
0.960222
0.960222
0.960222
0.960222
0.960222
0.960222
0.960222
0.960222
0.960222
0.960222
0.960000
0.960000
0.960000
0.960000
0.960000
0.960222
0.960222
0.960222
0.960222
0.960222
0.960222
0.960222
0.960222
0.960222
0.960222
0.960222
0.960222
0.960222
0.960222
0.960222
0.960222
0.960222
0.960222
0.960222
0.960222
0.960222
0.960222
0.960222
0.960222
0.960222
0.960222
0.960222
0.960222
0.960222
0.960222
0.960000
0.960000
0.960000
0.960000
0.960000
0.960000
0.960000
0.960000
0.960000
0.960000
0.960222
0.960222
0.960222
0.960222
0.960222
0.960444
0.960444
0.960444
0.960444
0.960444
0.960444
0.960444
0.960444
0.960444
0.960444
0.960444
0.960444
0.960444
0.960444
0.960444
0.960444
0.960444
0.960444
0.960444
0.960444
0.960444
0.960444
0.960444
0.960444
0.960444
0.960222
0.960222
0.960222
0.960222
0.960222
0.960222
0.960222
0.960222
0.960222
0.960222
0.960222
0.960222
0.960222
0.960222
0.960222
0.960444
0.960444
0.960444
0.960444
0.960444
0.960444
0.960444
0.960444
0.960444
0.960444
0.960444
0.960444
0.960444
0.960444
0.960444
0.960444
0.960444
0.960444
0.960444
0.960444
0.960222
0.960222
0.960222
0.960222
0.960222
0.960222
0.960222
0.960222
0.960222
0.960222
0.960000
0.960000
0.960000
0.960000
0.960000
0.960000
0.960000
0.960000
0.960000
0.960000
0.960000
0.960000
0.960222
0.960222
0.960222
0.960222
0.960222
0.960222
0.960222
0.960222
0.960222
0.960222
0.960222
0.960222
0.960222
0.960222
0.960222
0.960222
0.960444
0.960444
0.960444
0.960444
0.960444
0.960444
0.960444
0.960444
0.960444
0.960444
0.960444
0.960444
0.960444
0.960444
0.960222
0.960222
0.960222
0.960222
0.960222
0.960222
0.960222
0.960222
0.960222
0.960222
0.960222
0.960222
0.960222
0.960222
0.960222
0.960222
0.960000
0.960000
0.960000
0.960000
0.960000
0.960000
0.960000
0.960000
0.960000
0.960000
0.960000
0.960000
0.960000
0.960000
0.960000
0.960000
0.960000
0.960000
0.960000
0.960000
0.960000
0.960000
0.960000
0.960000
0.960000
0.960000
0.960000
0.960000
0.960000
0.960000
0.960000
0.960000
0.960000
0.960000
0.960000
0.960000
0.960000
0.960000
0.960000
0.960000
0.960000
0.960000
0.960000
0.960000
0.960000
0.960000
0.960000
0.960000
0.960000
0.960000
0.960000
0.960000
0.960000
0.960000
0.960000
0.960000
0.960000
0.960000
0.960000
0.960000
0.960000
0.960000
0.960000
0.960000
0.960000
0.960000
0.960000
0.960000
0.960000
0.960000
0.960000
0.960000
0.960000
0.960000
0.960000
0.960000
0.960000
0.960000
0.960000
0.960000
0.960000
0.960000
0.960000
0.960000
0.960000
0.960000
0.960000
0.960000
0.960000
0.960000
0.960000
0.960000
0.960000
0.960000
0.960000
0.960000
0.960000
0.960000
0.960000
0.960000
0.960000
0.960000
0.960000
0.960000
0.960000
0.960222
0.960222
0.960222
0.960222
0.960222
0.960222
0.960222
0.960222
0.960222
0.960222
0.960222
0.960222
0.960222
0.960222
0.960222
0.960222
0.960222
0.960222
0.960222
0.960222
0.960222
0.960222
0.960222
0.960222
0.960222
0.960222
0.960222
0.960222
0.960222
0.960222
0.960000
0.960000
0.960000
0.960000
0.960000
0.960000
0.960000
0.960000
0.960000
0.960000
0.960000
0.960000
0.960000
0.960000
0.960000
0.960000
0.960000
0.960000
0.960000
0.960000
0.960000
0.960000
0.960000
0.960000
0.960000
0.960000
0.960000
0.960000
0.960000
0.960000
0.960000
0.960000
0.960000
0.960000
0.960000
0.960000
0.960000
0.960000
0.960000
0.960000
0.960000
0.960000
0.960000
0.960000
0.960000
0.960000
0.960000
0.960000
0.960000
0.960000
0.960000
0.960000
0.960000
0.960000
0.960000
0.960000
0.960000
0.960000
0.960000
0.960000
0.960000
0.960000
0.960000
0.960000
0.960000
0.960000
0.960000
0.960000
0.960000
0.960000
0.960000
0.960000
0.960000
0.960000
0.960000
0.960000
0.960000
0.960000
0.960000
0.960000
0.960000
0.960000
0.960000
0.960000
0.960000
0.960000
0.960000
0.960000
0.960000
0.960000
0.960000
0.960000
0.960000
0.960000
0.960000
0.960000
0.960000
0.960000
0.960000
0.960000
0.960000
0.960000
0.960000
0.960000
0.960000
0.960000
0.960000
0.960000
0.960000
0.960000
0.960000
0.960000
0.960000
0.960000
0.960000
0.960000
0.960000
0.960000
0.960000
0.960000
0.960000
0.960000
0.960000
0.960000
0.960000
0.960000
0.960000
0.960000
0.960000
0.960000
0.960000
0.960000
0.960000
0.960000
0.960000
0.960000
0.960000
0.960000
0.960000
0.960000
0.960000
0.960000
0.960000
0.960000
0.960000
0.960000
0.960000
0.960000
0.960000
0.960000
0.960000
0.960000
0.960000
0.960000
0.960000
0.960000
0.960000
0.960000
0.960000
0.960000
0.960000
0.960000
0.960000
0.960000
0.960000
0.960000
0.960000
0.960000
0.960000
0.960000
0.960000
0.960000
0.960000
0.960000
0.960000
0.960000
0.960000
0.960000
0.960000
0.960000
0.960000
0.960000
0.960000
0.960000
0.960000
0.960000
0.960000
0.960000
0.960000
0.960000
0.960000
0.960000
0.960000
0.960000
0.960000
0.960000
0.960000
0.960000
0.960000
0.960000
0.960000
0.960000
0.960000
0.960000
0.960000
0.960000
0.960000
0.960000
0.960000
0.960000
0.960000
0.960000
0.960000
0.960000
0.960000
0.960000
0.960000
0.960000
0.960000
0.960000
0.960000
0.960000
0.960000
0.960000
0.960000
0.960000
0.960000
0.960000
0.960000
0.960000
0.960000
0.960000
0.960000
0.960000
0.960000
0.960000
0.960000
0.960000
0.960000
0.960000
0.960000
0.960000
0.960000
0.960000
0.960000
0.960000
0.960000
0.960000
0.960000
0.960000
0.960000
0.960000
0.960000
0.960000
0.960000
0.960000
0.960000
0.960000
0.960000
0.960000
0.960000
0.960000
0.960000
0.960000
0.960000
0.960000
0.960000
0.960000
0.960000
0.960000
0.960000
0.960000
0.960000
0.960000
0.960000
0.960000
0.960000
0.960000
0.960000
0.960000
0.960000
0.960000
0.960000
0.960000
0.960000
0.960000
0.960000
0.960000
0.960000
0.960000
0.960000
0.960000
0.960000
0.960000
0.960000
0.960000
0.960000
0.960000
0.960000
0.960000
0.960000
0.960000
0.960000
0.960000
0.960000
0.960000
0.960000
0.960000
0.960000
0.960000
0.960000
0.960000
0.960000
0.960000
0.960000
0.960000
0.960000
0.960000
0.960000
0.960000
0.960000
0.960000
0.960000
0.960000
0.960000
0.960000
0.960000
0.960000
0.960000
0.960000
0.960000
0.960000
0.960000
0.960000
0.960000
0.960000
0.960000
0.960000
0.960000
0.960000
0.960000
0.960000
0.960000
0.960000
0.960000
0.960000
0.960000
0.960000
0.960000
0.960000
0.960000
0.960000
0.960000
0.960000
0.960000
0.960000
0.960000
0.960000
0.960000
0.960000
0.960000
0.960000
0.960000
0.960000
0.960000
0.960000
0.960000
0.960000
0.960000
0.960000
0.960000
0.960000
0.960000
0.960000
0.960000
0.960000
0.960000
0.960000
0.960000
0.960000
0.960000
0.960000
0.960000
0.960000
0.960000
0.960000
0.960000
0.960000
0.960000
0.960000
0.960000
0.960000
0.960000
0.960000
0.960000
0.960000
0.960000
0.960000
0.960000
0.960000
0.960000
0.960000
0.960000
0.960000
0.960000
0.960000
0.960000
0.960000
0.960000
0.960000
0.960000
0.960000
0.960000
0.960000
0.960000
0.960000
0.960000
0.960000
0.960000
0.960000
0.960000
0.960000
0.960000
0.960000
0.960000
0.960000
0.960000
0.960000
0.960000
0.960000
0.960000
0.960000
0.960000
0.960000
0.960000
0.960000
0.960000
0.960000
0.960000
0.960000
0.960000
0.960000
0.960000
0.960000
0.960000
0.960000
0.960000
0.960000
0.960000
0.960000
0.960000
0.960000
0.960000
0.960000
0.960000
0.960000
0.960000
0.960000
0.960000
0.960000
0.960000
0.960000
0.960000
0.960000
0.960000
0.960000
0.960000
0.960000
0.960000
0.960000
0.960000
0.960000
0.960000
0.960000
0.960000
0.960000
0.960000
0.960000
0.960000
0.960000
0.960000
0.960000
0.960000
0.960000
0.960000
0.960000
0.960000
0.960000
0.960000
0.960000
0.960000
0.960000
0.960000
0.960000
0.960000
0.960000
0.960000
0.960000
0.960000
0.960000
0.960000
0.960000
0.960000
0.960000
0.960000
0.960000
0.960000
0.960000
0.960000
0.960000
0.960000
0.960000
0.960000
0.960000
0.960000
0.960000
0.960000
0.960000
0.960000
0.960000
0.960000
0.960000
0.960000
0.960000
0.960000
0.960000
0.960000
0.960000
0.960000
0.960000
0.960000
0.960000
0.960000
0.960000
0.960000
0.960000
0.960000
0.960000
0.960000
0.960000
0.960000
0.960000
0.960000
0.960000
0.960000
0.960000
0.960000
0.960000
0.960000
0.960000
0.960000
0.960000
0.960000
0.960000
0.960000
0.960000
0.960000
0.960000
0.960000
0.960000
0.960000
0.960000
0.960000
0.960000
0.960000
0.960000
0.960000
0.960000
0.960000
0.960000
0.960000
0.960000
0.960000
0.960000
0.960000
0.960000
0.960000
0.960000
0.960000
0.960000
0.960000
0.960000
0.960000
0.960000
0.960000
0.960000
0.960000
0.960000
0.960000
0.960000
0.960000
0.960000
0.960000
0.960000
0.960000
0.960000
0.960000
0.960000
0.960000
0.960000
0.960000
0.960000
0.960000
0.960000
0.960000
0.960000
0.960000
0.960000
0.960000
0.960000
0.960000
0.960000
0.960000
0.960000
0.960000
0.960000
0.960000
0.960000
0.960000
0.960000
0.960000
0.960000
0.960000
0.960000
0.960000
0.960000
0.960000
0.960000
0.960000
0.960000
0.960000
0.960000
0.960000
0.960000
0.960000
0.960000
0.960000
0.960000
0.960000
0.960000
0.960000
0.960000
0.960000
0.960000
0.960000
0.960000
0.960000
0.960000
0.960000
0.960000
0.960000
0.960000
0.960000
0.960000
0.960000
0.960000
0.960000
0.960000
0.960000
0.960000
0.960000
0.960000
0.960000
0.960000
0.960000
0.960000
0.960000
0.960000
0.960000
0.960000
0.960000
0.960000
0.960000
0.960000
0.960000
0.960000
0.960000
0.960000
0.960000
0.960000
0.960000
0.960000
0.960000
0.960000
0.960000
0.960000
0.960000
0.960000
0.960000
0.960000
0.960000
0.960000
0.960000
0.960000
0.960000
0.960000
0.960000
0.960000
0.960000
0.960000
0.960000
0.960000
0.960000
0.960000
0.960000
0.960000
0.960000
0.960000
0.960000
0.960000
0.960000
0.960000
0.960000
0.960000
0.960000
0.960000
0.960000
0.960000
0.960000
0.960000
0.960000
0.960000
0.960000
0.960000
0.960000
0.960000
0.960000
0.960000
0.960000
0.960000
0.960000
0.960000
0.960000
0.960000
0.960000
0.960000
0.960000
0.960000
0.960000
0.960000
0.960000
0.960000
0.960000
0.960000
0.960000
0.960000
0.960000
0.960000
0.960000
0.960000
0.960000
0.960000
0.960000
0.960000
0.960000
0.960000
0.960000
0.960000
0.960000
0.960000
0.960000
0.960000
0.960000
0.960000
0.960000
0.960000
0.960000
0.960000
0.960000
0.960000
0.960000
0.960000
0.960000
0.960000
0.960000
0.960222
0.960222
0.960222
0.960222
0.960222
0.960222
0.960222
0.960222
0.960222
0.960222
0.960222
0.960222
0.960222
0.960222
0.960222
0.960222
0.960222
0.960222
0.960222
0.960222
0.960222
0.960222
0.960222
0.960222
0.960222
0.960222
0.960222
0.960222
0.960222
0.960222
0.960000
0.960000
0.960000
0.960000
0.960000
0.960000
0.960000
0.960000
0.960000
0.960000
0.960000
0.960000
0.960000
0.960000
0.960000
0.960000
0.960000
0.960000
0.960000
0.960000
0.960000
0.960000
0.960000
0.960000
0.960000
0.960000
0.960000
0.960000
0.960000
0.960000
0.960000
0.960000
0.960000
0.960000
0.960000
0.960000
0.960000
0.960000
0.960000
0.960000
0.960000
0.960000
0.960000
0.960000
0.960000
0.960000
0.960000
0.960000
0.960000
0.960000
0.960000
0.960000
0.960000
0.960000
0.960000
0.960000
0.960000
0.960000
0.960000
0.960000
0.960000
0.960000
0.960000
0.960000
0.960000
0.960000
0.960000
0.960000
0.960000
0.960000
0.960000
0.960000
0.960000
0.960000
0.960000
0.960000
0.960000
0.960000
0.960000
0.960000
0.960000
0.960000
0.960000
0.960000
0.960000
0.960000
0.960000
0.960000
0.960000
0.960000
0.960000
0.960000
0.960000
0.960000
0.960000
0.960000
0.960000
0.960000
0.960000
0.960000
0.960000
0.960000
0.960000
0.960000
0.960000
0.960000
0.960000
0.960000
0.960000
0.960000
0.960000
0.960000
0.960000
0.960000
0.960000
0.960000
0.960000
0.960000
0.960000
0.960000
0.960000
0.960000
0.960000
0.960000
0.960000
0.960000
0.960000
0.960000
0.960000
0.960000
0.960000
0.960000
0.960000
0.960000
0.960000
0.960000
0.960000
0.960000
0.960000
0.960000
0.960000
0.960000
0.960000
0.960000
0.960000
0.960000
0.960000
0.960000
0.960000
0.960000
0.960000
0.960000
0.960000
0.960000
0.960000
0.960000
0.960000
0.960000
0.960000
0.960000
0.960000
0.960000
0.960000
0.960000
0.960000
0.960000
0.960000
0.960000
0.960000
0.960000
0.960000
0.960000
0.960000
0.960000
0.960000
0.960000
0.960000
0.960000
0.960000
0.960000
0.960000
0.960000
0.960000
0.960000
0.960000
0.960000
0.960000
0.960000
0.960000
0.960000
0.960000
0.960000
0.960000
0.960000
0.960000
0.960000
0.960000
0.960000
0.960000
0.960000
0.960000
0.960000
0.960000
0.960000
0.960000
0.960000
0.960000
0.960000
0.960000
0.960000
0.960000
0.960000
0.960000
0.960000
0.960000
0.960000
0.960000
0.960000
0.960000
0.960000
0.960000
0.960000
0.960000
0.960000
0.960000
0.960000
0.960000
0.960000
0.960000
0.960000
0.960000
0.960000
0.960000
0.960000
0.960000
0.960000
0.960000
0.960000
0.960000
0.960000
0.960000
0.960000
0.960000
0.960000
0.960000
0.960000
0.960000
0.960000
0.960000
0.960000
0.960000
0.960000
0.960000
0.960000
0.960000
0.960000
0.960000
0.960000
0.960000
0.960000
0.960000
0.960000
0.960000
0.960000
0.960000
0.960000
0.960000
0.960000
0.960000
0.960000
0.960000
0.960000
0.960000
0.960000
0.960000
0.960000
0.960000
0.960000
0.960000
0.960000
0.960000
0.960000
0.960000
0.960000
0.960000
0.960000
0.960000
0.960000
0.960000
0.960000
0.960000
0.960000
0.960000
0.960000
0.960000
0.960000
0.960000
0.960000
0.960000
0.960000
0.960000
0.960000
0.960000
0.960000
0.960000
0.960000
0.960000
0.960000
0.960000
0.960000
0.960000
0.960000
0.960000
0.960000
0.960000
0.960000
0.960000
0.960000
0.960000
0.960000
0.960000
0.960000
0.960000
0.960000
0.960000
0.960000
0.960000
0.960000
0.960000
0.960000
0.960000
0.960000
0.960000
0.960000
0.960000
0.960000
0.960000
0.960000
0.960000
0.960000
0.960000
0.960000
0.960000
0.960000
0.960000
0.960000
0.960000
0.960000
0.960000
0.960000
0.960000
0.960000
0.960000
0.960000
0.960000
0.960000
0.960000
0.960000
0.960000
0.960000
0.960000
0.960000
0.960000
0.960000
0.960000
0.960000
0.960000
0.960000
0.960000
0.960000
0.960000
0.960000
0.960000
0.960000
0.960000
0.960000
0.960000
0.960000
0.960000
0.960000
0.960000
0.960000
0.960000
0.960000
0.960000
0.960000
0.960000
0.960000
0.960000
0.960000
0.960000
0.960000
0.960000
0.960000
0.960000
0.960000
0.960000
0.960000
0.960000
0.960000
0.960000
0.960000
0.960000
0.960000
0.960000
0.960000
0.960000
0.960000
0.960000
0.960000
0.960000
0.960000
0.960000
0.960000
0.960000
0.960000
0.960000
0.960000
0.960000
0.960000
0.960000
0.960000
0.960000
0.960000
0.960000
0.960000
0.960000
0.960000
0.960000
0.960000
0.960000
0.960000
0.960000
0.960000
0.960000
0.960000
0.960000
0.960000
0.960000
0.960000
0.960000
0.960000
0.960000
0.960000
0.960000
0.960000
0.960000
0.960000
0.960000
0.960000
0.960000
0.960000
0.960000
0.960000
0.960000
0.960000
0.960000
0.960000
0.960000
0.960000
0.960000
0.960000
0.960000
0.960000
0.960000
0.960000
0.960000
0.960000
0.960000
0.960000
0.960000
0.960000
0.960000
0.960000
0.960000
0.960000
