0.960000
0.960000
0.960000
0.960000
0.960000
0.960000
0.960000
0.960000
0.960000
0.960000
0.960000
0.960000
0.960000
0.960000
0.960000
0.960000
0.960000
0.960000
0.960000
0.960000
0.960000
0.960000
0.960000
0.960000
0.960000
0.960000
0.960000
0.960000
0.960000
0.960000
0.960000
0.960000
0.960000
0.960000
0.960000
0.960000
0.960000
0.960000
0.960000
0.960000
0.960000
0.960000
0.960000
0.960000
0.960000
0.960000
0.960000
0.960000
0.960000
0.960000
0.960000
0.960000
0.960000
0.960000
0.960000
0.960000
0.960000
0.960000
0.960000
0.960000
0.960000
0.960000
0.960000
0.960000
0.960000
0.960000
0.960000
0.960000
0.960000
0.960000
0.960000
0.960000
0.960000
0.960000
0.960000
0.960000
0.960000
0.960000
0.960000
0.960000
0.960000
0.960000
0.960000
0.960000
0.960000
0.960000
0.960000
0.960000
0.960000
0.960000
0.960000
0.960000
0.960000
0.960000
0.960000
0.960000
0.960000
0.960000
0.960000
0.960000
0.960000
0.960000
0.960000
0.960000
0.960000
0.960000
0.960000
0.960000
0.960000
0.960000
0.960000
0.962100
0.981300
1.000201
1.019101
1.038001
1.056601
1.075802
1.094402
1.112402
1.115102
1.116602
1.118402
1.119902
1.121402
1.123202
1.124702
1.126202
1.128002
1.129502
1.131002
1.132802
1.134302
1.136102
1.137902
1.140002
1.142102
1.144202
1.146302
1.148402
1.150203
1.150203
1.133102
1.116302
1.099502
1.082702
1.066201
1.049101
1.032601
1.016701
1.016101
1.016701
1.016701
1.017301
1.017901
1.018201
1.018801
1.019401
1.019701
1.020301
1.020901
1.020901
1.021501
1.021801
1.022101
1.022101
1.022101
1.022101
1.022101
1.021801
1.022101
1.022101
1.022101
1.022101
1.022101
1.022101
1.022101
1.022101
1.022101
1.022701
1.040401
1.057501
1.074902
1.092002
1.108802
1.125602
1.142402
1.158903
1.174503
1.191003
1.207503
1.224303
1.232704
1.234204
1.235704
1.237204
1.238704
1.239904
1.241404
1.242304
1.240204
1.238104
1.236004
1.233904
1.231804
1.229704
1.232104
1.237204
1.235104
1.232404
1.212603
1.193403
1.174203
1.155003
1.136102
1.117202
1.098302
1.079702
1.062001
1.043401
1.024801
1.006201
0.995700
0.992100
0.988500
0.984900
0.981300
0.978000
0.974400
0.971700
0.971700
0.971700
0.971700
0.971700
0.971700
0.971700
0.967200
0.960000
0.960000
0.960000
0.960000
0.960000
0.960000
0.960000
0.960000
0.960000
0.960000
0.960000
0.960000
0.960000
0.960000
0.960000
0.960000
0.960000
0.960000
0.960000
0.960000
0.960000
0.960000
0.960000
0.960000
0.960000
0.960000
0.960000
0.960000
0.960000
0.960000
0.960000
0.960000
0.960000
0.960000
0.960000
0.960000
0.960000
0.960000
0.960000
0.960000
0.960000
0.960000
0.960000
0.960000
0.960000
0.960000
0.960000
0.960000
0.960000
0.960000
0.960000
0.960000
0.960000
0.960000
0.960000
0.960000
0.960000
0.960000
0.960000
0.960000
0.960000
0.960000
0.960000
0.960000
0.960000
0.960000
0.967500
0.971100
0.971100
0.971100
0.971100
0.971100
0.971100
0.971100
0.971100
0.971100
0.971100
0.978600
0.996300
1.012201
1.028101
1.044301
1.060201
1.076102
1.092302
1.101302
1.101302
1.101302
1.101302
1.101302
1.101302
1.101302
1.101302
1.101302
1.101302
1.101302
1.093802
1.090202
1.090202
1.090202
1.090202
1.090202
1.090202
1.090202
1.090202
1.090202
1.090202
1.082702
1.065001
1.049101
1.033201
1.017001
1.001101
0.985200
0.969000
0.960000
0.960000
0.960000
0.960000
0.960000
0.960000
0.960000
0.960000
0.960000
0.960000
0.960000
0.960000
0.960000
0.960000
0.960000
0.960000
0.960000
0.960300
0.960300
0.960300
0.960300
0.960300
0.960300
0.960300
0.960300
0.960300
0.960300
0.960300
0.960300
0.960300
0.960300
0.960300
0.960300
0.960300
0.960300
0.960300
0.960300
0.960300
0.960300
0.960300
0.960300
0.960300
0.960300
0.960300
0.960300
0.960300
0.960300
0.960000
0.960000
0.960000
0.960000
0.960000
0.960000
0.960000
0.960000
0.960000
0.960000
0.960000
0.960000
0.960000
0.960000
0.960000
0.960000
0.960000
0.960000
0.960000
0.960000
0.960000
0.960000
0.960000
0.960000
0.960000
0.960000
0.960000
0.960000
0.960000
0.960000
0.960000
0.960000
0.960000
0.960000
0.960000
0.960000
0.960000
0.960000
0.960000
0.960000
0.960000
0.960000
0.960000
0.960000
0.960000
0.960000
0.960000
0.960000
0.960000
0.960000
0.960000
0.960000
0.960000
0.960000
0.960000
0.960000
0.960000
0.960000
0.960000
0.960000
0.960000
0.960000
0.960000
0.960000
0.960000
0.960000
0.960000
0.960000
0.960000
0.960000
0.960000
0.960000
0.960000
0.960000
0.961800
0.976200
0.992400
1.008301
1.024501
1.039201
1.049701
1.049701
1.049701
1.049701
1.049701
1.049701
1.049701
1.049701
1.049701
1.050001
1.050301
1.050301
1.054201
1.062301
1.069801
1.087202
1.103702
1.119902
1.136402
1.152303
1.169103
1.185603
1.201803
1.218003
1.232104
1.233904
1.228804
1.212903
1.196703
1.182003
1.179003
1.181403
1.181703
1.184703
1.184703
1.199703
1.205403
1.205703
1.214703
1.233904
1.252804
1.253704
1.249804
1.241704
1.234204
1.216803
1.200303
1.184103
1.167603
1.151703
1.134902
1.118402
1.102202
1.086602
1.070701
1.054501
1.043401
1.043401
1.043401
1.046401
1.038901
1.036501
1.036201
1.040401
1.048501
1.033501
1.027801
1.030801
1.022101
1.007101
0.987900
0.987000
0.993900
1.005601
1.016701
1.020901
1.037701
1.048801
1.062601
1.077602
1.080902
1.080902
1.080902
1.080302
1.080302
1.080302
1.080302
1.080302
1.080302
1.077302
1.077302
1.077302
1.077302
1.070101
1.062001
1.062001
1.062001
1.058701
1.058401
1.053901
1.058701
1.075202
1.084502
1.089002
1.094102
1.105802
1.117202
1.123502
1.126502
1.128302
1.141802
1.159803
1.176003
1.192503
1.209003
1.225504
1.228504
1.228504
1.228504
1.228504
1.228504
1.228504
1.228504
1.228504
1.228504
1.228504
1.228504
1.228504
1.228504
1.228804
1.224003
1.207503
1.191303
1.175103
1.158903
1.143002
1.114802
1.097402
1.080602
1.063801
1.047001
1.029001
1.012801
0.996300
0.979800
0.963300
0.960300
0.960300
0.960300
0.960300
0.960300
0.960300
0.960600
0.972000
0.973200
0.973200
0.973200
0.973200
0.973200
0.972900
0.972900
0.972900
0.972900
0.972900
0.972900
0.972900
0.972900
0.972900
0.972900
0.972900
0.972900
0.972900
0.972900
0.972900
0.972900
0.972900
0.972900
0.972900
0.972900
0.972900
0.972900
0.972900
0.972600
0.961200
0.960000
0.960000
0.960000
0.960000
0.960000
0.960000
0.960000
0.960000
0.960000
0.960000
0.960000
0.960000
0.960000
0.960000
0.960000
0.960000
0.960000
0.960000
0.960000
0.960000
0.960000
0.960000
0.960000
0.960000
0.960000
0.960000
0.960000
0.960000
0.960000
0.960000
0.960000
0.960000
0.960000
0.960000
0.960000
0.960000
0.960300
0.960300
0.960300
0.960300
0.960300
0.960300
0.960300
0.960300
0.960300
0.960300
0.960300
0.960300
0.960300
0.960300
0.960300
0.960300
0.960300
0.960300
0.960300
0.960300
0.960300
0.960300
0.960300
0.960300
0.960300
0.960300
0.960300
0.960300
0.960300
0.960300
0.960000
0.960000
0.960000
0.960000
0.960000
0.960000
0.960000
0.960000
0.960000
0.960000
0.960000
0.960000
0.960000
0.960000
0.960000
0.960000
0.960000
0.960000
0.960000
0.960000
0.960000
0.960000
0.960300
0.960300
0.960300
0.960300
0.960300
0.960300
0.960300
0.960300
0.960300
0.960300
0.960300
0.960300
0.960300
0.960300
0.976200
1.011301
1.044601
1.077302
1.110302
1.141502
1.172703
1.204203
1.234804
1.267204
1.299904
1.332605
1.364105
1.390506
1.395306
1.395306
1.395006
1.395006
1.395006
1.395006
1.395006
1.396806
1.397106
1.397106
1.397106
1.397106
1.408806
1.416006
1.416006
1.416006
1.400106
1.365005
1.331705
1.299004
1.266004
1.234804
1.203603
1.172103
1.141502
1.109102
1.076402
1.043701
1.012201
0.985800
0.981000
0.981000
0.981000
0.981000
1.001101
1.031101
1.060501
1.090502
1.122602
1.155003
1.187103
1.219503
1.238704
1.261504
1.291504
1.298104
1.298104
1.298104
1.298104
1.298104
1.298104
1.298104
1.298104
1.298104
1.298104
1.298104
1.298104
1.298104
1.298104
1.298104
1.298104
1.298104
1.299304
1.299304
1.279204
1.249204
1.219803
1.188003
1.155603
1.123202
1.091102
1.067401
1.039201
1.009201
0.979200
0.972600
0.972600
0.972600
0.972600
0.972600
0.972600
0.972600
0.972600
0.972600
0.972600
0.972600
0.972600
0.977700
0.985200
0.992400
0.999601
1.006801
1.019701
1.034401
1.043101
1.051501
1.059901
1.060201
1.065001
1.073402
1.081202
1.080002
1.086602
1.094402
1.102202
1.108202
1.109102
1.116302
1.121402
1.121402
1.122602
1.122602
1.122602
1.122602
1.122602
1.122602
1.122602
1.117502
1.110002
1.105202
1.098002
1.092002
1.089002
1.074302
1.065601
1.057201
1.048801
1.048501
1.043701
1.035301
1.027501
1.020001
1.010701
1.002901
0.995100
0.989100
0.988200
0.981000
0.975900
0.975900
0.974700
0.974700
0.974700
0.986400
0.986400
0.986400
0.986400
0.986400
0.986400
0.984000
0.984000
0.982800
0.971700
0.971700
0.971700
0.971700
0.971700
0.971700
0.971700
0.971700
0.971700
0.971700
0.971700
0.973800
0.973800
0.973800
0.973800
0.973800
0.973800
0.973800
0.973800
0.973800
0.973800
0.962100
0.962100
0.962100
0.962100
0.962100
0.962100
0.962100
0.962100
0.962100
0.962100
0.962100
0.962100
0.962100
0.962100
0.962100
0.962100
0.962100
0.962100
0.962100
0.962100
0.960000
0.960000
0.960000
0.960000
0.960000
0.960000
0.960000
0.960000
0.960000
0.960000
0.960000
0.963900
0.980400
0.987000
0.987000
0.987000
0.990600
0.990600
1.010701
1.033501
1.058401
1.083002
1.107302
1.117502
1.117502
1.117502
1.117502
1.117502
1.118402
1.118402
1.118702
1.118702
1.118702
1.118702
1.118702
1.118702
1.118702
1.118702
1.129502
1.138502
1.157103
1.172103
1.175103
1.187403
1.206303
1.226704
1.242304
1.251604
1.233004
1.210203
1.185303
1.160703
1.136402
1.126202
1.126202
1.126202
1.126202
1.126202
1.125302
1.127402
1.136702
1.137602
1.137602
1.137602
1.137602
1.137602
1.137602
1.137602
1.126802
1.117802
1.099202
1.080302
1.060801
1.041901
1.023001
1.002601
0.983400
0.974100
0.972600
0.972600
0.972600
0.972900
0.977700
0.977700
0.977700
0.977700
0.977700
0.977700
0.977700
0.975600
0.969300
0.970800
0.970800
0.970800
0.970800
0.970800
0.970800
0.970800
0.971400
0.976800
0.979500
0.988500
0.989700
0.989700
0.989700
0.989700
0.989700
0.989700
0.989700
0.990000
0.995100
0.994800
0.990000
0.990000
0.990000
0.990000
1.000801
1.006201
1.018501
1.019701
1.016701
1.014301
1.014301
1.014301
1.014301
1.014301
1.014901
1.014901
1.014301
1.008901
1.006201
0.997200
0.996000
0.996000
0.996000
0.996000
0.996000
0.996300
0.996600
0.996300
0.991200
0.991200
0.991200
0.991200
0.991200
0.991200
0.980400
0.975000
0.962700
0.961500
0.961200
0.961200
0.961200
0.961200
0.961200
0.961200
0.960600
0.960600
0.960600
0.960600
0.960600
0.960600
0.960600
0.960600
0.960600
0.960600
0.960600
0.960300
0.960000
0.960000
0.960000
0.960300
0.960900
0.960900
0.960900
0.960900
0.960900
0.960900
0.960900
0.961200
0.961200
0.961200
0.961500
0.961500
0.968700
0.973800
0.973800
0.973800
0.973800
0.973800
0.973800
0.973800
0.973800
0.973800
0.973800
0.973800
0.973800
0.973800
0.973800
0.973800
0.973800
0.987000
0.987000
0.987000
0.987000
0.987000
0.987000
0.987000
0.987000
0.986700
0.986700
0.986700
0.986400
0.990600
0.983400
0.986700
0.989700
0.990300
0.992700
0.992700
0.999901
0.999901
0.999901
1.016101
1.038301
1.057501
1.058101
1.060501
1.060501
1.060501
1.060501
1.048201
1.055101
1.055401
1.055401
1.067401
1.082402
1.104602
1.124702
1.146902
1.168503
1.190403
1.210803
1.227904
1.256104
1.278604
1.307705
1.343105
1.376406
1.408506
1.419006
1.434906
1.455607
1.455607
1.448706
1.444806
1.459207
1.472107
1.487407
1.492207
1.492207
1.491007
1.485907
1.491007
1.491007
1.479007
1.464007
1.441806
1.421706
1.399506
1.377906
1.356005
1.335605
1.314305
1.286104
1.255204
1.223103
1.187103
1.153503
1.121402
1.103702
1.088102
1.072201
1.064401
1.056901
1.049401
1.040101
1.032001
1.020301
1.016101
1.020001
1.027201
1.026301
1.020901
1.024501
1.024501
1.024801
1.031101
1.044001
1.052101
1.052101
1.052101
1.052101
1.056301
1.072201
1.076402
1.076402
1.076402
1.074302
1.074302
1.074302
1.075502
1.070701
1.062301
1.054501
1.046701
1.041001
1.033801
1.030201
1.029601
1.025701
1.018501
1.017001
1.017001
1.013401
1.013401
1.013101
1.006801
0.993900
0.985800
0.985800
0.985800
0.985800
0.981600
0.965700
0.961500
0.961500
0.961500
0.961500
0.961500
0.961500
0.960000
0.960000
0.960000
0.960000
0.960000
0.960000
0.960000
0.960000
0.961800
0.961800
0.961800
0.961800
0.961800
0.961800
0.961800
0.961800
0.961800
0.961800
0.961800
0.961800
0.961800
0.961800
0.961800
0.961800
0.961800
0.961800
0.973800
0.973800
0.973800
0.973800
0.973800
0.973800
0.973800
0.973800
0.973800
0.973800
0.973800
0.973800
0.972000
0.972000
0.972000
0.972000
0.972000
0.972000
0.972000
0.972000
0.972000
0.972000
0.972300
0.972300
0.972300
0.972300
0.972300
0.972300
0.972300
0.972300
0.960300
0.960300
0.960300
0.960300
0.960300
0.960300
0.960600
0.971100
0.971400
0.971400
0.971400
0.971400
0.971400
0.971400
0.971400
0.971400
0.971400
0.971400
0.971400
0.971400
0.971400
0.971400
0.971100
0.971100
0.971100
0.971100
0.971100
0.971100
0.971100
0.971100
0.971100
0.971100
0.971100
0.971100
0.971100
0.971100
0.970800
0.960300
0.960000
0.960000
0.960000
0.960000
0.960000
0.960000
0.960000
0.960000
0.960000
0.960000
0.960000
0.960000
0.960000
0.960000
0.961500
0.961500
0.961500
0.961500
0.961500
0.961500
0.961500
0.961500
0.961500
0.961500
0.961500
0.961500
0.961500
0.961500
0.961500
0.961500
0.961500
0.961500
0.961500
0.961500
0.961500
0.961500
0.961500
0.961500
0.961500
0.961500
0.961500
0.961500
0.961500
0.961500
0.960000
0.960000
0.960000
0.960000
0.960000
0.960000
0.960000
0.960000
0.960000
0.960000
0.960000
0.960000
0.960000
0.960000
0.960000
0.960000
0.960000
0.961800
0.961800
0.961800
0.961800
0.961800
0.961800
0.961800
0.961800
0.961800
0.961800
0.961800
0.961800
0.961800
0.961800
0.961800
0.961800
0.961800
0.961800
0.961800
0.961800
0.961800
0.961800
0.961800
0.961800
0.961800
0.961800
0.961800
0.961800
0.961800
0.961800
0.960000
0.960000
0.960000
0.960000
0.960000
0.960000
0.960000
0.960000
0.960000
0.960000
0.960000
0.960000
0.960000
0.960000
0.960000
0.960000
0.960000
0.960000
0.960000
0.960000
0.960000
0.960000
0.960000
0.960000
0.960000
0.960000
0.960000
0.960000
0.960000
0.960000
0.960000
0.960000
0.960000
0.960000
0.960000
0.960000
0.960000
0.960000
0.960000
0.960000
0.960000
0.960000
0.960000
0.960000
0.960000
0.960000
0.960000
0.960000
0.960000
0.960000
0.960000
0.960000
0.960000
0.960000
0.960000
0.960000
0.960000
0.960000
0.960000
0.960000
0.960000
0.960000
0.960000
0.960000
0.960000
0.960000
0.960000
0.960000
0.960000
0.960000
0.960000
0.960000
0.960000
0.960000
0.960000
0.960000
0.960000
0.960000
0.960000
0.960000
0.960000
0.960000
0.960000
0.960000
0.960000
0.960000
0.960000
0.960000
0.960000
0.960000
0.960000
0.960000
0.960000
0.960000
0.960000
0.960000
0.960000
0.960000
0.960000
0.960000
0.960000
0.960000
0.960000
0.960000
0.960000
0.960000
0.960000
0.960000
0.960000
0.960000
0.960000
0.960000
0.960000
0.960000
0.960000
0.960000
0.960000
0.960000
0.960000
0.971100
0.971400
0.971400
0.971400
0.971400
0.971400
0.971400
0.971400
0.971400
0.971400
0.971400
0.971400
0.971400
0.971400
0.971400
0.971400
0.971400
0.971400
0.971400
0.971400
0.971400
0.971400
0.971400
0.971400
0.971400
0.971400
0.971400
0.971400
0.971400
0.971400
0.960300
0.960000
0.960000
0.960000
0.960000
0.960000
0.960000
0.960000
0.960000
0.960000
0.960000
0.960000
0.960000
0.960000
0.960000
0.960000
0.961500
0.961800
0.961800
0.961800
0.961800
0.961800
0.961800
0.961800
0.961800
0.961800
0.961800
0.961800
0.961800
0.961800
0.961800
0.961800
0.961800
0.961800
0.961800
0.961800
0.961800
0.961800
0.961800
0.961800
0.961800
0.961800
0.961800
0.961800
0.961800
0.961800
0.960300
0.960000
0.960000
0.960000
0.960000
0.960000
0.960000
0.960000
0.960000
0.960000
0.960000
0.960000
0.960000
0.960000
0.960000
0.960000
0.960000
0.960000
0.960000
0.960000
0.960000
0.960000
0.960000
0.960000
0.960000
0.960000
0.960000
0.960000
0.960000
0.960000
0.960000
0.960000
0.960000
0.960000
0.960000
0.960000
0.960000
0.960000
0.960000
0.960000
0.960000
0.960000
0.960000
0.960000
0.960000
0.960000
0.960000
0.960000
0.960000
0.960000
0.960000
0.960600
0.960600
0.960900
0.960900
0.960900
0.960900
0.960900
0.960900
0.960900
0.960900
0.960900
0.960900
0.960900
0.972300
0.972300
0.972300
0.972300
0.972300
0.972300
0.972300
0.972300
0.972300
0.972300
0.972300
0.972300
0.972300
0.972300
0.972300
0.972300
0.972300
0.974100
0.982800
0.982500
0.982500
0.982500
0.982500
0.982500
0.982500
0.982500
0.982500
0.982500
0.982500
0.982500
0.971100
0.971100
0.979800
1.000501
1.018501
1.044901
1.061401
1.077602
1.078202
1.078202
1.078202
1.078202
1.078202
1.087502
1.087502
1.087502
1.087502
1.085102
1.076402
1.076402
1.076402
1.076402
1.076402
1.076402
1.076402
1.076402
1.076402
1.076402
1.079702
1.089002
1.089002
1.089002
1.080302
1.059601
1.041601
1.015201
0.998701
0.985500
0.984900
0.984900
0.984900
0.984900
0.984900
0.975900
0.976500
0.976500
0.976500
0.976500
0.976500
0.976500
0.976500
0.976500
0.976500
0.976500
0.976500
0.976500
0.976500
0.976500
0.973200
0.963900
0.963900
0.963900
0.963900
0.963900
0.963900
0.963900
0.963900
0.969000
0.986400
1.002601
1.018801
1.035001
1.051201
1.067101
1.082702
1.098602
1.114802
1.131002
1.143902
1.144202
1.144202
1.144202
1.144202
1.144202
1.145702
1.145702
1.155603
1.156503
1.156503
1.156503
1.156803
1.157703
1.157703
1.157703
1.157703
1.157703
1.157703
1.149603
1.132202
1.116002
1.099802
1.083602
1.067401
1.051201
1.035001
1.019101
1.004401
0.988200
0.975300
0.975000
0.975000
0.975000
0.975000
0.975000
0.973500
0.973500
0.963600
0.962700
0.962700
0.962700
0.963000
0.969000
0.969000
0.969000
0.969000
0.976500
0.987300
0.994800
0.996900
1.020001
1.043401
1.046401
1.046401
1.046401
1.046401
1.046401
1.044901
1.045201
1.045201
1.045201
1.045201
1.045201
1.045201
1.045201
1.056001
1.065301
1.083902
1.103102
1.115402
1.116002
1.115402
1.108502
1.108502
1.108502
1.108502
1.101902
1.091102
1.083602
1.081502
1.058401
1.035001
1.032301
1.032601
1.032601
1.032601
1.032601
1.032601
1.032301
1.032301
1.032301
1.032301
1.032301
1.032301
1.032301
1.021501
1.012201
0.993600
0.974400
0.962100
0.961500
0.961500
0.961500
0.961500
0.961500
0.961500
0.960600
0.960600
0.960600
0.960600
0.960600
0.960600
0.960300
0.960000
0.960000
0.960000
0.960000
0.960000
0.960000
0.960000
0.960000
0.960000
0.960000
0.960000
0.960000
0.960000
0.960000
0.960000
0.960000
0.960900
0.971400
0.971400
0.971400
0.971400
0.973200
0.973200
0.973200
0.973200
0.973200
0.973200
0.973200
0.973200
0.973200
0.973200
0.973200
0.973200
0.973200
0.973200
0.973200
0.973200
0.973200
0.973200
0.973200
0.973200
0.973200
0.973200
0.973200
0.973200
0.973200
0.972300
0.961800
0.961800
0.961800
0.961800
0.960000
0.960000
0.960000
0.960000
0.960000
0.960000
0.960000
0.960000
0.960000
0.960000
0.960000
0.960000
0.960000
0.960000
0.960000
0.960000
0.960000
0.960000
0.960000
0.960000
0.960000
0.960000
0.960000
0.960000
0.960000
0.960000
0.960000
0.960000
0.960000
0.960000
0.960000
0.960000
0.960000
0.960000
0.960000
0.960000
0.960000
0.960000
0.960000
0.960000
0.960000
0.960000
0.960000
0.960000
0.960000
0.960000
0.960000
0.960000
0.960000
0.960000
0.960000
0.960000
0.960000
0.960000
0.960000
0.960000
0.960000
0.960000
0.960000
0.960000
0.960000
0.960000
0.960000
0.960000
0.960000
0.960000
0.960000
0.960000
0.960000
0.960000
0.969000
0.985500
0.990000
0.990000
0.990000
0.990000
0.990000
0.990000
0.990000
0.990000
0.990000
0.990000
0.990000
0.990000
0.990000
0.990000
0.990000
0.990000
0.990000
0.990000
0.990000
0.990000
0.990000
0.990000
0.990000
0.990000
0.990000
0.990000
0.990000
0.990000
0.981000
0.964500
0.960000
0.960000
0.960000
0.960000
0.960000
0.960000
0.960000
0.960000
0.960000
0.960000
0.960000
0.960000
0.960000
0.960000
0.960000
0.960000
0.960000
0.960000
0.960000
0.960000
0.960000
0.960000
0.960000
0.960000
0.960000
0.960000
0.960000
0.960000
0.960000
0.960000
0.960000
0.960000
0.960000
0.960000
0.960000
0.960000
0.960000
0.960000
0.960000
0.960000
0.960000
0.960000
0.960000
0.960000
0.960000
0.960000
0.960000
0.960000
0.960000
0.960000
0.960000
0.960000
0.960000
0.960000
0.960000
0.960000
0.960000
0.960000
0.960000
0.960000
0.960000
0.960000
0.960000
0.960000
0.960000
0.960000
0.960000
0.960000
0.960000
0.960000
0.960000
0.960000
0.960000
0.960000
0.960000
0.960000
0.960000
0.960000
0.960000
0.960000
0.960000
0.960000
0.960000
0.960000
0.960000
0.960000
0.960000
0.960000
0.960000
0.960000
0.960000
0.960000
0.960000
0.960000
0.960000
0.960000
0.960000
0.960000
0.960000
0.960000
0.960000
0.960000
0.960000
0.960000
0.960000
0.960000
0.960000
0.960000
0.960000
0.960000
0.960000
0.960000
0.960000
0.960000
0.960000
0.960000
0.960000
0.960000
0.960000
0.960000
0.960000
0.960000
0.960000
0.960000
0.960000
0.960000
0.960000
0.960000
0.960000
0.960000
0.960000
0.960300
0.960300
0.960300
0.960300
0.960300
0.960300
0.960300
0.961500
0.961500
0.961500
0.961500
0.961800
0.963600
0.963600
0.966300
0.966300
0.966300
0.966300
0.966300
0.966300
0.966300
0.966300
0.966300
0.966300
0.966300
0.966600
0.978600
0.978600
0.978600
0.978600
0.978300
0.978300
0.978300
0.978300
0.978300
0.978300
0.978300
0.977100
0.977100
0.977100
0.977100
0.976800
0.975000
0.975000
0.972300
0.972300
0.972300
0.972300
0.972300
0.972300
0.972600
0.979800
0.983100
0.983100
0.983100
0.982800
0.975900
0.975900
0.975900
0.978600
0.987300
0.987300
0.997500
1.002901
1.003801
1.010101
1.024201
1.037701
1.049401
1.049401
1.049401
1.049401
1.049401
1.049401
1.049401
1.049401
1.049401
1.056901
1.062901
1.062901
1.062601
1.055401
1.053001
1.053001
1.060801
1.068301
1.073402
1.081502
1.097402
1.104302
1.107902
1.108502
1.098302
1.092902
1.092002
1.085702
1.071601
1.058101
1.046401
1.046401
1.046401
1.046401
1.046401
1.046401
1.046401
1.046401
1.046401
1.038901
1.032901
1.032901
1.032901
1.032901
1.032001
1.032001
1.024201
1.016701
1.006501
0.998401
0.982500
0.972900
0.960600
0.960000
0.960000
0.960000
0.961800
0.961800
0.961800
0.961800
0.961800
0.961800
0.961800
0.961800
0.961800
0.961800
0.961800
0.961800
0.961800
0.961800
0.961800
0.963000
0.963000
0.963000
0.963000
0.963000
0.963300
0.963300
0.963300
0.963300
0.963300
0.963300
0.963300
0.963300
0.963300
0.963300
0.961500
0.961500
0.961800
0.961800
0.961800
0.961800
0.961800
0.961800
0.961800
0.961800
0.961800
0.961800
0.961800
0.961800
0.961800
0.960600
0.960600
0.960600
0.960600
0.960600
0.960300
0.960900
0.963000
0.963000
0.963000
0.963000
0.963000
0.963000
0.963000
0.963000
0.967500
0.967500
0.967200
0.967200
0.967200
0.967200
0.967200
0.967200
0.971100
0.971100
0.971100
0.971100
0.971100
0.971100
0.971100
0.971100
0.971100
0.971100
0.971100
0.971100
0.971100
0.970500
0.968400
0.968400
0.968400
0.968400
0.968400
0.968400
0.968400
0.968400
0.963900
0.963900
0.963900
0.963900
0.963900
0.963900
0.963900
0.963900
0.960000
0.960000
0.960000
0.960000
0.960000
0.960000
0.960000
0.960000
0.960000
0.960000
0.960900
0.961500
0.961500
0.961500
0.961500
0.961500
0.961500
0.961500
0.961500
0.961500
0.961500
0.965700
0.965700
0.965700
0.965700
0.968100
0.968100
0.968100
0.969600
0.969600
0.971400
0.972000
0.972000
0.972000
0.972000
0.972000
0.980700
0.985500
0.985500
0.986700
0.998401
0.997801
0.997801
0.997801
0.997801
0.997801
0.997801
0.997801
0.997801
0.997801
0.997801
0.993600
0.993600
0.993600
0.993600
1.000201
1.000501
1.000501
0.999001
0.999001
0.997200
0.996600
0.996600
0.996600
0.996600
0.996600
0.987900
0.983100
0.983100
0.981900
0.969300
0.969300
0.969300
0.972600
0.988800
0.989700
0.989700
0.989700
0.989700
0.989700
0.989700
0.989700
0.989700
0.989700
0.989700
0.980700
0.980400
0.980400
0.980400
0.980400
0.980400
0.980400
0.980400
0.980400
0.980400
0.980400
0.980400
0.980400
0.980400
0.980400
0.980400
0.980400
0.980400
0.977100
0.960900
0.960000
0.960000
0.960000
0.960000
0.960000
0.960000
0.960000
0.960000
0.960000
0.960000
0.960000
0.960000
0.960000
0.960000
0.960000
0.967200
0.969600
0.969600
0.969600
0.969600
0.969600
0.969600
0.972000
0.972000
0.972000
0.972000
0.972000
0.972000
0.972000
0.972000
0.972000
0.972000
0.972000
0.972000
0.972000
0.972000
0.972000
0.972000
0.973500
0.981600
0.981600
0.981600
0.981600
0.981600
0.981600
0.974400
0.972000
0.972000
0.972000
0.972000
0.972000
0.975900
0.982200
0.990900
1.003201
1.015801
1.015801
1.015801
1.015801
1.015801
1.023001
1.031701
1.040701
1.049701
1.058701
1.067401
1.076402
1.085102
1.092602
1.093202
1.102502
1.111202
1.119902
1.128902
1.137602
1.146902
1.155603
1.164603
1.173303
1.184103
1.186503
1.182903
1.174203
1.165503
1.153203
1.161003
1.187403
1.213803
1.227604
1.227604
1.220403
1.211703
1.202703
1.193703
1.184703
1.176003
1.177503
1.169103
1.160103
1.151403
1.142102
1.133402
1.124702
1.115702
1.107002
1.097702
1.089002
1.080002
1.071301
1.060501
1.058101
1.057801
1.057801
1.057801
1.057801
1.037701
1.023001
1.000501
0.986700
0.986700
0.986700
0.986700
0.986700
0.986700
0.986700
0.986700
0.976200
0.975900
0.975900
0.975900
0.975900
0.975900
0.978900
0.989100
0.989100
0.989100
0.989100
0.989100
0.989100
0.989100
1.000801
1.000801
1.000801
1.000801
1.000801
1.000501
0.988800
0.984900
0.984900
0.984900
0.984900
0.984900
0.984900
0.984900
0.984900
0.984900
0.984900
0.984900
0.984900
0.984900
0.984900
0.984900
0.981900
0.971700
0.971700
0.971700
0.971700
0.971700
0.971700
0.971700
0.960000
0.960000
0.960000
0.960000
0.960000
0.960000
0.960000
0.960000
0.960000
0.960000
0.960000
0.960000
0.960000
0.960000
0.960000
0.960000
0.960000
0.960000
0.960000
0.960000
0.960000
0.960000
0.960000
0.960000
0.960000
0.960000
0.960000
0.960000
0.960000
0.960000
0.960000
0.960000
0.960000
0.960000
0.960000
0.960000
0.960000
0.960000
0.960000
0.960000
0.960000
0.960000
0.960000
0.960000
0.960000
0.960000
0.960000
0.960000
0.960000
0.960000
0.960000
0.960000
0.960000
0.960000
0.960000
0.960000
0.960000
0.960000
0.960000
0.960000
0.960000
0.960000
0.960000
0.960000
0.960000
0.960000
0.960000
0.960000
0.960000
0.960000
0.960000
0.960000
0.960000
0.960000
0.960000
0.960000
0.960000
0.960000
0.960000
0.960000
0.960000
0.960000
0.960000
0.960000
0.960000
0.960000
0.960000
0.960000
0.960000
0.960000
0.960000
0.960000
0.960000
0.960000
0.960000
0.960000
0.960000
0.960000
0.960000
0.960000
0.960000
0.960000
0.960000
0.960000
0.960000
0.960000
0.960000
0.960000
0.960000
0.960000
0.960000
0.960000
0.960000
0.960000
0.960000
0.960000
0.960000
0.960000
0.960000
0.960000
0.960000
0.960000
0.960000
0.960000
0.960000
0.960000
0.960000
0.960000
0.960000
0.960000
0.960000
0.960000
0.960000
0.960000
0.960000
0.965400
0.970800
0.975600
0.982500
0.982500
0.982500
0.982500
0.982800
0.982800
0.982800
0.982800
0.982800
0.982800
0.982800
0.982800
0.982800
0.982800
0.982800
0.982800
0.982800
0.982800
0.982800
0.982800
0.982800
0.982800
0.982800
0.982800
0.982800
0.982800
0.982800
0.977400
0.972000
0.967200
0.960300
0.960300
0.960300
0.960300
0.960000
0.960000
0.960000
0.960000
0.960000
0.960000
0.960000
0.960000
0.960000
0.960000
0.960000
0.960000
0.960000
0.960000
0.960000
0.960000
0.960000
0.960000
0.960000
0.960000
0.960000
0.960000
0.960000
0.960000
0.960000
0.960000
0.960000
0.960000
0.960000
0.960000
0.960000
0.960000
0.960000
0.960000
0.960000
0.960000
0.960000
0.960000
0.960000
0.960000
0.960000
0.960000
0.960000
0.960000
0.960000
0.960000
0.960000
0.960000
0.960000
0.960000
0.960000
0.960000
0.960000
0.960000
0.960000
0.960000
0.960000
0.960000
0.960000
0.960000
0.960000
0.960000
0.960000
0.960000
0.960000
0.960000
0.960000
0.960000
0.960000
0.960000
0.960000
0.960000
0.960000
0.960000
0.960000
0.960000
0.960000
0.960000
0.960000
0.960000
0.960000
0.970800
0.970800
0.970800
0.970800
0.970800
0.970800
0.970800
0.970800
0.970800
0.970800
0.970800
0.973200
0.973200
0.973200
0.973200
0.973200
0.973200
0.973200
0.973200
0.973200
0.973200
0.973200
0.973200
0.973200
0.973200
0.973200
0.973200
0.973200
0.973200
0.973200
0.962400
0.962400
0.962400
0.962400
0.962400
0.962400
0.962400
0.962400
0.962400
0.962400
0.962400
0.960000
0.960000
0.960000
0.960000
0.960000
0.960000
0.960000
0.960000
0.960000
0.960000
0.960000
0.960000
0.960000
0.960000
0.960000
0.960000
0.960000
0.960000
0.960000
0.960000
0.960000
0.960000
0.960000
0.960000
0.960000
0.960000
0.960000
0.960000
0.960000
0.960000
0.960000
0.960000
0.960000
0.960000
0.960000
0.960000
0.960000
0.960000
0.960000
0.960000
0.960000
0.960000
0.960000
0.960000
0.960000
0.960000
0.960000
0.960000
0.960000
0.960000
0.960000
0.960000
0.960000
0.960000
0.960000
0.960000
0.960000
0.960000
0.960000
0.960000
0.960000
0.960000
0.960000
0.960000
0.960000
0.960000
0.960000
0.960000
0.960000
0.960000
0.960000
0.960000
0.960000
0.960000
0.960000
0.960000
0.960000
0.960000
0.960000
0.960000
0.960000
0.960000
0.960000
0.960000
0.960000
0.960000
0.960000
0.960000
0.960000
0.960000
0.960000
0.960000
0.960000
0.960000
0.960900
0.971400
0.972000
0.972000
0.972000
0.972000
0.972000
0.972000
0.973200
0.973200
0.973200
0.973200
0.973200
0.973200
0.973200
0.973200
0.973200
0.973200
0.973200
0.973200
0.973200
0.973200
0.973200
0.973200
0.973200
0.973200
0.973200
0.973200
0.973200
0.973200
0.972300
0.961800
0.961200
0.961200
0.961200
0.961200
0.961200
0.961200
0.960000
0.960000
0.960000
0.960000
0.969300
0.971100
0.971100
0.981000
0.986400
0.986400
0.986400
0.986400
0.986400
0.989100
0.995700
1.001401
1.002601
1.002601
1.002601
1.002601
1.002601
1.002601
1.002601
1.002601
1.002601
1.002601
1.002601
1.002601
1.002601
1.002601
1.002601
1.002601
1.002601
1.002601
0.993300
0.991500
0.991500
0.981600
0.976200
0.976200
0.976200
0.976200
0.976200
0.973500
0.966900
0.961200
0.960000
0.960000
0.960000
0.960000
0.960000
0.960000
0.960000
0.960000
0.960000
0.960000
0.960000
0.960000
0.962100
0.962100
0.962100
0.962100
0.962100
0.962100
0.964800
0.964800
0.964800
0.964800
0.964800
0.964800
0.970500
0.975900
0.975900
0.975900
0.975900
0.975900
0.975900
0.975900
0.975900
0.975900
0.975900
0.975900
0.976200
0.987300
0.987300
0.987300
0.987300
0.988500
0.996900
1.002301
1.019701
1.020301
1.020301
1.020301
1.017601
1.017601
1.018201
1.018201
1.018201
1.018501
1.013101
1.007701
1.007701
1.007701
1.007701
1.007701
1.007701
1.007701
1.016401
1.032601
1.048501
1.064701
1.080302
1.085102
1.101302
1.117202
1.133102
1.136702
1.126202
1.120802
1.103402
1.102802
1.102802
1.102802
1.102802
1.104302
1.103702
1.103702
1.103702
1.104602
1.104302
1.104302
1.104302
1.104302
1.104302
1.104302
1.107602
1.113002
1.116602
1.116602
1.116602
1.120502
1.122002
1.122302
1.125602
1.129502
1.130102
1.141502
1.157703
1.158603
1.158603
1.158603
1.158603
1.158603
1.158603
1.157103
1.157103
1.157103
1.157103
1.155903
1.155903
1.155903
1.155903
1.155903
1.155903
1.155903
1.152603
1.147202
1.134902
1.118702
1.102802
1.082702
1.065301
1.049101
1.031101
1.011301
0.994800
0.978600
0.962400
0.961500
0.961500
0.961500
0.961500
0.961500
0.963000
0.963000
0.964800
0.966000
0.966000
0.966000
0.966900
0.969300
0.973800
0.973800
0.973800
0.973800
0.973800
0.973800
0.973800
0.973800
0.973800
0.973800
0.973800
0.973800
0.972300
0.972300
0.972300
0.972300
0.972300
0.972300
0.972300
0.972300
0.972300
0.972300
0.970800
0.970800
0.969000
0.967800
0.967800
0.967800
0.966900
0.964500
0.960000
0.960000
0.961800
0.962100
0.962100
0.962100
0.962100
0.962100
0.962100
0.962100
0.962100
0.962100
0.962100
0.962100
0.962100
0.962100
0.962100
0.962100
0.962100
0.962100
0.962100
0.962100
0.962100
0.962100
0.962100
0.962100
0.962100
0.962100
0.962100
0.962100
0.962100
0.962100
0.960300
0.960000
0.960000
0.960000
0.960000
0.960000
0.960000
0.960000
0.960000
0.960000
0.960000
0.960000
0.960000
0.960000
0.960000
0.960000
0.960000
0.960000
0.960000
0.960000
0.960000
0.961500
0.961500
0.961500
0.961500
0.961500
0.961500
0.961500
0.961500
0.961500
0.961500
0.961500
0.961500
0.961500
0.961500
0.961500
0.961500
0.961500
0.961500
0.961500
0.961500
0.961500
0.961500
0.961500
0.961500
0.961500
0.961500
0.961500
0.961500
0.961500
0.961500
0.960000
0.960000
0.960000
0.960000
0.960000
0.960000
0.960000
0.960000
0.960000
0.960000
0.960000
0.960000
0.964500
0.971400
0.971400
0.971400
0.971400
0.971400
0.971400
0.971400
0.971400
0.971400
0.971400
0.971400
0.971400
0.971400
0.971400
0.971400
0.971400
0.971400
0.971400
0.971400
0.971400
0.971400
0.971400
0.971400
0.971400
0.971400
0.971400
0.971400
0.971400
0.971400
0.966900
0.960000
0.960000
0.960000
0.960000
0.960000
0.960000
0.960000
0.960000
0.960000
0.960000
0.960000
0.960000
0.960000
0.960000
0.960000
0.960000
0.960000
0.960000
0.960000
0.960000
0.960000
0.960000
0.960000
0.960000
0.960000
0.960000
0.960000
0.960000
0.960000
0.960000
0.960000
0.960000
0.960000
0.960000
0.960000
0.960000
0.960000
0.960000
0.960000
0.960000
0.960000
0.960000
0.960000
0.960000
0.960000
0.960000
0.960000
0.960000
0.960000
0.971100
0.971400
0.972600
0.972600
0.972600
0.972600
0.972600
0.972600
0.972600
0.972600
0.972600
0.972600
0.972600
0.972600
0.972600
0.972900
0.972900
0.972900
0.972900
0.972900
0.972900
0.972900
0.972900
0.972900
0.972900
0.972900
0.972900
0.972900
0.972900
0.972900
0.961800
0.961500
0.960300
0.960300
0.960300
0.960300
0.960300
0.960300
0.960300
0.960300
0.960300
0.960300
0.960300
0.960300
0.960300
0.960000
0.960000
0.960000
0.960000
0.960000
0.960000
0.960000
0.960000
0.960000
0.960000
0.960000
0.960000
0.960000
0.960000
0.960000
0.960000
0.960000
0.960000
0.960000
0.960000
0.960000
0.960000
0.960000
0.960000
0.960000
0.960000
0.960000
0.960000
0.960000
0.960000
0.960000
0.960000
0.960000
0.960000
0.960000
0.960000
0.960000
0.960000
0.960000
0.960000
0.960000
0.960000
0.960000
0.960000
0.960000
0.960000
0.960000
0.960000
0.960000
0.960000
0.960000
0.960000
0.960000
0.960000
0.960000
0.960000
0.960000
0.960000
0.960000
0.960000
0.960000
0.960000
0.960000
0.960000
0.960000
0.960000
0.960000
0.960000
0.960000
0.960000
0.960000
0.960000
0.960000
0.960000
0.960000
0.971100
0.971100
0.971100
0.971100
0.971100
0.971100
0.971100
0.971100
0.971100
0.973200
0.973200
0.973200
0.974700
0.974700
0.974700
0.974700
0.981600
0.999601
1.001101
1.001101
1.001101
1.001101
1.001101
1.001101
1.001101
1.001101
1.001101
1.001101
1.001701
1.001701
0.990600
0.990600
0.990600
0.990600
0.990600
0.990600
0.990600
0.990600
0.990600
0.988500
0.988500
0.988500
0.991200
0.998701
0.998701
0.998701
0.991800
0.973800
0.972300
0.972300
0.972300
0.972300
0.972300
0.972300
0.972300
0.972300
0.972300
0.972300
0.971700
0.971700
0.971700
0.971700
0.981900
0.982800
0.982800
0.982800
0.982800
0.982800
0.982800
0.982800
0.982800
0.982800
0.978600
0.971100
0.971100
0.971100
0.971100
0.971100
0.971100
0.971100
0.971100
0.971100
0.971100
0.971100
0.971100
0.971100
0.971100
0.971100
0.971100
0.985800
0.987300
0.987600
0.977400
0.976500
0.976500
0.976500
0.976500
0.976500
0.976500
0.976500
0.976500
0.976500
0.976500
0.976500
0.976500
0.976500
0.976500
0.976500
0.976500
0.976500
0.976800
0.978300
0.978300
0.978300
0.978300
0.978300
0.978300
0.978300
0.978300
0.963600
0.962100
0.961800
0.961800
0.961800
0.961800
0.961800
0.961800
0.961800
0.961800
0.961800
0.961800
0.961800
0.961800
0.961800
0.961800
0.961800
0.961800
0.961800
0.961800
0.961800
0.961500
0.960000
0.960000
0.960000
0.960000
0.960000
0.960000
0.960000
0.960000
0.960000
0.960000
0.960000
0.960000
0.960000
0.960000
0.960000
0.960000
0.960000
0.960000
0.960000
0.960000
0.960000
0.960000
0.960000
0.960000
0.960000
0.960000
0.960000
0.960000
0.960000
0.960000
0.960000
0.960000
0.960000
0.960000
0.960000
0.960000
0.960000
0.960000
0.960000
0.960000
0.960000
0.960000
0.960000
0.960000
0.960000
0.960000
0.960000
0.960000
0.960000
0.960000
0.960000
0.961500
0.969600
0.977100
0.984300
0.984300
0.984300
0.989100
0.996600
0.996600
0.996600
0.996600
0.996600
0.996600
0.996600
0.996600
0.996600
0.996600
0.996600
0.996600
0.996600
0.996600
0.996600
0.996600
0.996600
0.996600
0.996600
0.996600
0.996600
0.996600
0.996600
0.995100
0.987000
0.979500
0.972300
0.972300
0.972300
0.967500
0.960000
0.960000
0.960000
0.960000
0.960000
0.960000
0.960000
0.960000
0.960000
0.961200
0.961200
0.961200
0.961200
0.961200
0.961200
0.961200
0.961200
0.961200
0.961200
0.961200
0.961200
0.961200
0.961200
0.961200
0.961200
0.961200
0.961200
0.961200
0.963000
0.963000
0.971700
0.988500
1.005001
1.021201
1.037401
1.053901
1.069501
1.080302
1.091702
1.090502
1.090502
1.090502
1.091102
1.091102
1.091102
1.091102
1.091102
1.091102
1.091102
1.091102
1.091102
1.091102
1.091102
1.091102
1.108502
1.126202
1.142702
1.159203
1.167603
1.167603
1.158903
1.142102
1.125602
1.109402
1.093202
1.076702
1.061101
1.050301
1.038901
1.038901
1.038901
1.038901
1.038301
1.038301
1.038301
1.038301
1.038301
1.038301
1.040101
1.040101
1.040101
1.040101
1.040101
1.040101
1.022701
1.005001
0.988500
0.972000
0.961800
0.961800
0.961800
0.961800
0.961800
0.961800
0.961800
0.961800
0.972300
1.003801
1.034701
1.074302
1.106702
1.138802
1.170903
1.201803
1.233004
1.264804
1.297504
1.329905
1.360205
1.392306
1.402206
1.402206
1.402206
1.406106
1.413906
1.413906
1.424406
1.425606
1.425606
1.425606
1.425606
1.425606
1.425606
1.425606
1.425606
1.425606
1.420506
1.395006
1.364105
1.324505
1.292104
1.260004
1.227904
1.197003
1.165803
1.134002
1.130702
1.130102
1.129502
1.128002
1.149003
1.181103
1.215003
1.243804
1.271104
1.278904
1.268404
1.267204
1.267204
1.267204
1.267204
1.267204
1.267204
1.267204
1.267204
1.267204
1.261804
1.255804
1.259404
1.268104
1.268104
1.278904
1.306505
1.338905
1.371905
1.404606
1.401306
1.402506
1.404306
1.406106
1.406106
1.404606
1.401606
1.401306
1.398306
1.422906
1.425906
1.426206
1.426206
1.434006
1.438806
1.438806
1.438806
1.438806
1.438806
1.438806
1.438806
1.438806
1.435206
1.426506
1.426506
1.415706
1.388106
1.355705
1.322705
1.290004
1.263904
1.230904
1.197603
1.165203
1.134302
1.103702
1.074302
1.049401
1.024501
0.992400
0.989400
0.989100
0.989100
0.981300
0.976500
0.976500
0.976500
0.976500
0.976500
0.976500
0.976500
0.976500
0.976500
0.976500
0.976500
0.976500
0.976500
0.976500
0.976500
0.976500
0.976500
0.976500
0.976500
0.976500
0.976500
0.976500
0.975000
0.967500
0.960300
0.960000
0.960000
0.960000
0.960000
0.960000
0.960000
0.960000
0.960000
0.960000
0.960000
0.960000
0.960900
0.970200
0.970200
0.970200
0.970200
0.970200
0.970200
0.970200
0.970200
0.970200
0.970200
0.970200
0.970200
0.970200
0.970200
0.970200
0.970200
0.970200
0.970200
0.970200
0.970200
0.970200
0.970200
0.970200
0.970200
0.970200
0.970200
0.972600
0.976200
0.982500
0.981600
0.972300
0.972300
0.972300
0.972300
0.972300
0.972300
0.972300
0.972300
0.972300
0.972300
0.972300
0.972300
0.972300
0.982800
0.983100
0.983100
0.983100
0.983100
0.983100
0.983100
0.983100
0.983100
0.983100
0.983100
0.983100
0.983100
0.980700
0.977100
0.970800
0.970800
0.970800
0.970800
0.970800
0.970800
0.970800
0.970800
0.970800
0.970800
0.970800
0.970800
0.970800
0.970800
0.970800
0.960300
0.960000
0.960000
0.960000
0.960000
0.960000
0.960000
0.960000
0.960000
0.960000
0.960000
0.960000
0.960000
0.960000
0.960000
0.960000
0.960000
0.960000
0.960000
0.960000
0.960000
0.960000
0.960000
0.969900
0.970500
0.970500
0.970500
0.972300
0.972300
0.972300
0.972300
0.972300
0.972300
0.972300
0.972300
0.972300
0.972300
0.972300
0.972300
0.972300
0.972300
0.972300
0.972300
0.972300
0.972300
0.972300
0.972300
0.972300
0.972300
0.972300
0.972300
0.972300
0.972300
0.962400
0.961800
0.961800
0.961800
0.960000
0.960000
0.960000
0.960000
0.960000
0.960000
0.960000
0.960000
0.960000
0.960000
0.960000
0.960000
0.960000
0.960000
0.960000
0.960000
0.960000
0.960000
0.960000
0.960000
0.960000
0.960000
0.960000
0.960000
0.960000
0.960000
0.960000
0.960000
0.960000
0.960000
0.960000
0.960000
0.960000
0.960000
0.960000
0.960000
0.960000
0.960000
0.960000
0.960000
0.960000
0.960000
0.960000
0.960000
0.960000
0.960000
0.960000
0.960000
0.960000
0.960000
0.960000
0.960000
0.960000
0.960000
0.960000
0.960000
0.960000
0.960000
0.960000
0.960000
0.960000
0.960000
0.960000
0.960000
0.960000
0.960000
0.960000
0.960000
0.960000
0.960000
0.960000
0.960000
0.960000
0.960000
0.960000
0.960000
0.960000
0.960000
0.960000
0.960000
0.960000
0.960000
0.960000
0.960000
0.960000
0.960000
0.960000
0.960000
0.960000
0.960000
0.960000
0.960000
0.960000
0.960000
0.960000
0.960000
0.960000
0.960000
0.960000
0.960000
0.960000
0.960000
0.960000
0.960000
0.960000
0.960000
0.960000
0.960000
0.960000
0.960000
0.960000
0.960000
0.960000
0.960000
0.960000
0.969000
0.974700
0.974700
0.974700
0.974700
0.974700
0.974700
0.974700
0.974700
0.974700
0.974700
0.974700
0.974700
0.974700
0.974700
0.974700
0.974700
0.974700
0.974700
0.974700
0.974700
0.974700
0.974700
0.974700
0.974700
0.974700
0.974700
0.974700
0.974700
0.974700
0.965700
0.960000
0.960000
0.960000
0.960000
0.960000
0.960000
0.960000
0.960000
0.960000
0.960000
0.960000
0.960000
0.960000
0.960000
0.960000
0.960000
0.961800
0.961800
0.961800
0.961800
0.961800
0.961800
0.961800
0.961800
0.961800
0.961800
0.961800
0.961800
0.961800
0.961800
0.961800
0.961800
0.961800
0.961800
0.961800
0.961800
0.961800
0.961800
0.961800
0.961800
0.961800
0.961800
0.961800
0.961800
0.961800
0.961800
0.960000
0.960000
0.960000
0.960000
0.960000
0.960000
0.960000
0.960000
0.960000
0.960000
0.960000
0.960000
0.960000
0.960000
0.960000
0.960000
0.960000
0.960000
0.960000
0.960000
0.961800
0.961800
0.961800
0.961800
0.961800
0.961800
0.961800
0.961800
0.961800
0.961800
0.961800
0.961800
0.961800
0.961800
0.961800
0.961800
0.961800
0.961800
0.961800
0.961800
0.961800
0.961800
0.961800
0.961800
0.961800
0.961800
0.961800
0.961800
0.961800
0.961800
0.960000
0.960000
0.960000
0.960000
0.960000
0.960000
0.960000
0.960000
0.960000
0.960000
0.960000
0.960000
0.960000
0.960000
0.960000
0.960000
0.960000
0.960000
0.960000
0.960000
0.960000
0.960000
0.960900
0.961800
0.961800
0.961800
0.961800
0.961800
0.961800
0.961800
0.961800
0.961800
0.961800
0.961800
0.961800
0.961800
0.961800
0.961800
0.961800
0.961800
0.961800
0.961800
0.961800
0.961800
0.961800
0.961800
0.961800
0.961800
0.961800
0.961800
0.961800
0.961800
0.960900
0.960000
0.960000
0.960000
0.960000
0.960000
0.960000
0.960000
0.960000
0.960000
0.960000
0.960000
0.960000
0.960000
0.960000
0.960000
0.960000
0.960000
0.960000
0.960000
0.960000
0.960000
0.960000
0.961800
0.961800
0.961800
0.961800
0.961800
0.961800
0.961800
0.961800
0.970200
0.975900
0.977400
0.977400
0.977400
0.977400
0.977400
0.977400
0.977400
0.977400
0.977400
0.977400
0.977400
0.977400
0.977400
0.977400
0.977400
0.977400
0.977400
0.977400
0.977400
0.977400
0.975600
0.975600
0.975600
0.975600
0.975600
0.986700
0.987000
0.987300
0.990600
0.984900
0.983400
0.983400
0.983400
0.983400
0.983400
0.983400
0.983400
0.983400
0.983400
0.983400
0.983400
0.983400
0.983400
0.983400
0.983400
0.983400
0.983400
0.983400
0.988200
0.995100
0.995100
0.995100
0.995100
0.995100
0.995100
0.993600
0.995700
0.995400
0.988200
0.989400
0.989400
0.989400
0.989400
0.989400
0.989400
0.989400
0.989400
0.989400
0.989400
0.989400
0.989400
0.989400
0.989400
0.989400
0.989400
0.989400
0.989400
0.989400
0.984600
0.977700
0.977700
0.977700
0.977700
0.977700
0.977700
0.968100
0.965700
0.968400
0.969600
0.970500
0.970500
0.975900
0.975900
0.975900
0.976800
0.981600
0.981900
0.985200
0.993900
1.006801
1.012201
1.015801
1.016701
1.029001
1.042201
1.049701
1.050901
1.050901
1.052101
1.054501
1.056601
1.061701
1.069501
1.077302
1.079402
1.079402
1.085702
1.084802
1.079402
1.082402
1.085702
1.080302
1.080602
1.080602
1.080602
1.081502
1.083902
1.097702
1.095602
1.098002
1.095602
1.109102
1.122002
1.120802
1.114802
1.107302
1.109402
1.109402
1.108202
1.105802
1.103702
1.098602
1.090802
1.083002
1.080902
1.080902
1.074602
1.072801
1.072501
1.067401
1.064101
1.064101
1.063801
1.063801
1.062901
1.057201
1.054501
1.037401
1.030801
1.015501
1.012501
0.995400
0.981600
0.970500
0.963300
0.963300
0.960000
0.960000
0.960000
0.962700
0.964500
0.988200
1.004701
1.021201
1.037401
1.053901
1.070701
1.086902
1.103402
1.119602
1.135802
1.152003
1.153503
1.153503
1.153503
1.153503
1.156803
1.156803
1.156803
1.156803
1.156803
1.156803
1.156803
1.156803
1.156803
1.156803
1.156803
1.156803
1.156803
1.154103
1.152303
1.128602
1.112102
1.095602
1.079402
1.062901
1.046101
1.029901
1.013401
0.997200
0.981000
0.964800
0.963300
0.963300
0.963300
0.963300
0.960000
0.960000
0.960000
0.960000
0.960000
0.960000
0.960000
0.960000
0.963900
0.976500
0.989100
1.001401
1.013701
1.026001
1.038301
1.050601
1.062901
1.075202
1.087502
1.099802
1.104602
1.104602
1.104602
1.105202
1.106702
1.106702
1.106702
1.106702
1.106702
1.106702
1.106702
1.106702
1.106702
1.107002
1.107002
1.107002
1.107002
1.107002
1.103102
1.090502
1.077902
1.065601
1.053301
1.041001
1.028701
1.016401
1.004101
0.991800
0.979500
0.967200
0.962400
0.962400
0.967800
0.972600
0.975600
0.993300
1.011301
1.029001
1.046701
1.064701
1.082402
1.100102
1.113602
1.113602
1.113602
1.113602
1.113602
1.113602
1.116302
1.122302
1.122302
1.122302
1.122302
1.122302
1.125902
1.143602
1.161603
1.179303
1.197003
1.215003
1.232704
1.250704
1.256704
1.251304
1.246804
1.229104
1.211103
1.193403
1.175703
1.157703
1.140002
1.122302
1.108802
1.108502
1.108502
1.108502
1.108502
1.108502
1.105802
1.099802
1.099802
1.099802
1.099802
1.099802
1.096202
1.078502
1.060501
1.042801
1.025101
1.007101
0.989400
0.971400
0.960000
0.960000
0.960000
0.960000
0.960000
0.960000
0.960000
0.960000
0.960000
0.960000
0.960000
0.960000
0.961200
0.981600
0.999901
1.020301
1.039501
1.058401
1.077902
1.097402
1.104902
1.104902
1.104902
1.110002
1.116002
1.119302
1.120502
1.122602
1.122602
1.131902
1.147502
1.164003
1.195203
1.227604
1.244404
1.244404
1.244404
1.244404
1.255804
1.273804
1.291504
1.309505
1.326305
1.323905
1.323605
1.318505
1.299304
1.280404
1.260904
1.241404
1.233904
1.235104
1.242604
1.237504
1.231504
1.228504
1.227304
1.227304
1.245304
1.258204
1.273504
1.282204
1.269604
1.255504
1.257604
1.266304
1.266304
1.266304
1.257604
1.249504
1.243504
1.235704
1.233004
1.223703
1.221303
1.216503
1.219503
1.219503
1.219503
1.219503
1.219503
1.218303
1.210803
1.210803
1.210803
1.210503
1.210503
1.208403
1.190403
1.168203
1.137302
1.112102
1.093502
1.075202
1.056301
1.047601
1.047601
1.047601
1.044901
1.035001
1.023301
1.013101
0.997801
0.989100
0.973500
0.963000
0.960000
0.960000
0.960000
0.960000
0.960000
0.960000
0.960000
0.960000
0.960000
0.960000
0.960000
0.960000
0.960000
0.960000
0.972600
0.972600
0.972600
0.972600
0.972600
0.972600
0.972600
0.972600
0.972600
0.972600
0.972600
0.972600
0.972600
0.972600
0.972600
0.972600
0.972600
0.972600
0.972600
0.972600
0.972600
0.972600
0.972600
0.972600
0.972600
0.972600
0.972600
0.972600
0.972600
0.972600
0.960000
0.960000
0.960000
0.960000
0.960000
0.960000
0.960000
0.960000
0.960000
0.960000
0.960000
0.960000
0.960000
0.960000
0.960000
0.960000
0.960000
0.960000
0.960000
0.960000
0.960000
0.960000
0.960000
0.960000
0.960000
0.960000
0.960000
0.960000
0.960000
0.960000
0.960000
0.960000
0.960000
0.960000
0.960000
0.960000
0.960000
0.960000
0.960000
0.960000
0.960000
0.960000
0.960000
0.960000
0.960000
0.960000
0.960000
0.960000
0.960000
0.960000
0.960000
0.960000
0.960000
0.960000
0.960000
0.960000
0.960000
0.960000
0.960000
0.960000
0.960000
0.960000
0.960000
0.960000
0.960000
0.960000
0.960000
0.960000
0.960000
0.960000
0.960000
0.960000
0.960000
0.960000
0.960000
0.960000
0.962700
0.968400
0.968400
0.968400
0.968400
0.968400
0.968400
0.968400
0.968400
0.968400
0.968400
0.968400
0.968400
0.968400
0.968700
0.971400
0.982800
0.982800
0.982800
0.982800
0.982800
0.982800
0.982800
0.982800
0.983100
0.983100
0.983100
0.983400
0.983400
0.983400
0.980700
0.975000
0.977400
0.977400
0.977400
0.977400
0.977400
0.977400
0.977400
0.977400
0.977400
0.978000
0.978300
0.978300
0.978000
0.975300
0.963900
0.963900
0.963900
0.963900
0.964200
0.975900
0.975900
0.975900
0.975600
0.975600
0.975600
0.975300
0.975300
0.975300
0.975300
0.976800
0.984600
0.984600
0.984600
0.986100
0.987300
0.987300
0.987300
0.987300
0.987300
0.986700
0.986400
0.986400
0.986400
0.986400
0.986400
0.986400
0.986400
0.986400
0.986100
0.974400
0.974400
0.974400
0.974400
0.974400
0.974400
0.974400
0.974400
0.974400
0.976800
0.987900
0.977700
0.977700
0.977700
0.976200
0.975000
0.975000
0.975000
0.975000
0.975000
0.975000
0.975000
0.975000
0.975000
0.975000
0.975000
0.975000
0.977700
0.987000
0.987000
0.988200
0.988200
0.988200
0.988200
0.988200
0.989100
0.989100
0.989100
0.989100
0.986700
0.974100
0.974100
0.974100
0.974100
0.974100
0.974100
0.974100
0.974100
0.974100
0.974100
0.974100
0.974100
0.974100
0.983400
0.986100
0.986100
0.986100
0.993000
0.997500
1.005001
1.003801
1.003801
1.003801
1.003801
1.004101
1.003201
1.003201
1.003201
1.003201
1.003201
1.003201
1.003201
1.003201
1.003201
1.003201
1.003201
1.003201
1.003201
1.003201
1.003201
1.003201
1.003201
1.003201
0.993900
0.991200
0.991200
0.991200
0.981600
0.967800
0.960300
0.960300
0.960300
0.960300
0.960300
0.960000
0.960000
0.960000
0.960000
0.960000
0.967800
0.971700
0.971700
0.971700
0.971700
0.971700
0.971700
0.971700
0.971700
0.971700
0.971700
0.971700
0.971700
0.971700
0.971700
0.971700
0.971700
0.971700
0.971700
0.971700
0.971700
0.971700
0.971700
0.971700
0.971700
0.971700
0.971700
0.971700
0.971700
0.971700
0.963900
0.960000
0.960000
0.960000
0.960000
0.960000
0.960000
0.960000
0.960000
0.960000
0.960000
0.960000
0.960000
0.960000
0.960000
0.960000
0.960000
0.960000
0.960000
0.960000
0.960000
0.960000
0.960000
0.960000
0.960000
0.960000
0.960000
0.960000
0.962400
0.964200
0.973800
0.973800
0.973800
0.973800
0.973800
0.973800
0.973800
0.973800
0.973800
0.973800
0.973800
0.973800
0.973800
0.973800
0.973800
0.973800
0.973800
0.973800
0.973800
0.973800
0.973800
0.973800
0.975300
0.981600
0.998401
0.998401
1.002901
1.003201
1.000801
0.999001
0.991800
0.991800
0.991800
0.991800
1.002301
1.012801
1.017601
1.020601
1.040701
1.054201
1.067701
1.077902
1.078202
1.081502
1.081502
1.081502
1.091102
1.091702
1.091702
1.091702
1.092602
1.092602
1.091102
1.084802
1.068001
1.068901
1.064401
1.064101
1.064101
1.064101
1.061701
1.061701
1.061701
1.071601
1.074002
1.073402
1.072801
1.086002
1.080302
1.076402
1.081502
1.072801
1.072501
1.069201
1.069201
1.069201
1.059901
1.059301
1.059301
1.059301
1.058401
1.058401
1.058401
1.058401
1.058401
1.057501
1.057501
1.057501
1.057501
1.057501
1.057501
1.057501
1.057501
1.047601
1.039501
1.036501
1.032301
1.016101
1.001701
0.992100
0.973500
0.972000
0.972000
0.972000
0.972000
0.972000
0.971700
0.971700
0.971700
0.971700
0.971700
0.971700
0.971700
0.972000
0.972000
0.972000
0.972000
0.972000
0.972000
0.972000
0.972000
0.972000
0.972000
0.972000
0.973500
0.972900
0.972900
0.972900
0.972900
0.972900
0.972900
0.972900
0.972900
0.972900
0.975300
0.980100
0.980100
0.980100
0.980100
0.980100
0.980100
0.980100
0.980400
0.988800
0.991500
0.991500
0.991500
0.991500
0.991500
0.991500
0.991500
0.991500
0.991500
0.991500
0.985200
0.978900
0.978900
0.978900
0.978900
0.978900
0.978900
0.978900
0.978900
0.978900
0.976500
0.974700
0.976500
0.977100
0.977100
0.977100
0.981300
0.986100
0.989100
0.982200
0.980400
0.981300
0.982200
0.984000
0.985800
0.993600
1.003201
1.007101
1.010701
1.012501
1.014901
1.017301
1.018501
1.020601
1.024201
1.031101
1.037701
1.038001
1.038901
1.039801
1.043401
1.045201
1.045501
1.051501
1.059001
1.059001
1.054801
1.053001
1.058401
1.056601
1.055701
1.056001
1.060801
1.060801
1.066201
1.063501
1.053901
1.050001
1.046401
1.044601
1.042201
1.039801
1.038601
1.036501
1.032901
1.026001
1.019401
1.019101
1.018201
1.017301
1.013701
1.008901
1.006801
1.000201
0.992700
0.992700
0.992700
0.989700
0.981000
0.981000
0.981000
0.979800
0.974400
0.974400
0.967200
0.962100
0.962100
0.962100
0.962100
0.963300
0.963300
0.963300
0.966300
0.966300
0.966300
0.966300
0.966300
0.972900
0.972900
0.972900
0.972900
0.972900
0.972900
0.972900
0.972900
0.972900
0.972900
0.972900
0.972900
0.972900
0.972900
0.972900
0.972600
0.970800
0.970800
0.970800
0.970800
0.970800
0.970800
0.969600
0.969600
0.969600
0.966600
0.966600
0.966600
0.966600
0.966600
0.960000
0.960000
0.960000
0.960000
0.960000
0.960000
0.961500
0.961800
0.961800
0.961800
0.961800
0.961800
0.961800
0.961800
0.961800
0.961800
0.961800
0.961800
0.961800
0.961800
0.961800
0.961800
0.961800
0.961800
0.961800
0.961800
0.961800
0.961800
0.961800
0.961800
0.961800
0.961800
0.961800
0.961800
0.961800
0.961800
0.960300
0.960000
0.960000
0.960000
0.960000
0.960000
0.960000
0.960000
0.960000
0.960000
0.960000
0.960000
0.960000
0.960000
0.960000
0.960000
0.960000
0.960000
0.960000
0.960000
0.960000
0.960000
0.960000
0.960000
0.960000
0.960000
0.960000
0.960000
0.960000
0.960000
0.960000
0.960000
0.960000
0.960000
0.960000
0.960000
0.960000
0.960000
0.960000
0.960000
0.960000
0.960000
0.960000
0.960000
0.960000
0.960000
0.960000
0.960000
0.960000
0.960000
0.960000
0.960000
0.960000
0.960000
0.960000
0.960000
0.960000
0.960000
0.960000
0.960000
0.960000
0.960000
0.960000
0.960000
0.960000
0.960000
0.960000
0.960000
0.960000
0.960000
0.960000
0.960000
0.960000
0.960000
0.960000
0.960000
0.960000
0.960000
0.960000
0.960000
0.960000
0.960000
0.960000
0.960000
0.960000
0.960000
0.960000
0.960000
0.960000
0.960000
0.960000
0.960000
0.960000
0.960000
0.960000
0.960000
0.960000
0.960000
0.960000
0.960000
0.960000
0.960000
0.960000
0.960000
0.960000
0.960000
0.960000
0.960000
0.966000
0.970800
0.970800
0.970800
0.970800
0.970800
0.970800
0.970800
0.970800
0.970800
0.970800
0.970800
0.970800
0.970800
0.970800
0.970800
0.970800
0.970800
0.970800
0.970800
0.970800
0.970800
0.970800
0.970800
0.970800
0.970800
0.970800
0.970800
0.970800
0.970800
0.964800
0.960000
0.960000
0.960000
0.960000
0.960000
0.960000
0.960000
0.960000
0.960000
0.960000
0.960000
0.960000
0.960000
0.960000
0.960000
0.960000
0.960000
0.960000
0.960000
0.960000
0.960000
0.960000
0.960000
0.960000
0.960000
0.960000
0.960000
0.960000
0.960000
0.960000
0.960000
0.960000
0.960000
0.960000
0.960000
0.960000
0.960000
0.960000
0.960000
0.960000
0.960000
0.960000
0.960000
0.960000
0.960000
0.960000
0.960000
0.960000
0.960000
0.960000
0.960000
0.960000
0.960000
0.960000
0.960000
0.960000
0.960000
0.960000
0.960000
0.960000
0.960000
0.960000
0.960000
0.960000
0.960000
0.960000
0.960000
0.960000
0.960000
0.960000
0.960000
0.960000
0.960000
0.960000
0.960000
0.960000
0.960000
0.960000
0.960000
0.960000
0.960000
0.960000
0.960000
0.960000
0.960000
0.960000
0.960000
0.960000
0.960000
0.960000
0.960000
0.960000
0.960000
0.960000
0.960000
0.960000
0.960000
0.960000
0.960000
0.960000
0.960000
0.960000
0.960000
0.960000
0.960000
0.960000
0.960000
0.960000
0.960000
0.960000
0.960000
0.960000
0.960000
0.960000
0.960000
0.960000
0.960000
0.960000
0.960000
0.960000
0.960000
0.960000
0.960000
0.960000
0.960000
0.960000
0.960000
0.960000
0.960000
0.960000
0.960000
0.960000
0.960000
0.960000
0.960000
0.960000
0.960000
0.960000
0.960000
0.960000
0.960000
0.960000
0.960000
0.960000
0.960000
0.960000
0.960000
0.960000
0.960000
0.960000
0.960000
0.960000
0.960000
0.960000
0.960000
0.960000
0.960000
0.960000
0.960000
0.960000
0.960000
0.960000
0.960000
0.960000
0.960000
0.960000
0.960000
0.960000
0.960000
0.960000
0.960000
0.960000
0.960000
0.960000
0.960000
0.960000
0.960000
0.960000
0.960000
0.960000
0.960000
0.960000
0.960000
0.960000
0.960000
0.960000
0.960000
0.970500
0.979800
0.988500
0.988500
0.988500
0.988500
0.988500
0.988500
0.988500
0.988500
0.988800
0.988800
0.988800
0.988800
0.988800
0.988800
0.988800
0.988800
0.988800
0.988800
0.988800
0.988800
0.988800
0.988800
0.988800
0.988800
0.988800
0.988800
0.988800
0.988800
0.978300
0.969000
0.960300
0.960300
0.960300
0.960300
0.969600
0.970500
0.970500
0.970500
0.970200
0.970200
0.970200
0.970200
0.970200
0.970200
0.970200
0.970200
0.970200
0.970200
0.970200
0.970200
0.970200
0.970200
0.973800
0.981000
0.981000
0.991800
0.993900
1.010101
1.037701
1.054501
1.070701
1.087202
1.103702
1.119902
1.127102
1.142402
1.158903
1.175103
1.191303
1.197303
1.197303
1.197303
1.197303
1.197303
1.197603
1.197603
1.197603
1.197603
1.197603
1.197603
1.197603
1.197603
1.194003
1.186803
1.186803
1.176003
1.173903
1.157703
1.130102
1.113602
1.097402
1.080902
1.064401
1.048201
1.031701
1.015501
0.999001
0.982800
0.966600
0.960600
0.967500
0.984600
1.000801
1.017001
1.032901
1.049701
1.065901
1.082102
1.098002
1.114202
1.122002
1.122602
1.122602
1.122902
1.123202
1.131002
1.135502
1.135802
1.139402
1.139102
1.149303
1.161303
1.161303
1.166103
1.188003
1.210203
1.215303
1.216503
1.216803
1.216803
1.209903
1.192803
1.176903
1.160703
1.144502
1.127702
1.111502
1.095602
1.079702
1.063501
1.055701
1.059901
1.069801
1.083302
1.102202
1.113602
1.127402
1.131902
1.128902
1.128902
1.118702
1.106702
1.106702
1.101902
1.080002
1.057801
1.052701
1.051501
1.051201
1.051201
1.051201
1.051201
1.050901
1.050901
1.050901
1.050901
1.050901
1.050601
1.050601
1.050601
1.050601
1.045801
1.035901
1.022101
1.002901
0.985800
0.985800
0.997500
1.013101
1.029301
1.037701
1.037701
1.037701
1.037701
1.037701
1.037701
1.037701
1.037701
1.037701
1.037701
1.037701
1.037701
1.037701
1.037701
1.037701
1.037701
1.037701
1.037701
1.037701
1.037701
1.037701
1.037701
1.037701
1.037701
1.037701
1.035601
1.017301
1.000801
0.984600
0.968400
0.960000
0.960000
0.960000
0.960000
0.960000
0.960000
0.960000
0.960000
0.960000
0.960000
0.960000
0.960000
0.960000
0.960000
0.960300
0.971400
0.971400
0.971400
0.971400
0.971400
0.971400
0.971400
0.973500
0.973500
0.973500
0.973500
0.977400
0.977400
0.977400
0.977400
0.977400
0.977400
0.977400
0.977400
0.977400
0.977400
0.977400
0.977400
0.977400
0.977400
0.977400
0.977400
0.977400
0.977400
0.977100
0.966000
0.966000
0.966000
0.966000
0.966000
0.966000
0.966000
0.963900
0.963900
0.963900
0.963900
0.960000
0.960000
0.960000
0.960000
0.960000
0.960000
0.960000
0.960000
0.960000
0.960000
0.960000
0.960000
0.960000
0.960000
0.960000
0.960000
0.960000
0.960000
0.960000
0.960000
0.960000
0.960000
0.960000
0.960000
0.960000
0.960000
0.960000
0.960000
0.960000
0.960000
0.960000
0.960000
0.960000
0.960000
0.960000
0.960000
0.960000
0.960000
0.960000
0.960000
0.960000
0.960000
0.960000
0.960000
0.960000
0.960000
0.960000
0.960000
0.960000
0.960000
0.960000
0.960000
0.960000
0.960000
0.960000
0.960000
0.960000
0.960000
0.960000
0.960000
0.960000
0.960000
0.960000
0.960000
0.960000
0.960000
0.960000
0.960000
0.960000
0.960000
0.960000
0.960000
0.960000
0.960000
0.960000
0.960000
0.960000
0.960000
0.960000
0.960000
0.960000
0.960000
0.960000
0.960000
0.960000
0.960000
0.960000
0.960000
0.960000
0.960000
0.960000
0.960000
0.960000
0.960000
0.960000
0.960000
0.960000
0.960000
0.960000
0.960000
0.960000
0.960000
0.960000
0.960000
0.960000
0.960000
0.960000
0.960000
0.960000
0.960000
0.960000
0.960000
0.960000
0.960000
0.960000
0.960000
0.960000
0.960000
0.960000
0.960000
0.960000
0.960000
0.960000
0.960000
0.960000
0.960000
0.960000
0.960000
0.960000
0.960000
0.960000
0.960000
0.960000
0.960000
0.960000
0.960000
0.960000
0.960000
0.960000
0.960000
0.960000
0.960000
0.960000
0.960000
0.960000
0.960000
0.960000
0.960000
0.960000
0.960000
0.960000
0.960000
0.960000
0.960000
0.960000
0.960000
0.960000
0.960000
0.960000
0.960000
0.960000
0.960000
0.960000
0.960000
0.960000
0.960000
0.960000
0.960000
0.960000
0.960000
0.960000
0.960000
0.960000
0.960000
0.960000
0.960000
0.960000
0.960000
0.960000
0.960000
0.960000
0.960000
0.960000
0.960000
0.960000
0.960000
0.960000
0.960000
0.960000
0.960000
0.960000
0.960000
0.960000
0.960000
0.960000
0.960000
0.960000
0.960000
0.960000
0.960000
0.960000
0.960000
0.960000
0.960000
0.960000
0.960000
0.960000
0.960000
0.960000
0.960000
0.960000
0.960000
0.960000
0.960000
0.960000
0.960000
0.960000
0.960000
0.960000
0.960000
0.960000
0.960000
0.960000
0.960000
0.960000
0.960000
0.960000
0.960000
0.960000
0.960000
0.960000
0.960000
0.960000
0.960000
0.960000
0.960000
0.960000
0.960000
0.960000
0.960000
0.960000
0.960000
0.960000
0.960000
0.960000
0.960000
0.960000
0.960000
0.960000
0.960000
0.960000
0.960000
0.960000
0.960000
0.960000
0.960000
0.960000
0.960000
0.960000
0.960000
0.960000
0.960000
0.960000
0.960000
0.960000
0.960000
0.960000
0.960000
0.960000
0.960000
0.960000
0.960000
0.960000
0.960000
0.960000
0.960000
0.960000
0.960000
0.966000
0.969300
0.969300
0.969300
0.969300
0.969300
0.969300
0.969300
0.969300
0.969300
0.969300
0.969300
0.969300
0.970500
0.970500
0.970500
0.970500
0.970500
0.970500
0.970500
0.970500
0.970500
0.970500
0.970500
0.970500
0.973500
0.982200
0.982200
0.982200
0.982200
0.976200
0.972900
0.972900
0.972900
0.972900
0.972900
0.972900
0.972900
0.972900
0.972900
0.972900
0.972900
0.972900
0.971700
0.971700
0.971700
0.971700
0.971700
0.971700
0.971700
0.971700
0.971700
0.971700
0.971700
0.971700
0.968700
0.960000
0.960000
0.960000
0.960000
0.960000
0.960000
0.960000
0.960000
0.960000
0.960000
0.960000
0.960000
0.960000
0.960000
0.960000
0.960000
0.960000
0.960000
0.960000
0.960000
0.960000
0.960000
0.960000
0.960000
0.960000
0.960000
0.960000
0.960000
0.960000
0.960000
0.960300
0.960900
0.960900
0.960900
0.960900
0.960900
0.960900
0.960900
0.960900
0.960900
0.960900
0.960900
0.960900
0.960900
0.960900
0.960900
0.960900
0.960900
0.960900
0.960900
0.960900
0.960900
0.960900
0.960900
0.960900
0.960900
0.960900
0.960900
0.960900
0.960900
0.960600
0.960000
0.960000
0.960000
0.960000
0.960000
0.960000
0.960000
0.960000
0.960000
0.960000
0.960000
0.960000
0.960000
0.960000
0.960000
0.960000
0.960000
0.960000
0.960000
0.960000
0.960000
0.960000
0.960000
0.960000
0.960000
0.960000
0.960000
0.960000
0.960000
0.960000
0.960000
0.960000
0.960000
0.960000
0.960000
0.960000
0.960000
0.960000
0.960000
0.960000
0.960000
0.960000
0.960000
0.961800
0.961800
0.961800
0.961800
0.961800
0.961800
0.961800
0.961800
0.961800
0.961800
0.961800
0.961800
0.961800
0.961800
0.961800
0.961800
0.961800
0.961800
0.961800
0.961800
0.961800
0.961800
0.961800
0.961800
0.961800
0.961800
0.961800
0.961800
0.961800
0.961800
0.960000
0.960000
0.960000
0.960000
0.960000
0.960000
0.960000
0.960000
0.960000
0.960000
0.960000
0.960000
0.960000
0.960000
0.960000
0.960000
0.960000
0.960000
0.960000
0.960000
0.960000
0.960000
0.960000
0.960000
0.960000
0.960000
0.960000
0.960000
0.960000
0.960000
0.960000
0.960000
0.960000
0.960000
0.962100
0.967200
0.974400
0.974400
0.974400
0.974400
0.974400
0.974700
0.974700
0.974700
0.974700
0.974700
0.974700
0.974700
0.974700
0.974700
0.974700
0.974700
0.974700
0.974700
0.974700
0.974700
0.974700
0.974700
0.974700
0.974700
0.974700
0.974700
0.974700
0.974700
0.972600
0.967500
0.960300
0.960300
0.960300
0.960300
0.960300
0.960000
0.960000
0.960000
0.960000
0.960000
0.960000
0.960000
0.960000
0.960000
0.960000
0.960900
0.960900
0.960900
0.960900
0.960900
0.960900
0.971100
0.986700
0.986700
0.986700
0.996000
0.998401
0.998401
0.998401
0.998401
0.998401
0.998401
0.998401
0.998401
0.998401
0.998401
0.998401
0.998401
0.998401
0.998401
0.998401
0.998401
0.998401
0.998401
0.998401
0.997500
0.997500
0.997500
0.997500
0.997500
0.997500
0.987300
0.971700
0.971700
0.971700
0.962400
0.960000
0.960000
0.960000
0.960000
0.960000
0.960000
0.960000
0.960000
0.960000
0.960000
0.960000
0.960000
0.960000
0.960000
0.960000
0.961800
0.961800
0.961800
0.961800
0.961800
0.961800
0.961800
0.961800
0.961800
0.962400
0.962400
0.962400
0.962400
0.962400
0.962400
0.962400
0.962400
0.962400
0.962400
0.962400
0.962400
0.962400
0.962400
0.962400
0.962400
0.962400
0.962400
0.962400
0.962400
0.962400
0.960600
0.960600
0.960600
0.961200
0.961200
0.961200
0.961200
0.961200
0.961200
0.960600
0.960600
0.960600
0.960600
0.960600
0.960600
0.960600
0.960600
0.960600
0.960600
0.960600
0.960600
0.960600
0.960600
0.960600
0.960600
0.960600
0.960600
0.960600
0.960600
0.960600
0.960600
0.960600
0.960600
0.960000
0.960000
0.960000
0.960000
0.960000
0.960000
0.960000
0.960000
0.960000
0.960000
0.960000
0.960000
0.960000
0.960000
0.960000
0.960000
0.960000
0.960000
0.960000
0.960000
0.960000
0.960000
0.960000
0.960000
0.960000
0.960000
0.974100
0.979200
0.979200
0.979200
0.979200
0.979200
0.979200
0.979200
0.979200
0.979200
0.979200
0.987300
0.990900
0.990900
0.990900
0.990900
0.990900
0.990900
1.002601
1.002601
1.002601
1.009801
1.014901
1.014901
1.016701
1.016701
1.016701
1.016701
1.016701
1.016701
1.005001
1.004401
1.004401
1.004401
1.005001
1.005001
1.005001
1.005001
1.005001
1.005001
1.005001
0.996900
0.993300
0.993300
0.993300
0.993300
0.993300
0.993300
0.981600
0.981600
0.981600
0.974400
0.969300
0.973500
0.993900
1.012501
1.035901
1.052401
1.064401
1.065301
1.062901
1.058401
1.058401
1.058401
1.057801
1.057801
1.059001
1.063501
1.071001
1.071001
1.071001
1.071001
1.071001
1.071001
1.071001
1.071001
1.071001
1.071001
1.071001
1.071001
1.071001
1.071001
1.071001
1.066801
1.044601
1.026001
1.002601
0.986100
0.974100
0.973200
0.973200
0.973200
0.973200
0.973200
0.973200
0.973200
0.972000
0.967500
0.960000
0.960000
0.960000
0.960000
0.960000
0.960000
0.960000
0.960000
0.960000
0.960000
0.960000
0.960000
0.960000
0.960000
0.960000
0.960000
0.960000
0.960000
0.960000
0.960000
0.960000
0.960000
0.960000
0.960000
0.960000
0.960000
0.960000
0.960000
0.960000
0.960000
0.960000
0.960000
0.960000
0.960000
0.960000
0.960000
0.960000
0.960000
0.960000
0.960000
0.960000
0.960000
0.960000
0.960000
0.960000
0.960000
0.960000
0.960000
0.960000
0.960000
0.960000
0.960000
0.960000
0.960000
0.960000
0.960000
0.960000
0.960000
0.960000
0.960000
0.960000
0.960000
0.960000
0.960000
0.960000
0.960000
0.960000
0.960000
0.960000
0.960000
0.960000
0.960000
0.960000
0.960000
0.960000
0.960000
0.960000
0.960000
0.960000
0.960000
0.960000
0.960000
0.960000
0.960000
0.960000
0.960000
0.960000
0.960000
0.960000
0.960000
0.960000
0.960000
0.960000
0.960000
0.960000
0.960000
0.960000
0.960000
0.960000
0.960000
0.960000
0.960000
0.960000
0.960000
0.960000
0.960000
0.960000
0.960000
0.960000
0.960000
0.960000
0.960000
0.960000
0.960000
0.960000
0.960000
0.960000
0.960000
0.960000
0.966600
0.982800
0.983700
0.983700
0.983700
0.983700
0.983700
0.983700
0.983700
0.983700
0.983700
0.983700
0.983700
0.983700
0.983700
0.983700
0.983700
0.983700
0.983700
0.983700
0.983700
0.983700
0.983700
0.983700
0.983700
0.983700
0.983700
0.983700
0.983700
0.983700
0.977100
0.960900
0.960000
0.960000
0.960000
0.960000
0.960000
0.960000
0.960000
0.960000
0.960000
0.960000
0.960000
0.960000
0.960000
0.961800
0.961800
0.961800
0.961800
0.961800
0.961800
0.961800
0.961800
0.961800
0.961800
0.961800
0.961800
0.961800
0.961800
0.961800
0.961800
0.961800
0.961800
0.961800
0.961800
0.961800
0.961800
0.961800
0.961800
0.961800
0.961800
0.961800
0.961800
0.961800
0.961800
0.960000
0.960000
0.960000
0.960000
0.960000
0.960000
0.960000
0.960000
0.960000
0.960000
0.960000
0.960000
0.960000
0.960000
0.960000
0.960000
0.961500
0.961500
0.961500
0.961500
0.961500
0.961500
0.961500
0.961500
0.961500
0.961500
0.961500
0.961500
0.961500
0.961500
0.961500
0.961500
0.961500
0.961500
0.961500
0.961500
0.961500
0.961500
0.961500
0.961500
0.961500
0.961500
0.961500
0.961500
0.961500
0.961500
0.960000
0.960000
0.960000
0.960000
0.960000
0.960000
0.960000
0.960000
0.960000
0.960000
0.960000
0.960000
0.960000
0.960000
0.960000
0.960000
0.960000
0.960000
0.960000
0.960000
0.960000
0.960000
0.960000
0.960000
0.960000
0.960000
0.960000
0.960000
0.960000
0.960000
0.960000
0.960000
0.960000
0.960000
0.960000
0.960000
0.960000
0.960000
0.960000
0.960000
0.960000
0.960000
0.960000
0.960000
0.960000
0.960000
0.960000
0.960000
0.960000
0.960000
0.960000
0.960000
0.960000
0.960000
0.960000
0.960000
0.960000
0.960000
0.960000
0.960000
0.960000
0.960000
0.960000
0.960000
0.960000
0.960000
0.960000
0.960000
0.960000
0.960000
0.960000
0.960000
0.960000
0.960000
0.960000
0.960000
0.960000
0.960000
0.960000
0.960000
0.960000
0.960000
0.960000
0.960000
0.960000
0.960000
0.960000
0.960000
0.960000
0.960000
0.960000
0.960000
0.960000
0.960000
0.960000
0.960000
0.960000
0.960000
0.960000
0.960000
0.960000
0.960000
0.960000
0.960000
0.960000
0.960000
0.960000
0.960000
0.960000
0.960000
0.960000
0.960000
0.960000
0.960000
0.960000
0.960000
0.960000
0.960000
0.960000
0.960000
0.960000
0.960000
0.960000
0.960000
0.960000
0.960000
0.960000
0.960300
0.960300
0.960300
0.960300
0.960300
0.960300
0.960300
0.960300
0.960300
0.960300
0.960300
0.960300
0.960300
0.960300
0.963600
0.969300
0.969300
0.971400
0.971400
0.971400
0.971400
0.971400
0.971400
0.971400
0.971400
0.971400
0.971400
0.971400
0.971400
0.971400
0.971100
0.971100
0.971100
0.971100
0.971100
0.971100
0.971100
0.971100
0.971100
0.971100
0.971100
0.971100
0.971100
0.971100
0.967800
0.962100
0.962100
0.960000
0.960000
0.964800
0.969300
0.969300
0.969300
0.969300
0.980700
0.992400
0.992400
0.992400
0.992400
0.992400
0.992400
0.992400
0.992400
0.992400
0.992400
0.992400
0.993000
0.996600
0.997801
1.006801
1.012201
1.012201
1.012201
1.012201
1.012201
1.012201
1.012201
1.012201
1.012201
1.007401
1.015501
1.015801
1.015801
1.015801
1.004401
0.992700
0.992700
0.993900
0.994800
0.994800
0.994800
0.994800
0.994800
0.994800
0.994800
0.994800
0.994200
0.990600
0.989400
0.989100
1.000201
1.016701
1.032901
1.049101
1.065001
1.081202
1.097402
1.115702
1.140902
1.157403
1.162203
1.175403
1.175403
1.175403
1.175403
1.175403
1.175403
1.174203
1.173303
1.173303
1.173303
1.173303
1.173303
1.173303
1.173303
1.173303
1.173303
1.173303
1.173303
1.164603
1.148102
1.132502
1.116302
1.100102
1.084202
1.068001
1.051801
1.033501
1.009201
0.992700
0.975300
0.961800
0.961800
0.961800
0.961800
0.961800
0.961800
0.961800
0.961800
0.961800
0.962700
0.962700
0.962700
0.962700
0.962700
0.962700
0.962700
0.962700
0.962700
0.962700
0.962700
0.961800
0.961800
0.961800
0.961800
0.961800
0.961800
0.961800
0.960900
0.960900
0.960900
0.960900
0.960900
0.960900
0.960900
0.960900
0.960900
0.960900
0.960900
0.960900
0.960000
0.960000
0.960000
0.960000
0.962700
0.979500
0.996000
1.011901
1.028101
1.033501
1.033501
1.033501
1.033501
1.033501
1.033501
1.033501
1.033501
1.033501
1.033501
1.033501
1.033501
1.033501
1.033501
1.033501
1.033501
1.033501
1.033501
1.033501
1.033501
1.033501
1.033501
1.033501
1.033501
1.033501
1.030801
1.014001
0.997500
0.981600
0.965400
0.960000
0.960000
0.960000
0.960000
0.960000
0.960900
0.960900
0.961800
0.961800
0.961800
0.961800
0.961800
0.961800
0.961800
0.961800
0.961800
0.961800
0.961800
0.961800
0.961800
0.961800
0.961800
0.961800
0.961800
0.961800
0.961800
0.961800
0.961800
0.961800
0.961800
0.961800
0.961800
0.961800
0.961800
0.961800
0.960900
0.960900
0.960000
0.960000
0.960000
0.960000
0.960000
0.960000
0.960000
0.960000
0.960000
0.960000
0.960000
0.960000
0.960000
0.960000
0.960000
0.960000
0.960000
0.960000
0.960000
0.960000
0.960000
0.960000
0.960000
0.960000
0.960000
0.960000
0.960000
0.960000
0.960000
0.960000
0.960000
0.960000
0.960000
0.960000
0.960000
0.960000
0.960000
0.960000
0.960000
0.960000
0.960000
0.960000
0.960000
0.960000
0.960000
0.960000
0.960000
0.960000
0.960000
0.960000
0.960000
0.960000
0.960000
0.960000
0.962400
0.971100
0.971100
0.971100
0.971100
0.971100
0.971100
0.971100
0.971100
0.971100
0.971100
0.971100
0.971100
0.971100
0.971100
0.971100
0.971100
0.971100
0.971100
0.971100
0.971100
0.971100
0.971100
0.971100
0.971100
0.971100
0.972900
0.978000
0.978000
0.978000
0.975600
0.966900
0.966900
0.966900
0.966900
0.966900
0.966900
0.967200
0.967200
0.967200
0.967200
0.967200
0.967200
0.967200
0.967200
0.967200
0.967200
0.967200
0.967200
0.967200
0.967200
0.967200
0.967200
0.967200
0.967200
0.967200
0.965400
0.960300
0.960300
0.960300
0.960300
0.960300
0.960300
0.960300
0.960300
0.960300
0.960300
0.960000
0.960000
0.960000
0.960000
0.960000
0.960000
0.960000
0.960000
0.960000
0.960000
0.960000
0.960000
0.960000
0.960000
0.960000
0.960000
0.960000
0.960000
0.960000
0.960000
0.960000
0.960000
0.960000
0.960000
0.960000
0.960000
0.960000
0.960000
0.960000
0.960000
0.960000
0.960000
0.960000
0.960000
0.960000
0.960000
0.960000
0.960000
0.960000
0.960000
0.960000
0.960000
0.960000
0.960000
0.960000
0.960000
0.960000
0.960000
0.960000
0.960000
0.960000
0.960000
0.960000
0.960000
0.960000
0.960000
0.960000
0.960000
0.960000
0.960000
0.960000
0.960000
0.960000
0.960000
0.960000
0.960000
0.960000
0.960000
0.960000
0.960000
0.960000
0.960000
0.960000
0.960000
0.960000
0.960000
0.960000
0.960000
0.971700
0.971700
0.976500
0.984300
0.984300
0.985800
0.985800
0.986100
0.986700
0.986700
0.986700
0.986700
0.986700
0.986700
0.986700
0.986700
0.986700
0.986700
0.986700
0.986700
0.986700
0.986700
0.986700
0.986700
0.986700
0.986700
0.986700
0.986700
0.986700
0.986700
0.975000
0.975000
0.970200
0.962400
0.962400
0.960900
0.960900
0.960600
0.960000
0.960000
0.960000
0.960000
0.960000
0.960000
0.960000
0.960000
0.961800
0.961800
0.961800
0.961800
0.961800
0.961800
0.961800
0.961800
0.961800
0.961800
0.961800
0.961800
0.961800
0.961800
0.961800
0.961800
0.961800
0.961800
0.961800
0.961800
0.961800
0.961800
0.961800
0.961800
0.961800
0.962100
0.962100
0.962100
0.962100
0.962100
0.960300
0.960300
0.960300
0.960300
0.960300
0.960300
0.960300
0.960300
0.960300
0.960300
0.960300
0.960300
0.960300
0.960300
0.960300
0.960300
0.960300
0.960300
0.962100
0.962100
0.962100
0.962100
0.962100
0.962100
0.962100
0.961800
0.961800
0.961800
0.961800
0.961800
0.961800
0.961800
0.961800
0.961800
0.961800
0.961800
0.961800
0.961800
0.961800
0.961800
0.961800
0.961800
0.961800
0.961800
0.961800
0.961800
0.961800
0.961800
0.960000
0.960000
0.960000
0.960000
0.960000
0.960000
0.960000
0.960000
0.960000
0.960000
0.960000
0.960000
0.960000
0.960000
0.960000
0.960000
0.960000
0.960000
0.960000
0.960000
0.960000
0.960000
0.960000
0.960000
0.960000
0.960000
0.960000
0.960000
0.960000
0.960000
0.960000
0.960000
0.960000
0.960000
0.960000
0.960000
0.960000
0.960000
0.960000
0.960000
0.960000
0.960000
0.960000
0.960000
0.960000
0.960000
0.960000
0.960000
0.960000
0.960000
0.960000
0.960000
0.960000
0.960000
0.960000
0.960000
0.960000
0.960000
0.960000
0.960000
0.960000
0.960000
0.960000
0.960000
0.960000
0.960000
0.960000
0.960000
0.960000
0.960000
0.960000
0.960000
0.960000
0.960000
0.960000
0.960000
0.960000
0.960000
0.960000
0.960000
0.960000
0.960000
0.960000
0.960000
0.960000
0.960000
0.960000
0.960000
0.960000
0.960000
0.960000
0.960000
0.960000
0.960000
0.960000
0.960000
0.960000
0.960000
0.960000
0.960000
0.960000
0.960000
0.960000
0.960000
0.960000
0.960000
0.960000
0.960000
0.960000
0.960000
0.960000
0.960000
0.960000
0.960000
0.960000
0.960000
0.960000
0.960000
0.960000
0.960000
0.960000
0.960000
0.960000
0.960000
0.960000
0.960000
0.960000
0.960000
0.960000
0.960000
0.960000
0.960000
0.960000
0.960000
0.960000
0.960000
0.960000
0.960000
0.960000
0.960000
0.960000
0.960000
0.960000
0.960000
0.960000
0.960000
0.960000
0.960000
0.960000
0.960000
0.960000
0.960000
0.960000
0.960000
0.960000
0.960000
0.960000
0.960000
0.960000
0.960000
0.960000
0.960000
0.960000
0.960000
0.960000
0.960000
0.960000
0.960000
0.960000
0.960000
0.960000
0.960000
0.960000
0.960000
0.960000
0.960000
0.960000
0.960000
0.960000
0.960000
0.960000
0.960000
0.960000
0.960000
0.960000
0.960000
0.960000
0.960000
0.960000
0.960000
0.960000
0.960000
0.960000
0.960000
0.960000
0.960000
0.960000
0.960000
0.960000
0.960000
0.960000
0.960000
0.960000
0.960000
0.960000
0.960000
0.960000
0.960000
0.960000
0.960000
0.960000
0.960000
0.960000
0.960000
0.960000
0.960000
0.960000
0.960000
0.960000
0.960000
0.960000
0.960000
0.960000
0.960000
0.960000
0.960000
0.960000
0.960000
0.960000
0.960000
0.960000
0.960000
0.960000
0.960000
0.960000
0.960000
0.960000
0.960000
0.960000
0.960000
0.960000
0.960000
0.960000
0.960000
0.960000
0.960000
0.960000
0.960000
0.960000
0.960000
0.960000
0.960000
0.960000
0.960000
0.960000
0.960000
0.960000
0.960000
0.960000
0.960000
0.960000
0.960000
0.960000
0.960000
0.960000
0.960000
0.960000
0.960000
0.960000
0.960000
0.960000
0.960000
0.960000
0.960000
0.960000
0.960000
0.960000
0.960000
0.960000
0.960000
0.960000
0.960000
0.960000
0.960000
0.960000
0.960000
0.960000
0.960000
0.960000
0.960000
0.960000
0.960000
0.960000
0.960000
0.960000
0.960000
0.960000
0.960000
0.960000
0.960000
0.960000
0.960000
0.960000
0.960000
0.960000
0.960000
0.960000
0.960000
0.960000
0.960000
0.960000
0.978600
0.993300
1.005601
1.012801
1.024801
1.036501
1.038001
1.038001
1.039801
1.047601
1.047601
1.047601
1.047601
1.047601
1.047601
1.047601
1.047601
1.047601
1.047601
1.047601
1.047601
1.047601
1.047601
1.047601
1.047601
1.057801
1.058401
1.058401
1.058401
1.058401
1.039801
1.025101
1.012801
1.005601
1.000201
0.991500
0.990000
0.990000
0.988200
0.980400
0.980400
0.980400
0.980400
0.980400
0.980400
0.980400
0.980400
0.980400
0.980400
0.980400
0.980400
0.980400
0.980400
0.980400
0.980400
0.970200
0.969600
0.969600
0.969600
0.969600
0.969600
0.969600
0.969600
0.969600
0.963000
0.960000
0.960000
0.960000
0.960000
0.960000
0.960000
0.960000
0.960000
0.960000
0.960000
0.960000
0.960000
0.960000
0.960000
0.960000
0.960000
0.960000
0.960000
0.960000
0.960000
0.960000
0.960000
0.960000
0.960000
0.960000
0.960000
0.960000
0.960000
0.960000
0.960000
0.960000
0.960000
0.960000
0.960000
0.960000
0.960000
0.960000
0.960000
0.960000
0.960000
0.960000
0.960000
0.960000
0.960000
0.960000
0.960000
0.960000
0.960000
0.960000
0.960000
0.960000
0.960000
0.960000
0.960000
0.960000
0.960000
0.960000
0.960000
0.960000
0.960000
0.960000
0.960000
0.960000
0.960000
0.960000
0.960000
0.960000
0.960000
0.960000
0.960000
0.960000
0.960000
0.960000
0.960000
0.960000
0.960000
0.960000
0.960000
0.960000
0.960000
0.960000
0.961800
0.963000
0.963000
0.973200
0.975300
0.975300
0.975300
0.975300
0.975300
0.975300
0.975300
0.975300
0.975300
0.988200
0.988800
0.988800
0.988800
0.988800
0.988800
0.988800
0.988800
0.988800
0.988800
0.988800
0.988800
0.988800
0.988800
0.988800
0.988800
0.988800
0.987000
0.985800
0.985800
0.975600
0.973500
0.973500
0.973500
0.974400
0.984900
0.984900
0.984900
0.984900
0.984900
0.972000
0.971400
0.971400
0.971400
0.971400
0.971400
0.971400
0.971400
0.971400
0.971400
0.971400
0.971400
0.971400
0.971400
0.971400
0.971400
0.971400
0.971400
0.971400
0.971400
0.971400
0.971400
0.971400
0.971400
0.970500
0.960000
0.960000
0.960000
0.960000
0.960000
0.960000
0.960000
0.960000
0.960000
0.960000
0.960000
0.960000
0.960000
0.960000
0.960000
0.960000
0.960000
0.960000
0.960000
0.962400
0.962400
0.962400
0.962400
0.962400
0.962400
0.963300
0.967500
0.969900
0.969900
0.969900
0.969900
0.969900
0.969900
0.969900
0.969900
0.969900
0.969900
0.969900
0.969900
0.969900
0.981000
0.981300
0.981300
0.981300
0.981300
0.981300
0.981300
0.981300
0.981300
0.978900
0.978900
0.978900
0.978900
0.978900
0.978900
0.978000
0.973800
0.971400
0.971400
0.971400
0.971400
0.971400
0.971400
0.971400
0.971400
0.971400
0.971400
0.971400
0.971400
0.971400
0.960300
0.961800
0.961800
0.961800
0.961800
0.961800
0.961800
0.961800
0.961800
0.961800
0.961800
0.961800
0.961800
0.961800
0.961800
0.961800
0.961800
0.961800
0.961800
0.961800
0.961800
0.961800
0.961800
0.961800
0.961800
0.961800
0.961800
0.961800
0.961800
0.961800
0.961800
0.960000
0.960000
0.960000
0.960000
0.960000
0.960000
0.960000
0.960000
0.960000
0.960000
0.960000
0.960000
0.960000
0.960000
0.960000
0.960000
0.960000
0.960000
0.960000
0.960000
0.960000
0.960000
0.960000
0.960000
0.961500
0.961500
0.961500
0.961500
0.961500
0.961500
0.961500
0.961500
0.961500
0.961500
0.961500
0.961500
0.961500
0.961500
0.961500
0.961500
0.961500
0.961500
0.961500
0.961500
0.961500
0.961500
0.961500
0.961500
0.961500
0.961500
0.961500
0.961500
0.961500
0.961500
0.960000
0.960000
0.960000
0.960000
0.960000
0.960000
0.960000
0.960000
0.960000
0.960000
0.960000
0.960000
0.960000
0.960000
0.960000
0.960000
0.960000
0.960000
0.960000
0.960000
0.960000
0.960000
0.960000
0.960000
0.960000
0.960000
0.960000
0.960000
0.960000
0.960000
0.960000
0.960000
0.960000
0.960000
0.960000
0.960000
0.960000
0.960000
0.960000
0.960000
0.960000
0.960000
0.960000
0.960000
0.960000
0.960000
0.960000
0.960000
0.960000
0.960000
0.960000
0.960000
0.960000
0.960000
0.960000
0.960000
0.960000
0.960000
0.960000
0.960000
0.960000
0.960000
0.960000
0.960000
0.960000
0.960000
0.960000
0.960000
0.960000
0.960000
0.960000
0.960000
0.960000
0.960000
0.960000
0.960000
0.960000
0.960000
0.960000
0.960000
0.960000
0.960000
0.960000
0.960000
0.960000
0.960000
0.960000
0.960000
0.960000
0.960000
0.960000
0.960000
0.960000
0.960000
0.960000
0.960000
0.960000
0.960000
0.960000
0.960000
0.960000
0.960000
0.960000
0.960000
0.960000
0.960000
0.960000
0.960000
0.960000
0.960000
0.960000
0.960000
0.960000
0.960000
0.960000
0.960000
0.960000
0.960000
0.960000
0.960000
0.960000
0.960000
0.960000
0.960000
0.960000
0.960000
0.960000
0.960000
0.960000
0.960000
0.960000
0.960000
0.960000
0.960000
0.960000
0.960000
0.960000
0.960000
0.960000
0.960000
0.960000
0.960300
0.960300
0.960300
0.960300
0.960300
0.960300
0.960300
0.960300
0.960300
0.960300
0.960300
0.960300
0.960300
0.960300
0.960300
0.960300
0.960300
0.960300
0.960300
0.960300
0.960300
0.960300
0.960300
0.960300
0.960300
0.960300
0.960300
0.960300
0.960300
0.960300
0.960000
0.960000
0.960000
0.960000
0.960000
0.960000
0.960000
0.960000
0.960000
0.960000
0.960000
0.960000
0.960000
0.960000
0.960000
0.960000
0.960000
0.960000
0.960000
0.960000
0.960000
0.960000
0.960000
0.960000
0.960000
0.960000
0.960000
0.960000
0.960000
0.960000
0.960000
0.960300
0.960300
0.960300
0.960300
0.960300
0.960300
0.960300
0.960300
0.960300
0.960300
0.960300
0.960300
0.960300
0.960300
0.960300
0.960300
0.960300
0.960300
0.960300
0.960300
0.960300
0.960300
0.960300
0.960300
0.960300
0.960300
0.960300
0.960300
0.960300
0.960300
0.960000
0.960000
0.960000
0.960000
0.960000
0.960000
0.960000
0.960000
0.960000
0.960000
0.960000
0.960000
0.960000
0.960000
0.960000
0.960000
0.960000
0.960000
0.960000
0.960000
0.960000
0.960000
0.960000
0.960000
0.960000
0.960300
0.960300
0.960300
0.960300
0.960300
0.960300
0.960300
0.960300
0.960300
0.960600
0.960600
0.960600
0.960600
0.970800
0.970800
0.970800
0.970800
0.970800
0.978900
0.982500
0.992400
0.993600
0.993600
0.993600
0.993600
0.993600
0.993600
0.993600
0.993600
0.993600
0.993300
0.993300
0.993300
0.993300
1.010101
1.031401
1.031701
1.031701
1.031701
1.051801
1.057801
1.057801
1.057801
1.047601
1.047601
1.047601
1.048501
1.048501
1.040401
1.036801
1.026901
1.025701
1.025701
1.025701
1.025701
1.025701
1.025701
1.025701
1.025701
1.025701
1.025701
1.025701
1.025701
1.025701
1.008901
0.987600
0.987300
0.987300
0.987300
0.966900
0.960900
0.960900
0.960900
0.960900
0.960900
0.960900
0.960000
0.960000
0.960000
0.960000
0.960000
0.962100
0.962100
0.962100
0.962100
0.962100
0.962100
0.962100
0.962100
0.962100
0.962100
0.962100
0.966600
0.979200
1.004401
1.020901
1.037401
1.053601
1.069201
1.069801
1.069801
1.069801
1.069801
1.069801
1.069801
1.069801
1.069801
1.069801
1.069801
1.069801
1.069801
1.067701
1.067701
1.067701
1.067701
1.067701
1.067701
1.067701
1.067701
1.067701
1.067701
1.067701
1.063201
1.050601
1.025401
1.008901
0.992400
0.977700
0.980400
1.015801
1.048201
1.080602
1.113002
1.128002
1.128002
1.128002
1.128002
1.129802
1.139402
1.139402
1.139402
1.139402
1.139402
1.139402
1.139402
1.139402
1.139402
1.139402
1.139402
1.139402
1.139402
1.139402
1.139402
1.139402
1.139402
1.139402
1.139402
1.137902
1.119602
1.083602
1.051201
1.018801
0.986400
0.975000
1.003801
1.004101
1.004101
1.002301
0.992700
0.992700
0.992700
0.992700
0.992700
0.992700
0.992700
0.992700
1.003501
1.014301
1.048801
1.079702
1.082402
1.082402
1.082402
1.082402
1.082402
1.082402
1.082402
1.082402
1.082402
1.082402
1.082402
1.082402
1.082402
1.094102
1.065301
1.065001
1.065001
1.065001
1.086002
1.118102
1.150203
1.182303
1.214403
1.246504
1.281304
1.314005
1.315205
1.304405
1.269904
1.239004
1.236304
1.236304
1.236304
1.236304
1.236304
1.236304
1.236304
1.236304
1.236304
1.236304
1.236304
1.248004
1.248304
1.233004
1.233004
1.233004
1.233004
1.233004
1.213803
1.195203
1.163403
1.131302
1.110602
1.101602
1.067101
1.034401
1.022401
1.022401
1.022401
1.022401
1.022401
1.022401
1.022401
1.022401
1.022401
1.022401
1.022401
1.022401
1.022401
1.022401
1.026901
1.032301
1.048501
1.064701
1.080902
1.097402
1.113902
1.130102
1.144502
1.148702
1.158303
1.158303
1.146902
1.130102
1.132802
1.132802
1.132802
1.132802
1.132802
1.132802
1.132802
1.132802
1.132802
1.132802
1.132802
1.132802
1.134302
1.134302
1.134302
1.134302
1.130102
1.113002
1.096502
1.080302
1.064101
1.047601
1.031101
1.015201
1.000801
0.983100
0.973200
0.973200
0.973200
0.966900
0.963900
0.963900
0.963900
0.963900
0.963900
0.963900
0.963900
0.963900
0.963900
0.963900
0.963900
0.963900
0.977100
0.993600
1.009501
1.025701
1.041301
1.057501
1.073402
1.089302
1.102802
1.102802
1.102802
1.102502
1.100702
1.100702
1.100702
1.100702
1.101902
1.101902
1.101902
1.101902
1.101902
1.101902
1.101902
1.101902
1.101902
1.101902
1.101902
1.101902
1.101902
1.101902
1.087202
1.070701
1.054801
1.038601
1.022701
1.006501
0.990600
0.974700
0.961200
0.961200
0.961200
0.961200
0.961200
0.961200
0.961200
0.961200
0.960000
0.960000
0.960000
0.960000
0.960000
0.960000
0.960000
0.960000
0.960000
0.960000
0.960000
0.960000
0.960000
0.960000
0.960000
0.960000
0.960000
0.960000
0.960000
0.960000
0.960000
0.960000
0.960000
0.960000
0.960000
0.960000
0.960000
0.960000
0.960000
0.960000
0.960000
0.960000
0.960000
0.960000
0.960000
0.960000
0.960000
0.960000
0.960000
0.960000
0.960000
0.960000
0.960000
0.960000
0.960000
0.960000
0.960000
0.960000
0.960000
0.960000
0.960000
0.960000
0.960000
0.960000
0.960000
0.960000
0.960000
0.960000
0.960000
0.960000
0.960000
0.960000
0.960000
0.960000
0.960000
0.960000
0.960000
0.960000
0.960000
0.960000
0.960000
0.960000
0.960000
0.960000
0.960000
0.960000
0.960000
0.960000
0.960000
0.960000
0.960000
0.960000
0.960000
0.960000
0.960000
0.960000
0.960000
0.960000
0.960000
0.960000
0.960000
0.960000
0.960000
0.960000
0.960000
0.960000
0.960000
0.960000
0.960000
0.960000
0.960000
0.960000
0.960000
0.960000
0.960000
0.960000
0.960000
0.960000
0.960000
0.960000
0.960000
0.960000
0.960000
0.960000
0.960000
0.960000
0.960000
0.960000
0.960000
0.960000
0.960000
0.960000
0.960000
0.960000
0.960000
0.960000
0.960000
0.960000
0.960000
0.960000
0.960000
0.960000
0.960000
0.960000
0.960000
0.960000
0.960000
0.960000
0.960000
0.960000
0.960000
0.960000
0.960000
0.960000
0.960000
0.960000
0.960000
0.960000
0.960000
0.960000
0.960000
0.960000
0.960000
0.960000
0.971700
0.972000
0.972000
0.972000
0.972000
0.972000
0.972000
0.972000
0.972000
0.972000
0.972000
0.972000
0.972000
0.972000
0.972000
0.972000
0.972000
0.972000
0.972000
0.972000
0.972000
0.972000
0.972000
0.972000
0.972000
0.972000
0.972000
0.972000
0.972000
0.972000
0.960300
0.960000
0.984600
1.010701
1.037701
1.058401
1.058401
1.058401
1.058401
1.058401
1.058401
1.077902
1.078802
1.078802
1.078802
1.078802
1.078802
1.078802
1.078802
1.078802
1.078802
1.078802
1.086602
1.086602
1.086602
1.086602
1.086602
1.086602
1.086602
1.086602
1.086602
1.092602
1.085402
1.074602
1.062901
1.057201
1.072501
1.087502
1.102802
1.117802
1.129502
1.110002
1.109102
1.109102
1.109102
1.109102
1.109102
1.109102
1.109102
1.109102
1.109102
1.109102
1.101302
1.101302
1.103402
1.104002
1.104002
1.104002
1.104002
1.104002
1.104002
1.098002
1.080602
1.069801
1.054801
1.039801
1.024501
1.009501
0.994200
0.979200
0.967500
0.967500
0.967500
0.967500
0.967500
0.967500
0.967500
0.967500
0.967500
0.967500
0.967500
0.967500
0.967500
0.967500
0.965400
0.964800
0.964800
0.964800
0.964800
0.964800
0.964800
0.964800
0.964800
0.961800
0.962100
0.962100
0.962100
0.962100
0.962100
0.962100
0.962100
0.962100
0.962100
0.962100
0.962100
0.962100
0.965100
0.972900
0.987900
0.993300
0.994500
0.994500
0.994500
0.994500
0.994500
0.994500
0.994500
0.994500
0.994500
0.994500
0.994500
0.994500
0.997500
1.003201
1.002901
1.002901
1.006201
1.034101
1.060501
1.095902
1.119302
1.144802
1.167903
1.170603
1.185603
1.190403
1.191603
1.199703
1.205403
1.221003
1.230304
1.237804
1.241404
1.247704
1.255504
1.260004
1.267504
1.267504
1.268104
1.274404
1.295404
1.304405
1.307405
1.300205
1.306205
1.314005
1.312505
1.284604
1.263604
1.241704
1.239904
1.231804
1.233604
1.254004
1.257604
1.275904
1.292104
1.298104
1.287304
1.266604
1.256104
1.248904
1.245304
1.239004
1.238104
1.236904
1.236304
1.236904
1.236904
1.230604
1.228204
1.237504
1.250404
1.269004
1.281004
1.291804
1.298104
1.298104
1.292704
1.279204
1.257604
1.240204
1.215303
1.192203
1.173603
1.150503
1.130102
1.108202
1.099202
1.109702
1.109702
1.109402
1.109402
1.109402
1.102502
1.099202
1.092302
1.091702
1.091102
1.091102
1.072501
1.054501
1.036501
1.017901
1.001701
0.983700
0.975600
0.975600
0.975600
0.978300
0.982500
0.982500
0.982500
0.982500
0.982500
0.982500
0.982500
0.982500
0.981600
0.970800
0.970800
0.978900
0.981000
0.981000
0.981000
0.981000
0.981000
0.981000
0.981000
0.981000
0.981000
0.980700
0.979800
0.979800
0.977700
0.977100
0.977100
0.977100
0.977100
0.974400
0.970200
0.970200
0.970200
0.970200
0.970200
0.970200
0.970200
0.970200
0.970200
0.970200
0.970200
0.962100
0.960000
0.960000
0.960000
0.960000
0.960000
0.960000
0.960000
0.960000
0.960000
0.960000
0.960000
0.960000
0.960000
0.960000
0.960000
0.960000
0.960000
0.960000
0.960000
0.966900
0.972000
0.972300
0.982200
0.982200
0.982200
0.982200
0.982200
0.982200
0.982200
0.982200
0.982200
0.982200
0.982200
0.982200
0.982200
0.982200
0.982200
0.982200
0.982200
0.982200
0.987900
0.991200
0.991200
0.991200
0.991200
0.991200
0.991200
0.991200
0.991200
0.984300
0.979200
0.978900
0.969000
0.969000
0.969000
0.969000
0.969000
0.969000
0.969000
0.969000
0.980700
0.981000
0.981000
0.981000
0.981000
0.981000
0.981000
0.981000
0.981000
0.981000
0.975300
0.972000
0.972000
0.972000
0.972000
0.972000
0.972000
0.972000
0.972000
0.972000
0.973500
0.984300
0.984300
0.984300
0.984300
0.984300
0.984300
0.984300
0.984300
0.984300
0.972600
0.972300
0.972300
0.972300
0.972300
0.972300
0.972300
0.972300
0.972300
0.972300
0.978300
0.984600
0.984900
0.986400
0.986400
0.986700
0.986700
0.986700
0.986700
0.986700
0.985200
0.974400
0.974400
0.974400
0.974400
0.974400
0.974400
0.974400
0.974400
0.974400
0.975000
0.975300
0.975300
0.976500
0.987300
0.987600
0.987600
0.987600
0.988500
0.988500
0.982500
0.976200
0.975900
0.974400
0.974400
0.974100
0.974100
0.974100
0.974100
0.974100
0.974100
0.974100
0.974100
0.974100
0.979500
0.983700
0.983700
0.983700
0.983700
0.983700
0.983100
0.982800
0.982800
0.981600
0.970800
0.970500
0.970500
0.970500
0.969600
0.969600
0.969600
0.969600
0.969600
0.969600
0.969600
0.969600
0.969600
0.969600
0.969600
0.969600
0.969600
0.969600
0.969600
0.969600
0.964200
0.960000
0.969000
0.971100
0.971100
0.971100
0.971100
0.971100
0.977100
0.982800
0.984000
0.984300
0.984300
0.984300
0.984300
0.984300
0.984300
0.984300
0.984300
0.984300
0.984300
0.984300
0.984300
0.984300
0.984300
0.984300
0.984300
0.984300
0.984300
0.987300
1.014001
1.040701
1.058401
1.083302
1.095002
1.095002
1.095002
1.095002
1.089002
1.083302
1.082102
1.081802
1.081802
1.083002
1.083302
1.094402
1.095302
1.095302
1.095302
1.095302
1.097402
1.111202
1.112402
1.112402
1.112402
1.112402
1.112402
1.112402
1.112402
1.109402
1.082702
1.056001
1.029301
1.002301
0.990600
0.990600
0.990600
0.990600
0.990600
0.990600
0.990600
0.990600
0.990600
0.989400
0.989100
0.978000
0.977100
0.977100
0.977690
0.978322
0.976667
0.961385
0.960000
0.960000
0.960000
0.960000
0.960000
0.960000
0.960000
0.960000
0.960000
0.960000
