0.993012
0.990948
0.989128
0.987510
0.986062
0.984759
0.983580
0.982508
0.981529
0.980632
0.979807
0.979045
0.978340
0.977685
0.977075
0.976506
1.010763
1.022286
1.022286
1.022286
1.022286
1.024155
1.024155
1.024155
1.024155
1.023532
1.007649
1.007649
1.022598
1.042218
1.043463
1.043463
1.043463
1.043463
1.046889
1.047201
1.047201
1.047201
1.047201
1.047201
1.047201
1.047201
1.047201
1.047201
1.047201
1.047201
1.012943
1.001420
1.001420
1.001420
1.001420
0.999552
0.999552
0.999552
0.999552
0.999552
0.999552
0.999552
0.984603
0.964983
0.963737
0.964671
0.964671
0.964671
0.961246
0.960934
0.960934
0.960934
0.960934
0.960934
0.960934
0.960934
0.960934
0.961246
0.961246
0.961246
0.961246
0.961246
0.961246
0.961246
0.961246
0.961246
0.961246
0.961246
0.961246
0.961246
0.961246
0.961246
0.961246
0.961246
0.961246
0.960311
0.960311
0.960311
0.960623
0.960623
0.960623
0.960623
0.960623
0.960623
0.960623
0.960623
0.960623
0.960311
0.960311
0.960311
0.960311
0.960311
0.960311
0.960311
0.960311
0.960311
0.960311
0.960311
0.960311
0.960311
0.960311
0.960311
0.960311
0.960311
0.960311
0.960311
0.960311
0.960311
0.960000
0.960000
0.960311
0.960311
0.960311
0.960311
0.960311
0.960311
0.960311
0.960311
0.960311
0.960311
0.960311
0.960311
0.960311
0.960311
0.960311
0.960311
0.960311
0.960311
0.960311
0.960311
0.960311
0.960311
0.960311
0.960311
0.960623
0.960623
0.960623
0.960623
0.960934
0.960934
0.960623
0.960623
0.960623
0.960623
0.960623
0.960623
0.960623
0.960623
0.960623
0.960623
0.960623
0.960623
0.960623
0.960623
0.960934
0.960934
0.960934
0.960934
0.960934
0.960934
0.960934
0.961246
0.961246
0.961246
0.960934
0.960934
0.960934
0.960934
0.960623
0.960623
0.960623
0.960623
0.960623
0.960623
0.960623
0.960623
0.960623
0.960934
0.960934
0.960934
0.960934
0.960934
0.960934
0.960934
0.960623
0.960623
0.960623
0.960623
0.960623
0.960623
0.960623
0.960311
0.960311
0.960311
0.960623
0.960623
0.960623
0.960623
0.960623
0.960623
0.960623
0.960623
0.960934
0.960934
0.960934
0.960934
0.960934
0.960623
0.960934
0.960934
0.960934
0.960934
0.960934
0.960934
0.960934
0.960934
0.960934
0.961246
0.961246
0.961246
0.961246
0.961246
0.961246
0.961557
0.961246
0.961246
0.961246
0.961246
0.961246
0.961246
0.961557
0.961557
0.961246
0.961246
0.961246
0.961246
0.961557
0.961557
0.961246
0.961246
0.961246
0.961246
0.961246
0.961246
0.961246
0.961246
0.961246
0.960934
0.960934
0.961246
0.961246
0.961246
0.961246
0.960934
0.960934
0.960934
0.960934
0.963426
0.977752
0.977752
0.977440
0.977440
0.977440
0.977440
0.977440
0.977440
0.977129
0.977129
0.977129
0.977129
0.977129
0.977129
0.977129
0.977129
0.977129
0.977129
0.977129
0.977129
0.977129
0.976817
0.976817
0.976817
0.977129
0.977129
0.977129
0.977129
0.977129
0.974637
0.960311
0.960311
0.960311
0.960311
0.960311
0.960311
0.960311
0.960311
0.960311
0.960311
0.960311
0.960311
0.960311
0.960311
0.960311
0.960311
0.960311
0.960311
0.960311
0.960311
0.960311
0.960311
0.960311
0.960311
0.960000
0.960000
0.960000
0.960000
0.960000
0.960000
0.960000
0.960000
0.960000
0.960000
0.960000
0.960000
0.960000
0.960000
0.960000
0.960000
0.960000
0.960000
0.960000
0.960000
0.960000
0.960000
0.960000
0.960000
0.960000
0.960000
0.960000
0.960000
0.960000
0.960000
0.960000
0.960000
0.960000
0.960000
0.960000
0.960000
0.960000
0.960000
0.960000
0.960000
0.960000
0.960000
0.960000
0.960000
0.960000
0.960000
0.960000
0.960000
0.960000
0.960000
0.960000
0.960000
0.960000
0.960000
0.960000
0.960000
0.960000
0.960000
0.960000
0.960000
0.960000
0.960000
0.960000
0.960000
0.960000
0.960000
0.960000
0.960000
0.960000
0.960000
0.960000
0.960000
0.960000
0.960000
0.960000
0.960000
0.960000
0.960000
0.960000
0.960000
0.960000
0.960000
0.960000
0.960000
0.960000
0.960000
0.960000
0.960000
0.960000
0.960000
0.960000
0.960311
0.960311
0.960311
0.960311
0.960311
0.960311
0.960311
0.960311
0.960623
0.960623
0.960623
0.960623
0.960623
0.960623
0.960623
0.960623
0.960623
0.960623
0.960623
0.960623
0.960623
0.960623
0.960623
0.960623
0.960623
0.960623
0.960623
0.960623
0.960623
0.960623
0.960311
0.960311
0.960311
0.960311
0.960311
0.960311
0.960311
0.960623
0.960311
0.960623
0.960623
0.960623
0.960623
0.960623
0.971834
0.990209
1.016057
1.029449
1.040661
1.051561
1.067444
1.067444
1.067444
1.067444
1.067444
1.067755
1.067755
1.067755
1.068066
1.068066
1.068066
1.068066
1.068066
1.068066
1.068066
1.068066
1.068066
1.090801
1.090801
1.111044
1.115404
1.115404
1.115404
1.115404
1.104192
1.085818
1.059969
1.046578
1.035366
1.024466
1.008583
1.008583
1.008583
1.008583
1.008583
1.008272
1.008272
1.008272
1.008272
1.008272
1.008272
1.008272
1.008272
1.008272
1.008272
1.008272
1.008272
0.985226
0.985226
0.964671
0.960311
0.960311
0.960311
0.960311
0.960311
0.960311
0.960311
0.960311
0.960311
0.960311
0.960311
0.960623
0.960623
0.976194
0.976506
0.976506
0.976506
0.987094
0.993012
0.993012
0.993012
0.993012
0.993012
0.993012
0.993012
1.007960
1.009829
1.009829
1.009829
1.009829
1.009829
1.009829
1.009829
1.025089
1.026335
1.026335
1.026335
1.026335
1.026335
1.027892
1.059346
1.087375
1.087375
1.071804
1.071492
1.071492
1.071492
1.060903
1.054675
1.054675
1.054675
1.054675
1.054675
1.054675
1.055609
1.059658
1.088621
1.119141
1.149350
1.179559
1.209456
1.239353
1.269251
1.283888
1.327177
1.358943
1.376383
1.391331
1.406280
1.405969
1.397248
1.394757
1.420294
1.446143
1.471680
1.496906
1.522132
1.527115
1.527738
1.529295
1.529918
1.529918
1.530541
1.530541
1.529606
1.510609
1.484760
1.454240
1.424032
1.393823
1.363925
1.334028
1.304131
1.274233
1.229699
1.197933
1.180493
1.165544
1.150595
1.149350
1.126615
1.100767
1.075229
1.049381
1.023843
0.998617
0.973392
0.968409
0.967786
0.966229
0.965606
0.965606
0.964983
0.964983
0.964983
0.964983
0.960000
0.960000
0.960000
0.960000
0.960000
0.960000
0.960000
0.960000
0.960000
0.960000
0.960000
0.960000
0.960000
0.960000
0.960000
0.960000
0.960000
0.960000
0.960000
0.960000
0.960000
0.960000
0.960000
0.960000
0.960000
0.960000
0.960000
0.960000
0.960000
0.960000
0.960000
0.960000
0.960000
0.960000
0.960000
0.960000
0.960000
0.960000
0.960000
0.960000
0.960000
0.960000
0.960000
0.960000
0.960000
0.960000
0.960000
0.960000
0.960000
0.960000
0.960000
0.960000
0.960000
0.960000
0.960000
0.960000
0.960000
0.960000
0.960000
0.960000
0.960000
0.960000
0.960000
0.960000
0.960000
0.960000
0.960000
0.960000
0.960000
0.960000
0.960000
0.960000
0.960000
0.960000
0.960000
0.960000
0.960000
0.960000
0.960000
0.960000
0.960000
0.960000
0.960000
0.960000
0.960000
0.960000
0.960000
0.960000
0.960000
0.960000
0.960000
0.960000
0.960000
0.960000
0.960000
0.960000
0.960000
0.960000
0.960000
0.960000
0.960000
0.960000
0.960000
0.960000
0.960000
0.960000
0.960000
0.960000
0.960000
0.960000
0.960000
0.960000
0.960000
0.960000
0.960000
0.960000
0.960000
0.960000
0.960000
0.960000
0.960000
0.980243
0.998929
1.001732
1.006715
1.006715
1.006715
1.006715
1.006715
1.006715
1.007960
1.007960
1.007960
1.007960
1.007960
1.007960
1.007960
1.007960
1.007960
1.007960
1.007960
1.007960
1.007960
1.007960
1.007960
1.007960
1.007960
1.007960
1.007960
1.007960
1.007960
0.987717
0.969031
0.966229
0.963114
0.963114
0.963114
0.963426
0.963426
0.963426
0.962180
0.962180
0.962180
0.962180
0.962803
0.963426
0.963426
0.963426
0.963426
0.963426
0.963426
0.963426
0.964983
0.986472
0.986472
0.986472
0.986472
0.986472
0.986472
0.986472
0.986472
0.986472
0.986472
0.986472
0.984603
0.984603
0.984603
0.984292
0.984292
0.984292
0.984292
0.984292
0.984292
0.984292
0.983669
0.983046
0.983046
0.983046
0.983046
0.983046
1.002043
1.013877
1.012320
0.990832
0.990832
0.990832
0.991454
0.991454
0.991766
0.991766
0.991766
0.991766
0.991766
0.991766
0.991766
0.991766
0.991766
0.991766
0.991766
0.991766
0.991766
0.991766
0.991766
0.991766
0.991766
0.991766
0.991766
0.991766
0.991766
0.991766
0.972769
0.976817
0.977440
0.977440
0.977440
0.977440
0.976817
0.976817
0.976506
0.976506
0.976506
0.976506
0.976506
0.976506
0.976506
0.976506
0.976506
0.976506
0.976817
0.976817
0.976817
0.977129
0.977129
0.977129
0.977129
0.977129
0.977129
0.977129
0.977129
0.977440
0.977752
0.961869
0.961246
0.961246
0.961246
0.961246
0.961557
0.961557
0.961557
0.961557
0.961869
0.961869
0.961869
0.962180
0.962180
0.962180
0.962180
0.962180
0.961869
0.961869
0.961869
0.961557
0.961557
0.961557
0.961557
0.961557
0.961557
0.961557
0.961557
0.961246
0.960934
0.960934
0.960934
0.960934
0.960934
0.960934
0.960623
0.960623
0.960623
0.960623
0.960311
0.960311
0.960311
0.960000
0.960000
0.960000
0.960000
0.960311
0.960311
0.965917
0.971211
0.979932
0.984603
0.984603
0.988963
1.002043
1.003912
1.006092
1.006092
1.006092
1.006092
1.006092
1.006092
1.006092
1.006092
1.006092
1.006715
1.008895
1.011075
1.011075
1.011075
1.011075
1.011075
1.011075
1.011075
1.011075
1.011075
1.010763
1.010763
1.005157
0.999863
0.991454
0.986783
0.986783
0.982734
0.969654
0.967786
0.965606
0.965606
0.965606
0.965606
0.965606
0.965606
0.965606
0.965606
0.965606
0.964983
0.962803
0.960934
0.969343
0.974949
0.974949
0.974949
0.974949
0.974949
0.974949
0.974949
0.974949
0.974949
0.977129
0.979620
0.979309
0.979309
0.982734
0.982423
0.982423
0.982423
0.982423
0.982423
0.983357
0.986160
0.986783
0.986783
0.986783
0.986783
0.986783
0.986783
0.986783
0.986472
0.978063
0.974637
0.976506
0.976506
0.976506
0.976506
0.976506
0.976506
0.976506
0.976506
0.974326
0.971834
0.988652
1.004535
1.001109
1.001109
1.002666
1.002977
1.010452
1.011386
1.019172
1.026335
1.035989
1.045955
1.055921
1.065886
1.075852
1.085818
1.095784
1.105749
1.115715
1.123501
1.131287
1.132844
1.136893
1.136893
1.136893
1.136893
1.136893
1.136893
1.136893
1.136893
1.120075
1.116338
1.120387
1.121010
1.119452
1.119141
1.111667
1.110732
1.102012
1.092047
1.091112
1.088309
1.078655
1.068689
1.058723
1.048758
1.038792
1.029760
1.019795
1.009829
1.000175
0.998617
0.994569
0.994569
0.994880
0.994880
0.994880
0.994880
0.994880
0.994880
0.994880
0.982734
0.978997
0.978374
0.978374
0.978374
0.978374
0.978374
0.978374
0.978374
0.969031
0.962180
0.961869
0.961869
0.962491
0.964360
0.964360
0.963426
0.964983
0.965917
0.965917
0.965917
0.965917
0.965917
0.965606
0.965917
0.968097
0.968097
0.968097
0.968097
0.968097
0.968097
0.967786
0.967786
0.967786
0.967786
0.967786
0.970900
0.973392
0.983357
0.991766
0.996437
0.997995
0.997995
1.013566
1.013566
1.018860
1.024155
1.025089
1.024155
1.025712
1.025712
1.025712
1.025712
1.025712
1.025400
1.023220
1.023220
1.023220
1.023220
1.023220
1.023220
1.023220
1.023220
1.023220
1.023220
1.023220
1.020106
1.017615
1.028826
1.037235
1.032252
1.030695
1.031629
1.017303
1.015435
1.015746
1.018238
1.026023
1.028203
1.026646
1.026646
1.026958
1.026958
1.050315
1.058412
1.073672
1.073672
1.073984
1.073984
1.073984
1.073984
1.073984
1.073984
1.073984
1.074295
1.076786
1.078344
1.078344
1.057166
1.040349
1.040349
1.040349
1.039415
1.037546
1.037546
1.032563
1.027580
1.018860
1.016680
1.016680
1.016680
1.016369
1.016369
0.993012
0.984914
0.969654
0.969654
0.969343
0.969343
0.969343
0.969343
0.969343
0.969343
0.969343
0.969031
0.966540
0.964983
0.964983
0.964983
0.964983
0.964983
0.964983
0.964983
0.964983
0.964983
0.964360
0.973703
0.996749
1.000486
1.000486
1.000486
1.000486
1.000486
1.000486
1.000486
1.000486
1.013255
1.022598
1.023220
1.023220
1.023220
1.023220
1.023220
1.023220
1.023220
1.023220
1.023220
1.025712
1.027580
1.027580
1.027580
1.027580
1.027580
1.027580
1.027580
1.027580
1.015435
0.991766
1.006715
1.007649
1.007649
1.007649
1.007649
1.007649
1.007649
1.007649
0.994880
0.985537
0.988029
0.989897
0.989897
0.989897
0.989897
0.989897
0.989897
0.995503
1.031940
1.055609
1.061526
1.061526
1.061526
1.061526
1.061526
1.061526
1.061526
1.061526
1.061526
1.063706
1.046889
1.046266
1.046266
1.046266
1.046266
1.046266
1.046266
1.046266
1.046266
1.046266
1.043152
1.041283
1.041283
1.041283
1.041283
1.041283
1.041283
1.035678
0.999552
0.973392
0.965917
0.965917
0.965917
0.965917
0.965917
0.982112
0.993634
0.993634
0.993634
0.990520
0.988652
0.988340
0.988340
0.988340
0.988340
0.988340
0.988340
0.988340
0.988340
0.988340
0.988652
0.988652
0.988652
0.988652
0.988652
0.988652
0.988652
0.988652
0.988340
0.988340
0.988029
0.988029
0.988029
0.988029
0.988029
0.977752
0.978063
0.978063
0.978374
0.978374
0.978374
0.978374
0.978374
0.978374
0.978374
0.978686
0.978686
0.978686
0.978686
0.978686
0.978374
0.978374
0.978374
0.978374
0.978374
0.978374
0.978374
0.978374
0.978374
0.978374
0.978374
0.978374
0.978374
0.978374
0.978374
0.972769
0.960934
0.960934
0.960623
0.960623
0.960623
0.960623
0.960623
0.976817
0.977440
0.977129
0.977129
0.977129
0.977129
0.977129
0.977129
0.977129
0.977129
0.977129
0.977129
0.977129
0.977129
0.977129
0.977129
0.977129
0.977129
0.977129
0.977129
0.977129
0.977129
0.976817
0.976817
0.976817
0.976817
0.976817
0.976817
0.976817
0.976817
0.960623
0.960000
0.960000
0.960000
0.960000
0.960000
0.960000
0.960000
0.960000
0.960000
0.960000
0.960000
0.960000
0.960000
0.960000
0.960000
0.960000
0.960000
0.960000
0.960000
0.960000
0.960000
0.960000
0.960000
0.960000
0.960000
0.960000
0.960000
0.960000
0.960000
0.960000
0.960000
0.960000
0.960000
0.960000
0.960000
0.960000
0.960000
0.960000
0.960000
0.960000
0.960000
0.960000
0.960000
0.960000
0.960000
0.960000
0.960000
0.960000
0.960000
0.960000
0.960000
0.960000
0.960000
0.960000
0.960000
0.960000
0.960000
0.960000
0.960000
0.960000
0.960000
0.960000
0.960000
0.960000
0.960000
0.960000
0.960000
0.960000
0.960000
0.960000
0.960000
0.960000
0.960000
0.960000
0.960000
0.960000
0.960000
0.960000
0.960000
0.960000
0.960000
0.960000
0.960000
0.960000
0.960000
0.960000
0.960000
0.960000
0.960000
0.960000
0.960000
0.960000
0.960000
0.960000
0.960000
0.960000
0.961246
0.976506
0.976506
0.976506
0.976506
0.976506
0.976506
0.976506
0.976506
0.976506
0.976506
0.976506
0.976506
0.976506
0.976506
0.976506
0.976506
0.976506
0.976506
0.976506
0.976506
0.976506
0.976506
0.976506
0.976506
0.976506
0.976506
0.976506
0.976506
0.976506
0.975260
0.960000
0.960000
0.960000
0.960000
0.960000
0.960000
0.960000
0.960000
0.960000
0.960000
0.960000
0.960000
0.960000
0.960000
0.960000
0.960000
0.960000
0.960000
0.960000
0.960000
0.960000
0.960000
0.960000
0.960000
0.960000
0.960000
0.960000
0.960000
0.960000
0.960000
0.960000
0.960000
0.960000
0.960000
0.960000
0.960000
0.960000
0.960000
0.960000
0.960000
0.960000
0.960000
0.960000
0.960000
0.960000
0.960000
0.960000
0.960000
0.960000
0.960000
0.960000
0.960000
0.960000
0.960000
0.960000
0.960000
0.960000
0.960000
0.960000
0.960000
0.960000
0.960000
0.960000
0.960000
0.960000
0.960000
0.960000
0.960000
0.960000
0.960000
0.960000
0.960000
0.960000
0.960000
0.960000
0.960000
0.960000
0.960000
0.960000
0.960000
0.960000
0.960000
0.960000
0.960000
0.960000
0.960000
0.960000
0.960000
0.960000
0.960000
0.960000
0.960000
0.960000
0.960000
0.960000
0.960000
0.960000
0.960000
0.960000
0.960000
0.960000
0.960000
0.960000
0.960000
0.960000
0.960000
0.960000
0.960000
0.960000
0.960000
0.960000
0.960000
0.960000
0.960000
0.960000
0.960000
0.960000
0.960000
0.960000
0.960000
0.960000
0.960000
0.960000
0.960000
0.960000
0.960000
0.960000
0.960000
0.960000
0.960000
0.960000
0.960000
0.960000
0.960000
0.960000
0.960000
0.960000
0.960000
0.960000
0.960000
0.960000
0.960000
0.960000
0.960000
0.960000
0.960000
0.960000
0.960000
0.960000
0.960000
0.960000
0.960000
0.960000
0.960000
0.960000
0.960000
0.960000
0.960000
0.960000
0.960000
0.960000
0.960000
0.960000
0.960000
0.960000
0.960000
0.960000
0.960000
0.960000
0.960000
0.960000
0.960000
0.960000
0.960000
0.960000
0.960000
0.960000
0.960000
0.960000
0.960000
0.960000
0.960000
0.960000
0.960000
0.960000
0.960000
0.960000
0.960000
0.960000
0.960000
0.960000
0.960000
0.960000
0.960000
0.967786
0.977129
0.977129
0.977129
0.977129
0.977129
0.977129
0.977129
0.977129
0.977129
0.977129
0.977129
0.977129
0.977129
0.977129
0.977129
0.977129
0.977129
0.977129
0.990520
0.993634
0.993634
0.993634
0.993634
0.993634
1.010763
1.010763
1.010763
1.010763
1.010763
1.002977
0.993634
0.993634
0.993634
0.993634
0.993634
0.993634
0.993634
0.993634
0.993634
0.993634
0.993634
0.993634
0.993634
0.993946
0.993946
0.993946
0.993946
0.993946
0.993012
0.994257
0.994257
0.994257
0.994257
0.994257
0.977129
0.977129
0.977129
0.977129
0.977129
0.977129
0.977129
0.977129
0.977129
0.982423
1.000175
1.000175
1.000175
1.000175
1.000175
1.000175
1.000175
1.000175
1.000175
0.999863
0.999863
0.999863
0.999863
0.999863
0.987406
0.983046
0.983046
0.983046
0.983046
0.983046
0.983046
0.983046
0.983046
0.983046
0.983046
0.983046
0.983046
0.983046
0.983046
0.977752
0.960000
0.960000
0.960000
0.960000
0.960000
0.960000
0.960000
0.960000
0.960000
0.960000
0.960000
0.960000
0.960000
0.975260
0.976194
0.976194
0.976194
0.976194
0.976194
0.976194
0.976194
0.976194
0.992389
1.008272
1.008583
1.008583
1.008583
1.008583
1.008583
1.008583
1.013255
1.032563
1.061215
1.077409
1.093292
1.109175
1.125058
1.140630
1.156513
1.172396
1.187967
1.204162
1.215996
1.201047
1.200113
1.200113
1.202604
1.215684
1.215684
1.215684
1.216307
1.216619
1.200424
1.184541
1.184230
1.184230
1.184230
1.184230
1.184230
1.184853
1.180181
1.160873
1.132221
1.116027
1.100144
1.084261
1.068378
1.052806
1.036923
1.021040
1.005469
0.989274
0.977440
0.977129
0.977129
0.977129
0.974637
0.961557
0.961557
0.961557
0.960934
0.960623
0.960623
0.960623
0.960623
0.960623
0.960623
0.960623
0.976194
0.991766
1.008272
1.024155
1.040349
1.056543
1.072426
1.088309
1.090489
1.090489
1.090489
1.090489
1.090489
1.090489
1.090489
1.090489
1.090489
1.090489
1.090489
1.090489
1.090489
1.090489
1.090489
1.095472
1.107618
1.119141
1.130664
1.141875
1.153087
1.164298
1.163987
1.173330
1.182361
1.192016
1.201359
1.210702
1.220356
1.229699
1.234993
1.234993
1.234993
1.234993
1.234993
1.239353
1.241533
1.241533
1.241533
1.241533
1.241533
1.241533
1.241533
1.241533
1.241533
1.236550
1.224405
1.212882
1.201359
1.190147
1.178936
1.167724
1.152464
1.126927
1.101389
1.075852
1.050315
1.024778
0.999240
0.974014
0.966540
0.966540
0.966540
0.966540
0.966540
0.962180
0.960000
0.960000
0.960000
0.960000
0.960000
0.960000
0.960000
0.960000
0.960000
0.960000
0.960000
0.960000
0.960000
0.960000
0.960000
0.960000
0.960000
0.960000
0.960000
0.960000
0.960000
0.960000
0.960000
0.960000
0.960000
0.960000
0.960000
0.960000
0.960000
0.960000
0.960000
0.960000
0.960000
0.960000
0.960000
0.960000
0.960000
0.960000
0.960000
0.960000
0.960311
0.960311
0.960311
0.960311
0.960311
0.960311
0.960311
0.960311
0.960623
0.960623
0.960623
0.960623
0.960623
0.960623
0.960623
0.960623
0.960623
0.960623
0.960623
0.960623
0.960623
0.960623
0.960623
0.960934
0.960934
0.961246
0.961246
0.961246
0.961246
0.975260
0.977440
0.977440
0.977440
0.977440
0.977440
0.977440
0.977440
0.977440
0.977129
0.977129
0.977129
0.977129
0.977129
0.977129
0.977129
0.977129
0.977129
0.984292
0.993946
1.003912
1.012320
1.020729
1.020729
1.020418
1.020418
1.020106
1.020106
1.020106
1.020106
1.006092
1.003600
1.003600
1.003600
1.003600
1.003600
1.003600
1.003600
1.003600
1.003600
1.003600
1.003912
1.003912
1.003912
1.003912
1.003912
1.003912
1.003912
0.996749
0.987094
0.977129
0.968720
0.960311
0.960311
0.960311
0.960311
0.960311
0.960311
0.962803
0.963426
0.963426
0.963426
0.963426
0.963426
0.963426
0.963426
0.963426
0.963426
0.963426
0.963426
0.963426
0.963114
0.963114
0.963114
0.963114
0.963114
0.963114
0.963114
0.963114
0.967474
1.013877
1.034743
1.034743
1.034743
1.034743
1.034743
1.038169
1.038480
1.035989
1.035366
1.037858
1.039726
1.040349
1.040349
1.040349
1.040349
1.040349
1.040349
1.040349
1.040349
1.040349
1.040349
1.040349
1.040349
1.040349
1.040349
1.040349
1.040349
1.040349
1.035989
0.989586
0.968720
0.968720
0.968720
0.968720
0.968720
0.985226
0.992700
0.992700
0.992700
0.990209
0.988340
0.987717
0.987717
0.987717
0.987717
0.987717
0.987717
0.987717
0.987717
0.987717
0.987717
0.987717
0.987717
0.987717
0.987717
0.987717
0.987717
0.987717
0.987717
0.987717
0.987717
0.987717
0.987717
0.987717
0.987717
0.967786
0.960000
0.964983
1.001732
1.029449
1.056232
1.067444
1.094538
1.106684
1.117895
1.129107
1.140318
1.141875
1.141875
1.144990
1.146858
1.147170
1.147170
1.147170
1.147170
1.147170
1.147170
1.147170
1.147170
1.147170
1.147481
1.147481
1.147481
1.147481
1.147481
1.147481
1.147481
1.142498
1.116027
1.113224
1.111355
1.125992
1.125058
1.129730
1.118518
1.107307
1.096095
1.094538
1.094538
1.091424
1.089555
1.089244
1.089244
1.089244
1.089244
1.089244
1.089244
1.089244
1.089244
1.089244
1.088932
1.088932
1.088932
1.088932
1.088932
1.088932
1.088932
1.088932
1.078655
1.053741
1.028826
1.002977
0.976817
0.960000
0.960000
0.960000
0.960000
0.960000
0.960000
0.960000
0.960000
0.975572
0.975883
0.975883
0.975883
0.975883
0.975883
0.975883
0.975883
0.975883
0.975883
0.975883
0.975883
0.975883
0.975883
0.975883
0.975883
0.975883
0.975883
0.975883
0.975883
0.975883
0.975883
0.975883
0.975883
0.975883
0.975883
0.975883
0.975883
0.975883
0.976506
0.960934
0.964360
0.964360
0.964360
0.964360
0.964360
0.964360
0.964360
0.964360
0.964360
0.964360
0.964360
0.964360
0.964360
0.964360
0.964360
0.964360
0.964360
0.969654
0.989897
0.992077
0.992077
0.992077
0.992077
0.992077
0.992077
0.992077
0.992077
0.992077
0.991454
0.991454
0.987717
0.987717
0.987717
0.987717
0.987717
0.987717
0.987717
0.987717
0.987717
0.987717
0.987717
0.987717
0.987717
1.003912
1.003912
1.003912
1.003912
0.998617
0.978374
0.976194
0.976194
0.976194
0.976194
0.976194
0.976194
0.976194
0.976194
0.976194
0.976194
0.976194
0.976194
0.976194
0.976194
0.976194
0.976194
0.983046
0.992700
0.992700
0.992700
0.993012
0.993634
0.993634
0.993634
0.977440
0.978374
0.978374
0.978374
0.978374
0.978374
0.978374
0.978374
0.978374
0.978374
0.978374
0.978374
0.978374
0.978374
0.978374
0.978374
0.978374
0.978374
0.978374
0.978374
0.978374
0.978374
0.971523
0.961869
0.961869
0.961869
0.961557
0.960934
0.960934
0.960934
0.960934
0.960000
0.960000
0.960000
0.960000
0.960000
0.960000
0.960000
0.960934
0.961246
0.961246
0.961246
0.961246
0.964983
0.997995
0.997995
0.997995
0.997995
0.997995
0.997995
0.997995
0.997995
0.997995
0.997995
0.997995
0.997995
0.997995
0.997995
0.997995
1.003600
1.030695
1.046578
1.053118
1.061215
1.071804
1.084261
1.084261
1.084261
1.083326
1.083015
1.083015
1.083015
1.083015
1.079278
1.046266
1.046266
1.046266
1.046266
1.046266
1.046266
1.046266
1.046266
1.046266
1.046266
1.046266
1.046266
1.046266
1.046266
1.046266
1.040661
1.013566
0.999863
0.993323
0.985226
0.974637
0.962180
0.962180
1.012009
1.048758
1.081458
1.082704
1.082704
1.082704
1.082704
1.082704
1.086441
1.086441
1.086441
1.090489
1.115404
1.127238
1.127238
1.127238
1.127238
1.127238
1.127238
1.127238
1.130975
1.130975
1.130975
1.130975
1.128795
1.128795
1.129730
1.130975
1.130975
1.130975
1.081146
1.044398
1.011697
1.015123
1.015123
1.015123
1.015123
1.029449
1.039103
1.039103
1.039103
1.035055
1.010140
0.998306
0.998306
0.999240
0.999240
0.999240
1.008583
1.016057
1.012320
1.012320
1.015123
1.028515
1.028515
1.029449
1.028515
1.027269
1.027269
1.027269
1.027269
1.027269
1.027269
1.022598
1.022598
1.022598
1.022598
1.008272
0.994880
0.994880
0.994880
0.994880
0.994880
0.994880
0.994880
0.993946
0.993946
0.993946
0.984603
0.977129
0.977129
0.977129
0.974326
0.960934
0.960934
0.960000
0.960000
0.960000
0.960000
0.960000
0.960000
0.960000
0.960000
0.960000
0.960000
0.960000
0.960000
0.960000
0.960000
0.960000
0.960000
0.960000
0.960000
0.972457
0.990209
0.990209
0.990209
0.990209
0.990209
0.990209
0.990209
0.990209
0.990209
0.990209
0.990209
0.990209
0.990209
0.990209
0.990209
0.990209
0.990209
0.990209
0.990209
0.990209
0.990209
0.990209
0.990209
0.990209
0.990209
0.990209
0.990209
0.990209
0.990209
0.977752
0.960000
0.960000
0.960000
0.960000
0.960000
0.960000
0.960623
0.960623
0.960623
0.960623
0.960623
0.960623
0.960623
0.960623
0.960623
0.960623
0.960623
0.960623
0.960623
0.960623
0.960623
0.960623
0.960623
0.960623
0.960623
0.960623
0.960934
0.965917
0.967163
0.967163
0.968409
0.968409
0.970900
0.985226
0.985849
1.002355
1.001732
1.002977
1.003289
1.003289
1.003289
1.003289
1.003289
1.008583
1.019795
1.019795
1.019795
1.019795
1.019795
1.019795
1.019795
1.019795
1.020106
1.020106
1.020418
1.021352
1.021040
1.016057
1.014812
1.014812
1.013566
1.013566
1.011075
1.010452
1.012320
1.006715
1.021975
1.036612
1.051872
1.067755
1.083326
1.098898
1.114781
1.122255
1.111044
1.111044
1.111044
1.111044
1.111978
1.120075
1.126927
1.130353
1.132533
1.132533
1.132221
1.131287
1.131287
1.131598
1.133155
1.135958
1.181427
1.225027
1.243090
1.229387
1.226896
1.215996
1.202916
1.187033
1.171773
1.158070
1.144367
1.129107
1.117584
1.121321
1.140007
1.141253
1.141253
1.141253
1.140318
1.134713
1.131910
1.130353
1.127861
1.127861
1.127861
1.127861
1.127861
1.127550
1.125992
1.123190
1.077721
1.058101
1.064952
1.090801
1.116961
1.143121
1.141253
1.141253
1.140941
1.138761
1.136893
1.136581
1.132221
1.115715
1.097029
1.095784
1.095784
1.095784
1.097341
1.111044
1.122567
1.135958
1.151530
1.166790
1.182361
1.197622
1.212882
1.246205
1.269251
1.284511
1.301016
1.290428
1.266448
1.244648
1.218487
1.215996
1.240599
1.266136
1.291985
1.317834
1.320637
1.322194
1.324374
1.324374
1.324374
1.324374
1.324374
1.324374
1.322817
1.306622
1.291051
1.276102
1.263645
1.249319
1.233747
1.218487
1.203227
1.169904
1.146858
1.131598
1.115092
1.101701
1.102635
1.100767
1.100767
1.077098
1.052183
1.026646
1.000797
0.974949
0.972146
0.979620
0.984603
0.984603
0.984603
0.984603
0.984603
0.984603
0.984603
0.984603
0.984603
0.984292
0.981177
0.980243
0.980243
0.980243
0.980243
0.980243
0.980243
0.980243
0.980243
0.980243
0.978374
0.976194
0.976194
0.976194
0.976194
0.976194
0.976194
0.976194
0.976194
0.967163
0.960000
0.960000
0.960000
0.960000
0.960000
0.960000
0.960000
0.960311
0.960311
0.960311
0.960311
0.960311
0.960311
0.960623
0.960623
0.960623
0.960623
0.960623
0.960623
0.960623
0.960623
0.960623
0.960623
0.960623
0.960623
0.960623
0.960623
0.960623
0.960623
0.960623
0.960623
0.960623
0.960623
0.960623
0.960623
0.960623
0.960623
0.960311
0.960311
0.960311
0.960311
0.960311
0.960311
0.960000
0.960000
0.960000
0.960000
0.960000
0.960000
0.960000
0.960000
0.960000
0.960000
0.960000
0.960000
0.960000
0.960000
0.960000
0.960000
0.960000
0.960000
0.960000
0.960000
0.960000
0.960000
0.960000
0.960000
0.960000
0.960000
0.960000
0.960000
0.960000
0.960000
0.960000
0.960000
0.960000
0.960000
0.960000
0.960000
0.960000
0.960000
0.960000
0.960000
0.960000
0.960000
0.960000
0.960000
0.960000
0.960000
0.960000
0.960000
0.960000
0.960000
0.960000
0.960000
0.960000
0.960000
0.960000
0.960000
0.960000
0.960000
0.960000
0.960000
0.960000
0.960000
0.960000
0.960000
0.960000
0.960000
0.960000
0.960000
0.960000
0.960000
0.960000
0.960000
0.960000
0.960000
0.960000
0.960000
0.960000
0.960000
0.960000
0.960000
0.960000
0.960000
0.960000
0.960000
0.960000
0.960000
0.960000
0.960000
0.960000
0.960000
0.960000
0.960000
0.960000
0.960000
0.960000
0.960000
0.960000
0.960000
0.960000
0.960000
0.960000
0.960000
0.960000
0.960000
0.960000
0.960000
0.960000
0.960000
0.960000
0.960000
0.960000
0.960000
0.960000
0.960000
0.960000
0.960000
0.960000
0.960000
0.960000
0.960000
0.960000
0.960000
0.960000
0.960000
0.960000
0.960000
0.960000
0.960000
0.960000
0.960000
0.960000
0.960000
0.960000
0.960000
0.960000
0.960000
0.960000
0.960000
0.960000
0.960000
0.960000
0.960000
0.960000
0.960000
0.960000
0.960000
0.960000
0.960000
0.960000
0.960000
0.960000
0.960000
0.960000
0.960000
0.960000
0.960000
0.960000
0.960000
0.960000
0.960000
0.960000
0.960000
0.960000
0.960000
0.960000
0.960000
0.960000
0.960000
0.960000
0.960000
0.960000
0.960000
0.960000
0.960000
0.960000
0.960000
0.960000
0.960000
0.960000
0.960000
0.960000
0.960000
0.960000
0.960000
0.960000
0.960000
0.960000
0.960000
0.960000
0.960000
0.960000
0.960000
0.960000
0.960000
0.960000
0.960000
0.960000
0.960000
0.960000
0.960000
0.960000
0.960000
0.960000
0.960000
0.960000
0.960000
0.960000
0.960000
0.960000
0.960000
0.960000
0.960000
0.960000
0.960000
0.960000
0.960000
0.960000
0.960000
0.960000
0.960000
0.960000
0.960000
0.960000
0.960000
0.960000
0.960000
0.960000
0.960000
0.960000
0.960000
0.960000
0.960000
0.960000
0.960000
0.960000
0.960000
0.960000
0.960000
0.960000
0.960000
0.960000
0.960000
0.960000
0.960000
0.960000
0.960000
0.960000
0.960000
0.960000
0.960000
0.960000
0.960000
0.960000
0.960000
0.960000
0.960000
0.960000
0.960000
0.960000
0.960000
0.960000
0.960000
0.960000
0.960000
0.960000
0.960000
0.960000
0.960000
0.960000
0.960000
0.960000
0.960000
0.960000
0.960000
0.960000
0.960000
0.960000
0.960000
0.960000
0.960000
0.960000
0.960000
0.960000
0.960000
0.960000
0.960000
0.960000
0.960000
0.960000
0.960000
0.960000
0.960000
0.960000
0.960000
0.960000
0.960000
0.960000
0.960000
0.960000
0.960000
0.960000
0.960000
0.960000
0.960000
0.960000
0.960000
0.960000
0.960000
0.960000
0.960000
0.960000
0.960000
0.960000
0.960000
0.968097
0.976194
0.976194
0.976194
0.976194
0.976194
0.976194
0.977440
0.977440
0.978997
0.993634
0.993946
0.993946
0.993946
0.993946
0.994257
0.994257
0.994257
0.994569
0.994569
0.994569
0.994569
0.994569
0.994569
0.994569
0.994569
0.994569
0.994569
0.994569
0.994569
0.986783
0.978686
0.978686
0.978686
0.978997
0.978997
0.978997
0.977752
0.977752
0.976194
0.961557
0.961557
0.961557
0.961557
0.961557
0.961246
0.961246
0.961246
0.960934
0.960934
0.960934
0.960934
0.960934
0.960934
0.960934
0.960934
0.960934
0.960934
0.960934
0.960934
0.960623
0.960623
0.960623
0.960623
0.960311
0.960311
0.960311
0.960311
0.960311
0.960311
0.960311
0.960000
0.960311
0.960311
0.960311
0.960311
0.960311
0.960311
0.960623
0.976817
0.976817
0.983046
0.999552
1.015746
1.031629
1.047823
1.057789
1.057789
1.057789
1.057789
1.058101
1.058101
1.058101
1.058101
1.058101
1.058723
1.058723
1.075852
1.075852
1.075852
1.075852
1.075852
1.075541
1.076164
1.077409
1.077409
1.077409
1.077409
1.077098
1.060903
1.060903
1.054675
1.038169
1.021975
1.006092
0.989897
0.979932
0.996126
0.996126
0.996126
0.995815
0.995815
0.995815
0.995815
0.995815
0.995192
0.996437
0.979309
0.979309
0.979309
0.979309
0.979309
0.979309
0.978686
0.977440
0.977440
0.977752
0.977752
0.977752
0.977752
0.977752
0.977752
0.977752
0.977752
0.977752
0.977752
0.977752
0.961557
0.961557
0.961557
0.961557
0.961557
0.961557
0.961557
0.961557
0.961557
0.988963
1.005469
1.021663
1.037546
1.053741
1.069624
1.085818
1.101701
1.117272
1.133155
1.148727
1.163676
1.179559
1.195130
1.211013
1.226896
1.242468
1.258350
1.270185
1.270185
1.270185
1.270185
1.270185
1.270185
1.270185
1.270808
1.282019
1.293542
1.304754
1.317522
1.299771
1.294476
1.289494
1.288248
1.297591
1.307245
1.316899
1.326554
1.336831
1.346485
1.350222
1.335274
1.319391
1.303819
1.287936
1.272053
1.256482
1.240910
1.229076
1.229076
1.229076
1.229076
1.229076
1.229076
1.229076
1.228453
1.217242
1.205719
1.194507
1.181739
1.170838
1.159627
1.148415
1.133778
1.108241
1.082704
1.056855
1.031318
1.005469
0.979932
0.960311
0.960311
0.960311
0.960311
0.960311
0.960311
0.960311
0.960000
0.960000
0.960000
0.960000
0.960000
0.960000
0.960000
0.960000
0.962803
0.962803
0.966851
0.968409
0.968409
0.968409
0.968409
0.968409
0.983980
0.991454
0.992389
0.992389
0.992389
0.992389
0.992389
0.992389
0.992389
0.992389
0.992389
0.992389
0.992389
0.992389
0.992389
0.992389
0.992389
0.992389
0.992389
0.992389
0.992389
0.992389
0.989586
0.989586
0.985537
0.983980
0.983980
0.983980
0.983980
0.983980
0.968409
0.960934
0.960000
0.960000
0.960000
0.960000
0.960000
0.960000
0.960000
0.960000
0.960000
0.960000
0.960000
0.960000
0.960000
0.960000
0.960000
1.003600
1.052495
1.099209
1.142498
1.168658
1.176444
1.178313
1.178313
1.178313
1.204473
1.215996
1.227519
1.238730
1.254613
1.267071
1.278282
1.289494
1.300394
1.305065
1.305065
1.305065
1.305065
1.305065
1.305065
1.305065
1.305065
1.305065
1.305065
1.305065
1.305065
1.261465
1.212570
1.165856
1.122567
1.096407
1.101389
1.127550
1.154956
1.185164
1.189213
1.207899
1.226585
1.235927
1.222536
1.210079
1.198867
1.189836
1.178936
1.174264
1.176444
1.176444
1.176444
1.176444
1.176444
1.176444
1.176444
1.176444
1.176444
1.176444
1.176444
1.176444
1.176444
1.176444
1.176444
1.176444
1.163676
1.135647
1.108241
1.078032
1.047823
1.017615
0.987406
0.966851
0.964360
0.964360
0.964360
0.962180
0.962180
0.962180
0.960000
0.960000
0.960000
0.960000
0.960000
0.960000
0.960000
0.960000
0.960000
0.960000
0.960000
0.960000
0.960000
0.960000
0.960000
0.960000
0.960000
0.960000
0.960000
0.960000
0.960000
0.960000
0.960000
0.960000
0.960000
0.960000
0.960000
0.960000
0.960000
0.960000
0.960000
0.960000
0.960000
0.960000
0.960000
0.960000
0.960000
0.960000
0.960000
0.960000
0.960000
0.960000
0.960000
0.960000
0.960000
0.960000
0.960000
0.960000
0.960000
0.960000
0.960000
0.960000
0.960000
0.960000
0.960000
0.960000
0.960000
0.960000
0.960000
0.960000
0.960000
0.960000
0.960000
0.960000
0.960000
0.960000
0.960000
0.960000
0.960000
0.960000
0.960000
0.960000
0.960000
0.960000
0.960000
0.960000
0.960000
0.960000
0.960000
0.960000
0.960000
0.960000
0.960000
0.960000
0.960000
0.960000
0.960000
0.960000
0.960000
0.960000
0.960000
0.960000
0.960000
0.960000
0.960000
0.960000
0.960000
0.960000
0.960000
0.960000
0.960000
0.967474
0.989586
0.998617
0.998617
0.998617
0.998617
0.998617
0.998929
1.010452
1.030695
1.031318
1.031318
1.031318
1.031318
1.032252
1.033809
1.035989
1.044398
1.045332
1.045643
1.064018
1.079278
1.079278
1.079278
1.079278
1.079278
1.079278
1.079278
1.080524
1.097652
1.094538
1.076164
1.067132
1.067132
1.083015
1.083015
1.083326
1.083015
1.071492
1.051249
1.050626
1.050626
1.050626
1.050626
1.049692
1.048135
1.045955
1.037546
1.036612
1.038480
1.027269
1.012009
1.012320
1.012632
1.012632
1.012632
1.013877
1.039103
1.041283
1.041595
1.059969
1.073361
1.073361
1.073361
1.057478
1.057478
1.057166
1.057166
1.057166
1.061526
1.070246
1.078655
1.089867
1.112290
1.118207
1.133778
1.145613
1.152153
1.152153
1.149973
1.149350
1.151218
1.150907
1.150595
1.150595
1.150907
1.156513
1.133778
1.130353
1.112912
1.090178
1.073049
1.073049
1.073049
1.073049
1.073049
1.073049
1.073049
1.088621
1.084572
1.075852
1.067444
1.056232
1.033809
1.027892
1.012320
1.000486
0.993946
1.020106
1.026646
1.020106
1.018238
1.018238
1.018238
1.018238
1.017926
1.011075
1.008583
1.008583
1.008583
1.008583
1.008583
1.008583
1.008583
1.008583
1.008583
1.008583
1.008583
0.993012
0.992700
0.992700
0.992700
0.992700
0.992700
0.992700
0.993012
0.993012
0.993012
0.966851
0.960311
0.960311
0.960311
0.960311
0.960311
0.960311
0.960311
0.960311
0.960311
0.960311
0.960311
0.960311
0.960311
0.960311
0.960311
0.960311
0.960311
0.960311
0.960311
0.960311
0.960311
0.960311
0.960311
0.960311
0.960311
0.960311
0.960000
0.960000
0.960000
0.960000
0.960000
0.960000
0.960000
0.960000
0.960000
0.960311
0.960311
0.964983
0.978063
0.978063
0.978063
0.978063
0.978063
0.978063
0.978063
0.978063
0.978063
0.978063
0.978063
0.978063
0.978063
0.978063
0.978063
0.978063
0.978063
0.978063
0.978063
0.978063
0.978063
0.978063
0.990520
0.994257
0.994257
0.994257
0.994257
0.993946
0.993946
0.989274
0.976194
0.976194
0.976194
0.976194
0.976194
0.976194
0.976194
0.976194
0.976194
0.976194
0.976194
0.976194
0.979620
0.993323
0.993323
0.993323
0.993323
0.993323
0.993323
0.993323
0.993323
0.993323
0.980866
0.993323
0.993634
0.993634
0.994569
0.994569
0.994569
0.994569
0.994569
0.994569
0.994569
0.994569
0.994569
0.994569
0.994569
0.994569
0.994569
0.994569
0.994569
0.994569
0.991143
0.977440
0.977440
0.977440
0.977440
0.977440
0.977440
0.977440
0.977440
0.977440
0.977440
0.961246
0.960934
0.960934
0.960000
0.960000
0.960000
0.960000
0.960000
0.960000
0.960000
0.960000
0.960000
0.960000
0.960000
0.960000
0.960000
0.960000
0.960000
0.960000
0.960000
0.960000
0.960000
0.960000
0.960000
0.960000
0.960000
0.960000
0.960000
0.960000
0.960000
0.960000
0.960000
0.960000
0.960000
0.960000
0.960000
0.960000
0.960000
0.960000
0.960000
0.960000
0.960000
0.969031
0.992389
0.992700
0.992700
0.992700
1.008272
1.008583
1.008583
1.008583
1.008583
1.008583
1.008583
1.008583
1.008583
1.008583
1.008583
1.008583
1.008583
1.008583
1.008583
1.008583
1.008583
1.008583
1.008583
1.008583
1.008583
1.008583
1.012320
1.012320
1.012320
1.003289
0.979932
0.979620
0.979620
0.979620
0.964049
0.963737
0.963737
0.963737
0.963737
0.963737
0.963737
0.963737
0.963737
0.964360
0.964360
0.964360
0.964360
0.964360
0.964360
0.964360
0.964360
0.964360
0.964360
0.964360
0.964360
0.964360
0.960623
0.960623
0.960623
0.960623
0.960623
0.960623
0.960623
0.960623
0.960623
0.960623
0.960623
0.960623
0.960623
0.960623
0.960623
0.960623
0.960623
0.960000
0.960000
0.960000
0.960000
0.960000
0.960000
0.960000
0.960000
0.960000
0.960000
0.960000
0.960000
0.960000
0.960000
0.960000
0.960000
0.960000
0.960000
0.960000
0.960000
0.960000
0.960000
0.960000
0.960000
0.960000
0.960000
0.960000
0.960000
0.960000
0.976506
0.976506
0.976506
0.976506
0.976506
0.976506
0.976506
0.976506
0.976506
0.976506
0.993012
1.001420
1.001420
1.001420
1.001420
1.003289
1.003289
1.003289
1.003289
1.003289
1.003289
1.003289
1.005469
1.025089
1.038480
1.038480
1.038480
1.038480
1.038480
1.038480
1.021975
1.021975
1.021975
1.021975
1.022909
1.025712
1.025712
1.025712
1.025712
1.025712
1.009206
1.011075
1.017303
1.017303
1.017303
1.015435
1.015435
1.015435
1.015435
1.015435
1.015435
1.015435
1.013255
0.993634
0.981177
1.013566
1.053429
1.113847
1.141875
1.168658
1.195130
1.222225
1.250876
1.268628
1.267693
1.264891
1.264891
1.264891
1.264891
1.264891
1.264891
1.254613
1.248385
1.248385
1.248385
1.248385
1.248696
1.248696
1.248696
1.248696
1.249008
1.249008
1.249008
1.249008
1.248073
1.215684
1.175821
1.115404
1.087375
1.060903
1.034432
1.007337
0.978997
0.961246
0.961246
0.961246
0.961246
0.961246
0.961246
0.961246
0.961246
0.961246
0.961246
0.961246
0.961246
0.961246
0.961246
0.961246
0.961246
0.961246
0.960934
0.974949
0.976817
0.976817
0.976817
0.976817
0.976817
0.976817
0.976817
0.976506
0.976506
0.976506
0.976194
0.976194
0.976194
0.976194
0.976194
0.976194
0.976194
0.976194
0.976194
0.976194
0.976194
0.976194
0.976194
0.976194
0.975883
0.975883
0.975883
0.975883
0.975883
0.961869
0.960000
0.960000
0.960000
0.960000
0.960000
0.960000
0.960000
0.960000
0.960000
0.960000
0.960000
0.960000
0.966229
0.976194
0.976194
0.976194
0.976194
0.976194
0.976194
0.976194
0.976194
0.976194
0.976194
0.976194
0.976194
0.976194
0.976194
0.976194
0.976194
0.976194
0.976194
0.976506
0.976506
0.976506
0.976506
0.976506
0.976506
0.976506
0.976506
0.976506
0.976506
0.976506
0.970277
0.960623
0.960623
0.960623
0.960623
0.960623
0.960623
0.960623
0.960623
0.960623
0.960623
0.960623
0.960623
0.960623
0.960623
0.960623
0.960623
0.960623
0.960623
0.960311
0.960311
0.960311
0.960623
0.960623
0.960623
0.960623
0.960623
0.960623
0.960623
0.960623
0.960934
0.960623
0.960623
0.960623
0.960623
0.960623
0.960623
0.960623
0.960623
0.960623
0.960623
0.960623
0.960623
0.960623
0.960623
0.960623
0.960623
0.960623
0.960623
0.960623
0.960623
0.960623
0.960311
0.960311
0.960311
0.960311
0.960311
0.960311
0.960311
0.960311
0.960000
0.960000
0.960000
0.960000
0.960000
0.960000
0.960000
0.960000
0.960000
0.960000
0.960000
0.960000
0.960000
0.960000
0.960000
0.960000
0.960000
0.960000
0.960000
0.960000
0.960000
0.960000
0.960000
0.960000
0.960000
0.960000
0.960000
0.960000
0.960000
0.960000
0.960000
0.960000
0.960000
0.960000
0.960000
0.960000
0.960000
0.960000
0.960311
0.960311
0.960311
0.960311
0.960311
0.960311
0.960311
0.960311
0.960311
0.960311
0.960311
0.960311
0.960311
0.960311
0.960311
0.960311
0.960311
0.960311
0.960311
0.960311
0.960311
0.960311
0.960311
0.960311
0.960311
0.960311
0.960311
0.960311
0.960311
0.960311
0.960000
0.960000
0.960000
0.960000
0.960000
0.960000
0.960000
0.960000
0.960000
0.960000
0.960000
0.960000
0.960000
0.960000
0.960000
0.960000
0.960000
0.960000
0.960000
0.960000
0.960000
0.960000
0.960000
0.960000
0.960000
0.960000
0.960000
0.960000
0.960000
0.960000
0.960000
0.960000
0.960000
0.960000
0.960000
0.960000
0.960000
0.960000
0.960000
0.960000
0.960000
0.960000
0.960000
0.960000
0.960000
0.960000
0.960000
0.960000
0.960000
0.960000
0.960000
0.960000
0.960000
0.960000
0.960000
0.960000
0.960000
0.960000
0.960000
0.960000
0.960000
0.960000
0.960000
0.960000
0.960000
0.960000
0.960000
0.960000
0.960000
0.960000
0.960000
0.960000
0.960000
0.960000
0.960000
0.960000
0.960000
0.960000
0.960000
0.960000
0.960000
0.960000
0.960000
0.960000
0.960000
0.960000
0.960000
0.960000
0.960000
0.960000
0.960000
0.960000
0.960000
0.960000
0.960000
0.960000
0.960000
0.960000
0.960000
0.960000
0.960000
0.960000
0.960000
0.960000
0.960000
0.960000
0.960000
0.960000
0.960000
0.960000
0.960000
0.960000
0.960000
0.960000
0.960000
0.960000
0.960000
0.960000
0.960000
0.960000
0.960000
0.960000
0.960000
0.960000
0.960000
0.960000
0.960000
0.960000
0.960000
0.960000
0.960000
0.960000
0.960000
0.960000
0.960000
0.960000
0.960000
0.960000
0.960000
0.960000
0.960000
0.960000
0.960000
0.960000
0.960000
0.960000
0.960000
0.960000
0.960000
0.960000
0.960000
0.960000
0.960000
0.960000
0.960000
0.960000
0.960000
0.960000
0.960000
0.960000
0.960000
0.960000
0.960000
0.960000
0.960000
0.960000
0.960000
0.960000
0.960000
0.960000
0.960000
0.960000
0.960000
0.960000
0.960000
0.960000
0.960000
0.960000
0.960000
0.960000
0.960000
0.960000
0.960000
0.960000
0.960000
0.960000
0.960000
0.960000
0.960000
0.960000
0.960000
0.960000
0.960000
0.960000
0.960000
0.960000
0.960000
0.960000
0.960000
0.960000
0.960000
0.960000
0.960000
0.960000
0.960000
0.960000
0.960311
0.960311
0.960311
0.960311
0.960311
0.960311
0.960311
0.960311
0.960311
0.960311
0.983357
0.983669
0.983669
0.983669
0.983669
0.983669
0.983669
0.983669
0.983669
0.983669
0.983669
0.983669
0.983669
0.983669
0.983669
0.983669
0.983669
0.983669
0.983669
0.983669
0.983357
0.983357
0.983357
0.983357
0.983357
0.983357
0.983357
0.983357
0.983357
0.983357
0.969031
0.976194
0.976194
0.976194
0.976194
0.976194
0.977129
0.977129
0.977129
0.993012
0.993634
0.993634
0.993634
0.993634
0.993634
0.993634
0.993634
0.993634
0.993634
0.993634
0.993634
0.993634
0.993634
0.993634
0.993634
0.993634
0.993634
0.993634
0.993634
0.993634
0.984914
0.977440
0.977440
0.977440
0.977440
0.977440
0.976506
0.976506
0.976506
0.960623
0.960000
0.960000
0.960000
0.960000
0.960000
0.960000
0.960000
0.960000
0.960000
0.960000
0.960000
0.960000
0.960000
0.960000
0.960000
0.960000
0.960000
0.960000
0.960000
0.960000
0.960000
0.960000
0.960000
0.960000
0.960000
0.960000
0.960000
0.960000
0.960000
0.960000
0.960000
0.960000
0.960000
0.960000
0.960000
0.960000
0.960000
0.960000
0.960000
0.960000
0.960000
0.960000
0.960000
0.960000
0.960000
0.960000
0.960000
0.960000
0.960000
0.960000
0.960000
0.975883
0.993634
1.003289
1.003289
1.003289
1.003289
1.003912
1.003912
1.005469
1.006403
1.006403
1.006403
1.006403
1.006403
1.006403
1.006403
1.006403
1.006403
1.006403
1.006403
1.006403
1.006403
1.006403
1.013877
1.023220
1.023220
1.023220
1.023220
1.023220
1.023532
1.007649
0.989897
0.980243
0.980243
0.989274
0.996126
0.995503
0.995503
0.993946
0.995192
1.007337
1.022909
1.048758
1.074295
1.099832
1.125681
1.150907
1.176444
1.191393
1.191393
1.191393
1.191393
1.191393
1.183919
1.174576
1.174576
1.174576
1.174576
1.174576
1.174264
1.174264
1.174264
1.174264
1.174264
1.165233
1.158381
1.158381
1.158381
1.158381
1.156201
1.144055
1.128484
1.102635
1.077098
1.051561
1.025712
1.000486
0.974949
0.960000
0.988029
1.004535
1.021040
1.037235
1.053429
1.069312
1.072738
1.072738
1.072738
1.072738
1.072738
1.072738
1.072738
1.072738
1.072738
1.072738
1.072738
1.072738
1.077098
1.079278
1.079278
1.083015
1.085818
1.087064
1.087064
1.087064
1.087064
1.087064
1.087064
1.087064
1.059035
1.042529
1.026023
1.009829
0.993634
0.977752
0.974326
0.974326
0.974326
0.974326
0.974326
0.974326
0.974326
0.974326
0.974326
0.974326
0.974326
0.974326
0.969966
0.967786
0.967786
0.964049
0.961246
0.960000
0.960000
0.960000
0.960000
0.960000
0.960000
0.960000
0.960000
0.960000
0.960000
0.960000
0.960000
0.960000
0.960000
0.960000
0.960000
0.960000
0.960000
0.960000
0.960000
0.960000
0.960000
0.960000
0.960000
0.960000
0.960000
0.960000
0.960000
0.960000
0.960000
0.960000
0.960000
0.960000
0.973392
0.976506
0.976506
0.976506
0.976506
0.976506
0.980243
0.981800
0.981800
0.981800
0.981800
0.981800
0.981800
0.984292
0.986472
0.986472
0.986472
0.986472
0.986472
0.986472
0.986472
0.986472
0.986472
0.986472
0.986472
0.986472
0.986472
0.986472
0.986472
0.986472
0.973080
0.969966
0.969966
0.969966
0.969966
0.969966
0.966229
0.964671
0.964671
0.964671
0.964671
0.964671
0.964671
0.962180
0.960000
0.960311
0.960311
0.960311
0.960311
0.960311
0.960311
0.960311
0.960311
0.960623
0.960623
0.960623
0.960623
0.960623
0.960623
0.960623
0.960623
0.960623
0.960623
0.960623
0.960623
0.960623
0.960623
0.960623
0.960623
0.960623
0.960623
0.960623
0.960623
0.960623
0.960623
0.960311
0.960311
0.960311
0.960311
0.960311
0.960311
0.960311
0.960311
0.960000
0.960000
0.960311
0.960311
0.960311
0.960311
0.960311
0.960311
0.960311
0.960311
0.960311
0.960311
0.960623
0.960623
0.960623
0.960623
0.960623
0.960623
0.960623
0.960623
0.960623
0.960934
0.960934
0.960934
0.960934
0.960934
0.960934
0.960934
0.960934
0.960934
0.960934
0.960934
0.960623
0.960623
0.960623
0.960623
0.960623
0.960623
0.960623
0.960623
0.960623
0.960623
0.960311
0.960311
0.960623
0.960623
0.960623
0.960623
0.960623
0.960623
0.960623
0.960311
0.960311
0.960311
0.960311
0.960311
0.960311
0.960311
0.960311
0.960311
0.960311
0.960311
0.960311
0.960311
0.960311
0.960311
0.960311
0.960311
0.960311
0.960311
0.960311
0.960311
0.960311
0.960311
0.960000
0.960000
0.960000
0.960000
0.960000
0.960000
0.960000
0.960000
0.960000
0.960000
0.960000
0.960000
0.960000
0.960000
0.960000
0.960000
0.960000
0.960000
0.960000
0.960000
0.960311
0.960311
0.960311
0.960311
0.960311
0.960311
0.960311
0.960311
0.960311
0.960311
0.960311
0.960311
0.960311
0.960311
0.960311
0.960311
0.960311
0.960311
0.960311
0.960311
0.960311
0.960311
0.960311
0.960311
0.960311
0.960311
0.960311
0.960311
0.960311
0.960311
0.960000
0.960000
0.960000
0.960000
0.960000
0.960000
0.960000
0.960000
0.960000
0.960000
0.960000
0.960000
0.960000
0.960000
0.960000
0.960000
0.960000
0.960000
0.960000
0.960000
0.960000
0.960000
0.960000
0.960000
0.960000
0.960000
0.960000
0.960000
0.960000
0.960000
0.960000
0.960000
0.960000
0.960000
0.960000
0.960311
0.960311
0.960311
0.960311
0.960311
0.960311
0.960311
0.960311
0.960311
0.960311
0.960311
0.960311
0.960311
0.960311
0.960311
0.960311
0.960311
0.960311
0.960311
0.960311
0.960311
0.960311
0.960311
0.960311
0.960311
0.960311
0.960311
0.960311
0.960311
0.960311
0.960000
0.960000
0.960000
0.960000
0.960000
0.960000
0.960000
0.960000
0.960000
0.960000
0.960000
0.960000
0.960000
0.960000
0.960000
0.960000
0.960000
0.960000
0.960000
0.960000
0.960000
0.960000
0.960000
0.960000
0.960000
0.960000
0.960000
0.960000
0.960000
0.960000
0.960000
0.960000
0.960000
0.960000
0.960000
0.960000
0.960000
0.960000
0.960000
0.960000
0.960000
0.960000
0.960000
0.960000
0.960000
0.960000
0.973392
0.976194
0.976194
0.976194
0.976194
0.976194
0.976194
0.976194
0.993012
0.993012
0.993012
0.993012
0.993012
0.993012
0.993012
0.993323
1.039103
1.085507
1.100767
1.102947
1.102947
1.107618
1.108241
1.108241
1.108241
1.108241
1.108241
1.108241
1.108241
1.108241
1.094849
1.092047
1.092047
1.092047
1.101389
1.125992
1.150907
1.176444
1.176444
1.176444
1.176444
1.176444
1.176444
1.176444
1.176444
1.176133
1.130353
1.083949
1.068689
1.066509
1.066509
1.061838
1.061215
1.061215
1.061215
1.061215
1.061526
1.061526
1.061526
1.061526
1.061526
1.061526
1.062772
1.062772
1.053429
1.028826
1.003912
0.978997
0.962180
0.962180
0.962180
0.962180
0.962180
0.962180
0.962180
0.962180
0.962180
0.962180
0.962180
0.962180
0.963426
0.963426
0.981177
0.991143
0.991143
0.991143
0.991766
1.016680
1.041595
1.067444
1.087375
1.087375
1.087064
1.087064
1.087064
1.095784
1.103569
1.102947
1.105438
1.105438
1.105438
1.105438
1.105438
1.105438
1.105438
1.105438
1.105438
1.105438
1.105438
1.105438
1.118830
1.121010
1.103258
1.093292
1.093292
1.093292
1.092358
1.067444
1.042529
1.016680
0.996749
1.012632
1.011697
1.011697
1.011697
1.002977
0.995192
0.995192
0.992700
0.992700
0.993012
0.993012
0.993012
0.993012
0.993012
0.993012
0.993012
0.993012
0.993012
0.993012
0.978374
0.976194
0.976194
0.976194
0.976194
0.976194
0.976194
0.976194
0.976194
0.976194
0.976194
0.960311
0.960623
0.960623
0.960623
0.960934
0.960934
0.960934
0.960934
0.961246
0.960934
0.960934
0.960934
0.960934
0.960934
0.961557
0.961557
0.963114
0.963114
0.963114
0.963114
0.963114
0.963114
0.963114
0.963114
0.963114
0.964360
0.964360
0.964360
0.964360
0.964360
0.964360
0.964049
0.964049
0.964049
0.963737
0.963737
0.963737
0.963737
0.963426
0.963426
0.965606
0.965606
0.965606
0.965606
0.964983
0.964983
0.963426
0.963426
0.963426
0.963426
0.963426
0.964049
0.964049
0.964049
0.964049
0.962803
0.962803
0.962803
0.962803
0.962803
0.962803
0.962803
0.962803
0.962803
0.962803
0.962803
0.962803
0.962803
0.962803
0.962803
0.961246
0.961246
0.961246
0.961246
0.961246
0.962491
0.971211
0.971211
0.987717
0.990209
1.015123
1.064329
1.107618
1.147481
1.186721
1.226273
1.268939
1.310982
1.313785
1.315965
1.315965
1.323439
1.331225
1.331848
1.331848
1.331848
1.331848
1.331848
1.331848
1.332782
1.332160
1.332160
1.334340
1.334340
1.334340
1.333094
1.324374
1.324374
1.307868
1.305376
1.280462
1.230633
1.187344
1.147481
1.108241
1.068689
1.026023
0.983980
0.981177
0.978997
0.978997
0.971523
0.963737
0.963114
0.963114
0.963114
0.963114
0.963114
0.963114
0.962180
0.962180
0.962180
0.960000
0.960000
0.960000
0.960000
0.960000
0.960000
0.960000
0.960000
0.960000
0.960000
0.960000
0.967474
0.976194
0.976194
0.976194
0.976194
0.976194
0.976194
0.976194
0.976194
0.976194
0.976194
0.976194
0.976194
0.976194
0.976194
0.976194
0.976194
0.976194
0.976194
0.976194
0.976194
0.976194
0.976194
0.976194
0.976194
0.976194
0.976194
0.976194
0.976194
0.976194
0.968720
0.960000
0.961557
0.961557
0.961557
0.961557
0.961557
0.961557
0.961557
0.961557
0.961557
0.961557
0.961557
0.961557
0.961557
0.961557
0.961557
0.961557
0.961557
0.961557
0.961557
0.961557
0.961557
0.961557
0.961557
0.961557
0.961557
0.961557
0.961557
0.961557
0.978997
0.984603
0.983046
0.983046
0.983046
0.983046
0.983046
0.983357
0.983357
0.983357
0.983357
0.983357
0.983357
0.983669
0.983669
0.983669
0.983669
0.983669
0.983669
0.983669
0.983980
0.983980
0.983980
0.983980
0.983980
0.983980
0.984292
0.984292
0.984292
0.984292
0.966851
0.961246
0.961246
0.961246
0.961246
0.962491
0.978686
0.978686
0.978686
0.978686
0.978686
0.978686
0.978686
0.978374
0.978374
0.978374
0.978374
0.978374
0.978374
0.978374
0.978063
0.978063
0.978063
0.978063
0.978997
0.978997
0.978686
0.978686
0.978686
0.978997
0.978997
0.978997
0.979309
0.979309
0.979309
0.978063
0.961869
0.961557
0.961557
0.963114
0.995503
1.040038
1.073049
1.107930
1.145613
1.180804
1.217242
1.228142
1.228142
1.228142
1.228142
1.228142
1.228142
1.228142
1.227207
1.227207
1.227207
1.227207
1.227207
1.226896
1.226896
1.226896
1.226585
1.226585
1.226585
1.226585
1.226585
1.226585
1.226585
1.225027
1.192639
1.148104
1.115092
1.081146
1.043775
1.032252
1.001732
0.990832
0.990832
1.006403
1.006403
1.006403
1.006403
1.006403
1.006403
1.006403
1.006403
1.006403
1.006403
1.006715
1.006715
1.006715
1.006715
1.006715
1.006715
1.006715
1.006715
1.006715
1.006715
1.023220
1.023220
1.023220
1.023220
1.022286
1.021975
0.998306
0.992389
0.992389
0.992389
0.976817
0.976817
0.976817
0.976817
0.976817
0.976817
0.976817
0.976817
0.976817
0.976817
0.977129
0.977129
0.977129
0.977129
0.977129
0.977129
0.977129
0.977129
0.977129
0.977129
0.960623
0.960623
0.960623
0.960623
0.960623
0.960623
0.960623
0.960623
0.960623
0.960623
0.960623
0.960623
0.960623
0.960623
0.960623
0.960623
0.960623
0.960623
0.960623
0.960623
0.960000
0.960000
0.960000
0.960000
0.960000
0.960000
0.960000
0.960000
0.960000
0.960000
0.960000
0.960000
0.960000
0.960000
0.960000
0.960000
0.960000
0.960000
0.960000
0.960000
0.960000
0.976506
0.976506
0.976506
0.976506
0.976506
0.976506
0.976506
0.976506
0.976506
0.976506
0.976506
0.976506
0.976506
0.976506
0.976506
0.976506
0.976506
0.976506
0.976506
0.976506
0.976506
0.976506
0.976506
0.976506
0.976506
0.976506
0.976506
0.976506
0.976506
0.976506
0.960000
0.960000
0.960000
0.960000
0.960000
0.960000
0.960000
0.960000
0.960000
0.960000
0.960000
0.960000
0.960000
0.960000
0.960000
0.960000
0.960000
0.960000
0.960000
0.960000
0.960000
0.960000
0.960000
0.960000
0.960000
0.960000
0.960000
0.960000
0.960000
0.960000
0.960000
0.960000
0.960000
0.960000
0.960000
0.960000
0.960000
0.960000
0.960000
0.960000
0.960000
0.960000
0.960000
0.960000
0.960000
0.960000
0.960000
0.960000
0.960000
0.960000
0.960000
0.960000
0.960000
0.960000
0.960000
0.960000
0.960000
0.960000
0.960000
0.960000
0.960000
0.960000
0.960000
0.960000
0.960000
0.960000
0.960000
0.960000
0.960000
0.960000
0.960000
0.960000
0.960000
0.960000
0.960000
0.960000
0.960000
0.960000
0.960000
0.960000
0.960000
0.960000
0.960000
0.960000
0.960000
0.960000
0.960000
0.960000
0.960000
0.960000
0.960000
0.960000
0.960000
0.960000
0.960000
0.960000
0.960000
0.960000
0.960000
0.960000
0.960000
0.960000
0.960000
0.960000
0.960000
0.960000
0.960000
0.960000
0.960000
0.960000
0.960000
0.960000
0.960000
0.960000
0.960000
0.960000
0.960000
0.960000
0.960000
0.960000
0.960000
0.960000
0.960000
0.960000
0.960000
0.960000
0.960000
0.960000
0.960000
0.960000
0.960000
0.960000
0.960000
0.960000
0.960000
0.960000
0.960000
0.960000
0.960000
0.960000
0.960000
0.960000
0.960000
0.960000
0.960000
0.960000
0.960000
0.960000
0.960000
0.960000
0.960000
0.960000
0.960000
0.960000
0.960000
0.960000
0.960000
0.960000
0.960000
0.960000
0.960000
0.960000
0.960000
0.960000
0.960000
0.960000
0.960000
0.960000
0.960000
0.960000
0.960000
0.960000
0.960000
0.960000
0.960000
0.960000
0.960000
0.960000
0.960000
0.960000
0.960000
0.960000
0.960000
0.960000
0.960000
0.960000
0.960000
0.960000
0.960000
0.960000
0.960000
0.960000
0.960000
0.960000
0.960000
0.960000
0.960000
0.960000
0.960000
0.960000
0.960000
0.960000
0.960000
0.960000
0.960000
0.960000
0.960000
0.960000
0.960000
0.960000
0.960000
0.960000
0.960000
0.960000
0.960000
0.960000
0.960000
0.960000
0.960000
0.960000
0.960000
0.960000
0.960000
0.960000
0.960000
0.960000
0.960000
0.960000
0.960000
0.960000
0.960000
0.960000
0.960000
0.960000
0.960000
0.960000
0.960000
0.960000
0.960000
0.960000
0.960000
0.960000
0.960000
0.960000
0.960000
0.960000
0.960000
0.960000
0.960000
0.960000
0.960000
0.960000
0.960000
0.960000
0.960000
0.960000
0.960000
0.960000
0.960000
0.960000
0.960000
0.960000
0.960000
0.960000
0.960000
0.960000
0.960000
0.960000
0.960000
0.960000
0.960000
0.960000
0.960000
0.960000
0.960000
0.960000
0.969654
0.976506
0.976506
0.976506
0.976506
0.993012
0.993012
0.993012
0.993012
0.993012
0.993012
0.993012
0.993012
0.993012
0.993012
0.993012
0.993012
0.993012
0.993012
0.993012
0.993012
0.993012
0.993012
0.993012
0.993012
0.993012
0.993012
0.993012
0.993012
0.993012
0.983357
0.976506
0.976506
0.976506
0.976506
0.960000
0.960000
0.960000
0.960000
0.960000
0.960000
0.960000
0.960000
0.960000
0.960000
0.960000
0.960000
0.960000
0.960000
0.960000
0.960000
0.960000
0.960000
0.960000
0.960000
0.960000
0.960000
0.960000
0.960000
0.960000
0.960000
0.960000
0.960000
0.960000
0.960000
0.960000
0.960000
0.960000
0.960000
0.960000
0.960000
0.960000
0.960000
0.960311
0.960311
0.971523
0.983046
1.006092
1.006092
1.006092
1.006092
1.016992
1.033186
1.049381
1.065264
1.097029
1.126927
1.159316
1.177067
1.192950
1.208833
1.210390
1.210390
1.210390
1.210390
1.210390
1.210390
1.210390
1.211947
1.212570
1.212882
1.212882
1.229387
1.229076
1.229076
1.217864
1.206342
1.183296
1.183296
1.183296
1.183296
1.172396
1.156201
1.140007
1.124124
1.092358
1.062461
1.030072
1.012320
0.996437
0.980554
0.978997
0.978997
0.978997
0.978997
0.978997
0.978997
0.978997
0.977440
0.976817
0.976506
0.976506
0.960000
0.960000
0.960000
0.960000
0.960000
0.960000
0.960000
0.960000
0.960000
0.960000
0.960000
0.960000
0.960000
0.960000
0.960000
0.960000
0.960000
0.960000
0.960000
0.960000
0.960000
0.960000
0.960000
0.960000
0.960000
0.960000
0.960000
0.960000
0.960000
0.960000
0.960000
0.960000
0.960000
0.960000
0.960000
0.960000
0.960000
0.960000
0.960000
0.960000
0.960000
0.960000
0.960000
0.960000
0.960000
0.960000
0.960000
0.960000
0.960000
0.960000
0.960000
0.960000
0.960000
0.960000
0.960000
0.960000
0.960000
0.960000
0.960000
0.960000
0.960000
0.960000
0.960000
0.960000
0.960000
0.960000
0.960000
0.960000
0.960000
0.960000
0.960000
0.960000
0.960000
0.960000
0.960000
0.960000
0.960000
0.960000
0.960000
0.960000
0.960000
0.960000
0.960000
0.960000
0.960000
0.960000
0.960000
0.960000
0.960000
0.960000
0.961246
0.992077
1.008583
1.024778
1.040661
1.056543
1.072426
1.090178
1.114158
1.126304
1.141564
1.167101
1.192950
1.218799
1.244336
1.265202
1.265202
1.265202
1.265513
1.265513
1.266136
1.275791
1.285445
1.285445
1.285445
1.285445
1.285445
1.285445
1.285445
1.285445
1.284199
1.253368
1.236862
1.220667
1.204784
1.188901
1.173018
1.155267
1.131287
1.119141
1.103881
1.078344
1.052495
1.026646
1.001109
0.980243
0.980243
0.980243
0.979932
0.979932
0.979309
0.969654
0.960000
0.960000
0.960000
0.960000
0.960000
0.960000
0.960000
0.960000
0.960000
0.960000
0.960000
0.960000
0.960000
0.960000
0.960000
0.960000
0.960000
0.976194
0.976506
0.976506
0.976506
0.976506
0.976506
0.976506
0.977440
0.982423
0.982423
0.982423
0.982423
0.982423
0.982423
0.982423
0.982423
0.982423
0.982423
0.982423
0.982423
0.982423
0.982423
0.982423
0.982423
0.982423
0.982423
0.982423
0.982423
0.982423
0.982423
0.966229
0.965917
0.965917
0.965917
0.965917
0.965917
0.965917
0.964983
0.960000
0.960000
0.960000
0.960000
0.960000
0.960000
0.960000
0.960000
0.960000
0.960000
0.960000
0.960000
0.960000
0.960000
0.960000
0.960000
0.960000
0.960000
0.960000
0.960000
0.960000
0.960000
0.960000
0.960000
0.960000
0.960000
0.960000
0.960000
0.960000
0.960000
0.960000
0.960000
0.960000
0.960000
0.960000
0.960000
0.960000
0.960000
0.960000
0.960000
0.960000
0.960000
0.960000
0.960000
0.960000
0.960000
0.960000
0.960000
0.960000
0.960000
0.960000
0.960000
0.960000
0.960000
0.960000
0.960000
0.960000
0.960000
0.960000
0.960000
0.960000
0.960000
0.960000
0.960000
0.960000
0.960000
0.960000
0.960000
0.960000
0.960000
0.960000
0.960000
0.960000
0.960000
0.960000
0.960000
0.960000
0.960000
0.960000
0.960000
0.960000
0.960000
0.960000
0.960000
0.960000
0.960000
0.960000
0.960000
0.960000
0.960000
0.960000
0.960000
0.960000
0.960000
0.960000
0.960000
0.960000
0.960000
0.960000
0.960000
0.960000
0.960000
0.960000
0.960000
0.960000
0.960000
0.960000
0.960000
0.960000
0.960000
0.960000
0.960000
0.960000
0.960000
0.960000
0.960000
0.960000
0.960000
0.960000
0.960000
0.960000
0.960000
0.960000
0.960000
0.960000
0.960000
0.960000
0.960000
0.960000
0.960000
0.960000
0.960000
0.960000
0.960000
0.960000
0.960000
0.960000
0.960000
0.960000
0.960000
0.960000
0.960000
0.960000
0.960000
0.960000
0.960000
0.960000
0.960000
0.960000
0.960000
0.960000
0.960000
0.960000
0.960000
0.960000
0.960000
0.960000
0.960000
0.960000
0.960000
0.960000
0.960000
0.960000
0.960000
0.960000
0.960000
0.960000
0.960000
0.960000
0.960000
0.960000
0.960000
0.960000
0.960000
0.960000
0.960000
0.960000
0.960000
0.960000
0.960000
0.960000
0.960000
0.960000
0.960000
0.960000
0.960000
0.960000
0.960000
0.960000
0.960000
0.960000
0.960000
0.960000
0.960000
0.960000
0.960000
0.960000
0.960000
0.960000
0.960000
0.976506
0.976506
0.986783
0.998306
1.009829
1.021040
1.032252
1.043463
1.043463
1.043463
1.043463
1.043463
1.043463
1.043463
1.043463
1.043463
1.043463
1.043463
1.043463
1.043463
1.043463
1.043463
1.043463
1.043463
1.043463
1.043463
1.043463
1.043463
1.043463
1.043463
1.026958
1.026958
1.016680
1.005157
0.993634
0.982423
0.971211
0.960000
0.960000
0.960000
0.961869
0.961869
0.961869
0.961869
0.961869
0.961869
0.961869
0.961869
0.961869
0.961869
0.961869
0.961869
0.977440
0.977440
0.977440
0.977440
0.977440
0.977440
0.977440
0.977440
0.977440
0.978374
0.978374
0.978374
0.978374
0.978374
0.978374
0.978374
0.978374
0.978374
0.976506
0.976506
0.976506
0.976506
0.976506
0.976506
0.976506
0.976506
0.976506
0.976506
0.976506
0.976506
0.960934
0.960934
0.960934
0.960934
0.960934
0.960934
0.960934
0.960934
0.960934
0.960000
0.960000
0.960000
0.960000
0.960000
0.960000
0.960000
0.960000
0.960000
0.960000
0.960000
0.960000
0.960000
0.960000
0.960000
0.960000
0.960000
0.960000
0.960000
0.960000
0.960000
0.960000
0.960000
0.960000
0.960000
0.960000
0.960000
0.960000
0.960000
0.960000
0.960000
0.960000
0.960000
0.960000
0.960000
0.960000
0.960000
0.960000
0.960000
0.960000
0.960000
0.960000
0.960000
0.960000
0.960000
0.960000
0.960000
0.960000
0.960000
0.960000
0.960000
0.960000
0.960000
0.960000
0.960000
0.960000
0.960000
0.960934
0.976817
0.976817
0.976817
0.976817
0.976817
0.976817
0.976817
0.976817
0.976817
0.976817
0.976817
0.976817
0.976817
0.976817
0.976817
0.976817
0.976817
0.976817
0.976817
0.976817
0.976817
0.991143
0.993012
0.993012
0.993012
0.993012
0.993012
0.993012
0.993634
0.992700
0.976817
0.976817
0.976817
0.976817
0.976817
0.976817
0.976817
0.976817
0.976817
0.976817
0.976817
0.976817
0.976817
0.976817
0.976817
0.976817
0.976817
0.976817
0.976817
0.976817
0.976817
0.962491
0.960623
0.960623
0.960623
0.960623
0.960623
0.960623
0.960000
0.960000
0.960000
0.960000
0.960000
0.960000
0.960000
0.960000
0.960000
0.960000
0.960000
0.960000
0.960000
0.960000
0.960000
0.960000
0.960000
0.960000
0.960000
0.960000
0.960000
0.960000
0.960000
0.960000
0.960000
0.960000
0.960000
0.960000
0.963114
0.963114
0.963114
0.963114
0.963114
0.963114
0.963114
0.963114
0.963114
0.963114
0.963114
0.963114
0.963114
0.963114
0.963114
0.963114
0.963114
0.963114
0.963114
0.963114
0.963114
0.963114
0.963114
0.963114
0.963114
0.963114
0.963114
0.963114
0.963114
0.963114
0.960000
0.960000
0.960000
0.960000
0.960000
0.960000
0.960000
0.960000
0.960000
0.960000
0.960000
0.960000
0.960000
0.960000
0.960000
0.960000
0.960000
0.960000
0.960000
0.960000
0.960000
0.960000
0.960000
0.960000
0.960000
0.960000
0.960000
0.960000
0.960000
0.960000
0.960000
0.960000
0.960000
0.960000
0.960000
0.960000
0.960000
0.960000
0.960000
0.960000
0.960000
0.960000
0.960000
0.960000
0.960000
0.960000
0.960000
0.960000
0.960000
0.960000
0.960000
0.960000
0.960000
0.960000
0.960000
0.960000
0.960000
0.960000
0.960000
0.960000
0.960000
0.960000
0.960000
0.960000
0.960000
0.960000
0.960000
0.960000
0.960000
0.960000
0.960000
0.960000
0.960000
0.960000
0.960000
0.960000
0.960000
0.960000
0.960000
0.960000
0.960000
0.960000
0.960000
0.960000
0.960000
0.960000
0.960000
0.960000
0.960000
0.960000
0.960000
0.960000
0.960000
0.960000
0.960000
0.960000
0.960000
0.960000
0.960000
0.960000
0.960000
0.960000
0.960000
0.960000
0.960000
0.960000
0.960000
0.960000
0.960000
0.961869
0.961869
0.961869
0.961869
0.961869
0.961869
0.964360
0.978686
0.978686
0.978686
0.987094
1.005780
1.012320
1.012320
1.012320
1.012320
1.012320
1.012320
1.012320
1.012320
1.012320
1.012320
1.012320
1.012320
1.012320
1.012320
1.012320
1.012320
1.012320
1.012320
1.010452
1.010452
1.010452
1.010452
1.010452
1.010452
1.007960
0.993634
0.993634
0.993634
0.985226
0.966540
0.960000
0.960000
0.960000
0.960000
0.960000
0.960000
0.960000
0.977440
0.977440
0.977440
0.977440
0.993634
1.000486
1.000486
1.000486
1.000486
1.000486
1.014189
1.016369
1.016369
1.016369
1.035055
1.052495
1.052495
1.052495
1.052495
1.053741
1.054363
1.054363
1.054363
1.054363
1.054363
1.054363
1.054363
1.054363
1.064952
1.085195
1.079901
1.079901
1.079901
1.079901
1.063706
1.056855
1.060592
1.060592
1.060592
1.060592
1.046889
1.044709
1.044709
1.044709
1.026023
1.010140
1.025400
1.025400
1.026646
1.043152
1.044086
1.044086
1.044086
1.044086
1.044086
1.044086
1.044086
1.044086
1.033498
1.013255
1.001109
1.001109
1.001109
1.001109
1.001109
1.001109
0.997372
0.997372
0.997372
0.997372
0.997372
0.997372
0.997372
0.997372
0.997372
0.995815
0.980554
0.980554
0.979309
0.961557
0.960000
0.960000
0.960000
0.960000
0.960000
0.960000
0.960000
0.960000
0.960000
0.964983
0.976817
0.976817
0.976817
0.976817
0.976817
0.976817
0.976817
0.976817
0.976817
0.976817
0.976817
0.976817
0.976817
0.976817
0.976817
0.976817
0.976817
0.976817
0.976817
0.976817
0.976817
0.976817
0.976817
0.976817
0.976817
0.976817
0.976817
0.976817
0.976817
0.971834
0.960000
0.960000
0.960000
0.960000
0.960000
0.960000
0.960000
0.960000
0.960000
0.960000
0.960000
0.960000
0.960000
0.960000
0.960000
0.960000
0.960000
0.960000
0.960000
0.960000
0.960000
0.960000
0.960000
0.960000
0.960000
0.960000
0.960000
0.960000
0.960000
0.960000
0.960000
0.960000
0.960000
0.960000
0.960000
0.960000
0.960000
0.960000
0.960000
0.960000
0.960000
0.960000
0.960000
0.960000
0.960000
0.960000
0.960000
0.960000
0.960000
0.960000
0.960000
0.960000
0.960000
0.960000
0.960000
0.960000
0.960000
0.960000
0.960000
0.960000
0.960000
0.960000
0.960000
0.960000
0.960000
0.960000
0.960000
0.960000
0.960000
0.960000
0.960000
0.960000
0.960000
0.960000
0.960000
0.960000
0.960000
0.960000
0.960000
0.960000
0.960000
0.960000
0.960000
0.960000
0.960000
0.960000
0.960000
0.960000
0.960000
0.960000
0.960000
0.960000
0.960000
0.960000
0.960000
0.960000
0.960000
0.960000
0.960000
0.960000
0.960000
0.960000
0.960000
0.960000
0.960000
0.960000
0.960000
0.960000
0.960000
0.960000
0.960000
0.960000
0.960000
0.960000
0.960000
0.960000
0.960000
0.960000
0.960000
0.960000
0.960000
0.960000
0.960000
0.960000
0.960000
0.960000
0.960000
0.960000
0.960000
0.960000
0.960000
0.960000
0.960000
0.960000
0.960000
0.960000
0.960000
0.960000
0.960000
0.960000
0.960000
0.960000
0.960000
0.960000
0.960000
0.960000
0.960000
0.960000
0.960000
0.960000
0.960000
0.960000
0.960000
0.960000
0.960000
0.960000
0.960000
0.960000
0.960000
0.960000
0.960000
0.960000
0.960000
0.960000
0.960000
0.960000
0.960000
0.960000
0.960000
0.960000
0.960000
0.960000
0.960000
0.960000
0.960000
0.960000
0.960000
0.960000
0.960000
0.960000
0.960000
0.960000
0.960000
0.960000
0.960000
0.960000
0.960000
0.960000
0.960000
0.960000
0.960000
0.960000
0.960000
0.960000
0.960000
0.960000
0.960000
0.960000
0.960000
0.960000
0.960000
0.960000
0.960000
0.960000
0.960000
0.960000
0.960000
0.960000
0.960000
0.960000
0.960000
0.960000
0.960000
0.960000
0.960000
0.960000
0.960000
0.960000
0.960000
0.960000
0.960000
0.960000
0.960000
0.960000
0.960000
0.960000
0.960000
0.960000
0.960000
0.960000
0.960000
0.960000
0.960000
0.960000
0.960000
0.960000
0.960000
0.960000
0.960000
0.960000
0.960000
0.960000
0.960000
0.960000
0.960000
0.960000
0.960000
0.960000
0.960000
0.960000
0.960000
0.960000
0.960000
0.960000
0.960000
0.960000
0.960000
0.960000
0.960000
0.960000
0.960000
0.960000
0.960000
0.960000
0.960000
0.960000
0.960000
0.960000
0.960000
0.960000
0.960000
0.960000
0.960000
0.960000
0.960000
0.960000
0.960000
0.960000
0.960000
0.960000
0.960000
0.960000
0.960000
0.960000
0.960000
0.960000
0.960000
0.960000
0.960000
0.960000
0.960000
0.960000
0.960000
0.960000
0.960000
0.960000
0.960000
0.960000
0.960000
0.960000
0.960000
0.960000
0.960000
0.960000
0.960000
0.960000
0.960000
0.960000
0.960000
0.960000
0.960000
0.960000
0.960000
0.960000
0.960000
0.960000
0.960000
0.960000
0.960000
0.960000
0.960000
0.960000
0.960000
0.960000
0.960000
0.960000
0.960000
0.960000
0.960000
0.960000
0.963426
0.977129
0.977129
0.977129
0.977129
0.977129
0.977129
0.977129
0.977129
0.977129
0.977129
0.977129
0.977129
0.977129
0.977129
0.977129
0.977129
0.977129
0.977129
0.977129
0.988652
0.993946
0.993946
0.993946
0.993946
0.993946
0.993946
0.993946
0.993946
0.993946
0.990520
0.976817
0.976817
0.976817
0.976817
0.976817
0.976817
0.993946
0.993946
0.993946
0.993946
0.993946
0.993946
0.993946
0.993946
0.997995
1.010452
1.014189
1.015435
1.015435
1.003912
0.999552
0.999552
0.999552
0.999552
0.999552
0.999552
0.999552
0.999552
0.999552
0.999552
0.999552
0.999552
0.999552
0.999552
0.999552
0.999552
0.982423
0.982423
0.982423
0.982423
0.982423
0.982423
0.982423
0.982423
0.978374
0.965917
0.962180
0.960934
0.960934
0.960934
0.960000
0.960000
0.960000
0.960000
0.960000
0.960000
0.960000
0.960000
0.960000
0.960000
0.960000
0.960000
0.960000
0.960000
0.960000
0.960000
0.960000
0.960000
0.960000
0.960000
0.960000
0.960000
0.960000
0.960000
0.960000
0.960000
0.960000
0.960000
0.960000
0.960000
0.960000
0.960000
0.960000
0.960000
0.960000
0.960000
0.960000
0.975260
0.975883
0.975883
0.975883
0.975883
0.979620
0.995815
1.011697
1.027580
1.043463
1.052495
1.052495
1.052495
1.052495
1.052495
1.052495
1.052495
1.052495
1.052495
1.052495
1.052495
1.052495
1.052495
1.052495
1.052495
1.068689
1.069001
1.069001
1.069001
1.069001
1.054986
1.056232
1.056232
1.056232
1.068689
1.068689
1.052495
1.036612
1.020729
1.005469
0.996437
0.996437
0.996437
0.996437
0.996437
1.013877
1.013877
1.013877
1.013877
1.013877
1.013877
1.013877
1.013877
1.013877
1.013877
0.998929
1.001732
1.001732
1.001732
1.001732
1.001109
1.002355
1.004846
1.016369
1.015435
1.033186
1.058723
1.084572
1.112601
1.138450
1.162741
1.186410
1.186410
1.186410
1.186410
1.168970
1.168970
1.168970
1.168970
1.169281
1.171773
1.172707
1.172707
1.172707
1.172707
1.171461
1.168347
1.168347
1.168347
1.168347
1.168036
1.164921
1.165233
1.154644
1.143121
1.145924
1.137204
1.127550
1.115715
1.120387
1.112601
1.105127
1.121010
1.137204
1.153087
1.163364
1.163364
1.163364
1.163364
1.167413
1.164921
1.163987
1.163987
1.163987
1.163987
1.163987
1.163987
1.163987
1.163987
1.163987
1.163676
1.163676
1.160873
1.161807
1.162430
1.138138
1.121321
1.105127
1.090178
1.062149
1.045955
1.029760
1.013877
0.997683
0.981800
0.971523
0.971523
0.971523
0.972146
0.969343
0.971834
0.971834
0.971834
0.971834
0.971834
0.971834
0.971834
0.971834
0.971834
0.971834
0.971834
0.971834
0.971834
0.969966
0.969343
0.969343
0.969343
0.969343
0.968097
0.964983
0.964671
0.964671
0.964671
0.964671
0.964671
0.964671
0.964671
0.964671
0.964049
0.962491
0.960000
0.960311
0.960311
0.960311
0.960311
0.960311
0.960311
0.960311
0.960311
0.960311
0.960623
0.960623
0.960623
0.960934
0.963114
0.963114
0.963114
0.963114
0.963114
0.963114
0.963114
0.963114
0.963114
0.963114
0.963114
0.963114
0.963114
0.963114
0.963114
0.963114
0.963114
0.962803
0.962803
0.962803
0.962803
0.962803
0.962803
0.962803
0.962803
0.962803
0.962491
0.962491
0.962491
0.962180
0.960000
0.960311
0.960311
0.960311
0.960311
0.960311
0.960311
0.960311
0.960311
0.960311
0.960311
0.960311
0.960311
0.960311
0.960311
0.960311
0.960311
0.960311
0.960311
0.960311
0.960311
0.967163
0.977440
0.977440
0.980554
0.982112
0.982112
0.982112
0.982112
0.982112
0.982112
0.981800
0.983357
0.983357
0.983357
0.983357
0.983357
0.983357
0.983357
0.983357
0.983357
0.983357
0.983357
0.983357
0.983357
0.983357
0.984603
0.984914
0.984914
0.984914
0.985226
0.978374
0.968097
0.968097
0.964983
0.963426
0.963426
0.963426
0.963426
0.963737
0.963737
0.963737
0.962180
0.962180
0.962491
0.962491
0.962491
0.962491
0.962491
0.962491
0.962491
0.962491
0.962491
0.962491
0.962491
0.962491
0.961246
0.960934
0.960934
0.960934
0.960623
0.960623
0.960623
0.960623
0.960623
0.960623
0.960623
0.960623
0.960623
0.960311
0.960311
0.960311
0.960311
0.960311
0.960000
0.960000
0.960311
0.960311
0.960311
0.960311
0.960311
0.960311
0.960311
0.960311
0.960311
0.960311
0.960311
0.960311
0.960311
0.960311
0.960311
0.960311
0.960311
0.960311
0.960311
0.960311
0.960311
0.960311
0.960311
0.960311
0.960311
0.960311
0.960311
0.960311
0.960311
0.960311
0.960000
0.960000
0.960000
0.960000
0.960000
0.960000
0.960000
0.960000
0.960000
0.960000
0.960000
0.960000
0.960000
0.960000
0.960000
0.960000
0.960000
0.960000
0.960000
0.960000
0.960000
0.960000
0.960000
0.960000
0.960000
0.960000
0.960000
0.960000
0.960000
0.960000
0.960311
0.962180
0.963114
0.963114
0.963114
0.963114
0.963114
0.963114
0.963114
0.963114
0.963114
0.963114
0.963114
0.963114
0.963114
0.963114
0.963114
0.963114
0.963114
0.963114
0.963114
0.963114
0.963114
0.963114
0.963114
0.963114
0.963114
0.963114
0.963114
0.963114
0.962803
0.960934
0.960000
0.960000
0.960000
0.960000
0.960000
0.960000
0.960000
0.960000
0.960000
0.960000
0.960000
0.960000
0.960000
0.960000
0.960000
0.960000
0.960000
0.960000
0.960000
0.960000
0.960000
0.960000
0.960000
0.960000
0.960000
0.960000
0.960000
0.960000
0.960000
0.960000
0.960000
0.960000
0.960000
0.960000
0.960000
0.960000
0.960000
0.960000
0.960000
0.960000
0.960000
0.960000
0.960000
0.960000
0.960000
0.960000
0.960000
0.960000
0.960000
0.960000
0.960000
0.960000
0.960000
0.960000
0.960000
0.960000
0.960000
0.960000
0.960000
0.960000
0.960000
0.960000
0.960000
0.960000
0.960000
0.960000
0.960000
0.960000
0.960000
0.960000
0.976506
0.976506
0.976506
0.976506
0.976506
0.976506
0.976506
0.976506
0.985849
0.992389
0.992389
0.992389
0.992389
0.997683
1.009517
1.009517
1.009517
1.009517
1.009517
1.009517
1.009517
1.009517
1.009517
1.009517
1.009517
1.009517
1.009517
1.009517
1.009517
1.009517
0.993012
0.993012
0.993012
0.993012
0.993012
0.993012
0.993012
0.993012
0.983669
0.977129
0.977129
0.977129
0.977129
0.971834
0.960000
0.960000
0.960000
0.960000
0.960000
0.960000
0.960000
0.960000
0.960000
0.960000
0.960000
0.960000
0.960000
0.960000
0.960000
0.960000
0.960000
0.960311
0.960311
0.960311
0.964049
0.974014
0.983669
0.983669
0.983669
0.983669
0.983669
0.983669
0.983980
0.983980
0.983980
0.983980
0.983980
0.983980
0.983980
0.983980
0.983980
0.983980
0.983980
0.983980
0.983980
0.983980
0.983980
0.983980
0.983980
0.983980
0.983980
0.983669
0.984292
0.984292
0.980554
0.974326
0.977440
0.977440
0.977440
0.977440
0.977440
0.977440
0.977129
0.977129
0.977129
0.977129
0.977129
0.977129
0.977129
0.977129
0.977129
0.977129
0.977129
0.977129
0.977129
0.977129
0.977129
0.977129
0.977129
0.977129
0.977129
0.977129
0.976506
0.976506
0.976506
0.972769
0.960000
0.960000
0.960000
0.960000
0.960000
0.960000
0.960000
0.960000
0.977752
0.983046
1.001420
1.006092
1.006092
1.006092
1.006403
1.006403
1.006403
1.006403
1.006403
1.006403
1.006403
1.006403
1.006403
1.006403
1.006403
1.006403
1.006403
1.006403
1.006403
1.007026
1.007960
1.007960
1.007960
1.007960
1.007960
1.007960
1.007960
1.007960
0.990209
0.984914
0.966540
0.961869
0.961869
0.961869
0.961557
0.961557
0.961557
0.961557
0.961557
0.961557
0.961557
0.961557
0.961557
0.961557
0.961557
0.963114
0.963426
0.963426
0.963426
0.963426
0.962491
0.963114
0.970900
0.987717
1.009517
1.010763
1.010763
1.010763
1.010763
1.010763
1.010763
1.010763
1.010763
1.010763
1.010763
1.012320
1.027269
1.027269
1.027269
1.027269
1.027269
1.027269
1.027269
1.027269
1.050938
1.050315
1.050003
1.050003
1.050003
1.049381
1.049381
1.048758
1.040972
1.024155
1.002355
1.001109
1.001109
1.001109
1.001109
1.001109
1.001109
1.001109
1.001109
1.001109
1.001109
0.999552
0.984603
0.984603
0.984603
0.984603
0.984603
0.984603
0.984603
0.984603
0.960934
0.960000
0.960000
0.960000
0.960000
0.960000
0.960000
0.960000
0.960000
0.960000
0.960000
0.960000
0.960000
0.963114
0.966229
0.970900
0.970900
0.970900
0.970900
0.970900
0.970900
0.970900
0.970900
0.970900
0.970900
0.970900
0.970900
0.970900
0.970900
0.970900
0.970900
0.970900
0.970900
0.971523
0.971523
0.971523
0.972146
0.972146
0.972146
0.972146
0.972146
0.972146
0.972146
0.969031
0.965917
0.961246
0.961246
0.961246
0.961246
0.961246
0.961246
0.961246
0.961246
0.961246
0.961246
0.961246
0.961246
0.961246
0.961246
0.961246
0.961246
0.961246
0.961246
0.960623
0.960623
0.960623
0.960000
0.960000
0.960000
0.960000
0.960000
0.960000
0.960000
0.960000
0.960000
0.960000
0.960000
0.960000
0.960000
0.960000
0.960000
0.960000
0.960000
0.960000
0.960000
0.960311
0.960311
0.960311
0.960311
0.960311
0.960311
0.960311
0.960311
0.960311
0.960311
0.960311
0.960311
0.960311
0.960311
0.960623
0.960623
0.960623
0.960934
0.960934
0.960934
0.960934
0.960934
0.960934
0.961869
0.961869
0.961869
0.961869
0.961869
0.961869
0.961869
0.961557
0.961557
0.961557
0.961557
0.961557
0.962491
0.962491
0.962491
0.962491
0.962491
0.962491
0.962491
0.962491
0.962491
0.979309
0.987094
0.987094
0.986783
0.986783
0.986783
0.986783
0.986783
0.993012
0.993323
0.993323
1.010763
1.020106
1.029138
1.036300
1.036300
1.036300
1.036300
1.036300
1.036300
1.036300
1.035366
1.035366
1.035366
1.035366
1.035366
1.035366
1.035366
1.035366
1.035366
1.018238
1.010452
1.010452
1.011697
1.011697
1.011697
1.011697
1.011697
1.026958
1.029449
1.029449
1.012009
1.002666
1.015435
1.008272
1.008272
1.008272
1.008272
1.008272
1.008272
1.008272
1.008272
1.008272
1.008272
1.008272
1.008583
1.008583
1.008583
1.008583
1.008583
1.008895
1.008895
1.008895
1.007649
1.007649
1.007649
1.007649
1.009206
1.000175
1.000486
1.000486
1.000486
1.000486
0.978686
0.978686
0.978686
0.978686
0.978686
0.978686
0.978686
0.978686
0.978686
0.978686
0.978686
0.978686
0.978374
0.978374
0.978374
0.978374
0.978374
0.978063
0.978374
0.978686
0.978686
0.978686
0.978997
0.978997
0.977440
0.964983
0.960934
0.960934
0.960934
0.960934
0.960934
0.960934
0.960934
0.960934
0.962180
0.963114
0.963114
0.963114
0.963114
0.964360
0.964360
0.964360
0.964360
0.964360
0.964360
0.964360
0.964360
0.964360
0.964049
0.963737
0.963737
0.963737
0.963426
0.963426
0.963426
0.963426
0.979932
0.979932
0.979932
0.979932
0.979932
0.979932
0.979932
0.979932
0.978686
0.977752
0.977752
0.977752
0.977752
0.976506
0.976506
0.976506
0.976506
0.976506
0.976506
0.976506
0.976506
0.976506
0.976506
0.976506
0.976506
0.976506
0.976506
0.976506
0.976506
0.976506
0.960000
0.960000
0.960000
0.960000
0.960000
0.960000
0.960000
0.960000
0.975883
0.976194
0.976194
0.976194
0.976194
0.976194
0.976194
0.976194
0.976194
0.976194
0.976194
0.976194
0.976194
0.976194
0.976194
0.976194
0.976194
0.976194
0.976194
0.976194
0.976194
0.976194
0.976194
0.976194
0.976194
0.976194
0.976194
0.976194
0.976194
0.976194
0.978063
0.977752
0.977752
0.977752
0.977752
0.977752
0.977752
0.977752
0.977752
0.977752
0.977752
0.977752
0.977752
0.977752
0.977752
0.977752
0.977752
0.977752
0.977752
0.977752
0.977752
0.977752
0.977752
0.977752
0.977752
0.977752
0.977752
0.977752
0.977752
0.977752
0.960000
0.960000
0.960000
0.960000
0.960000
0.960000
0.960000
0.960000
0.960000
0.960000
0.960000
0.960000
0.960000
0.960000
0.960000
0.960000
0.960000
0.960000
0.960000
0.960000
0.960000
0.960000
0.960000
0.960000
0.960000
0.960000
0.960000
0.960000
0.960000
0.960000
0.960000
0.960000
0.960000
0.960000
0.960000
0.960000
0.960000
0.960000
0.960000
0.960000
0.960000
0.960000
0.960000
0.960000
0.960000
0.960000
0.960000
0.960000
0.960000
0.960000
0.960000
0.960000
0.960000
0.960000
0.960000
0.960000
0.960000
0.960000
0.960000
0.960000
0.960000
0.960000
0.960000
0.960000
0.960000
0.960000
0.960000
0.960000
0.960000
0.960000
0.960000
0.960000
0.960000
0.960000
0.960000
0.960000
0.960000
0.960000
0.960000
0.960000
0.960000
0.960000
0.960000
0.960000
0.960000
0.960000
0.960000
0.960000
0.960000
0.960000
0.960000
0.960000
0.960000
0.960000
0.960000
0.960000
0.960000
0.960000
0.960000
0.960000
0.960000
0.960000
0.960000
0.960000
0.960000
0.960000
0.960000
0.960000
0.960000
0.960000
0.960000
0.960000
0.960000
0.960000
0.960000
0.960000
0.960000
0.960000
0.960000
0.960000
0.960000
0.960000
0.960000
0.960000
0.960000
0.960000
0.960000
0.960000
0.960000
0.960000
0.960000
0.960000
0.960000
0.960000
0.960000
0.960000
0.960000
0.960000
0.960000
0.960000
0.960000
0.960000
0.960000
0.960000
0.960000
0.960000
0.960000
0.960000
0.960000
0.960000
0.960000
0.960000
0.960000
0.960000
0.960000
0.960000
0.960000
0.960000
0.960000
0.960000
0.960000
0.960000
0.960000
0.960000
0.960000
0.960000
0.960000
0.960000
0.960000
0.960000
0.960000
0.960000
0.960000
0.960000
0.960000
0.960000
0.960000
0.960000
0.960000
0.960000
0.960000
0.960000
0.960000
0.960000
0.960000
0.960000
0.960000
0.960000
0.960000
0.960000
0.960000
0.960000
0.960000
0.960000
0.960000
0.960000
0.960000
0.960000
0.960000
0.960000
0.960000
0.960000
0.960000
0.960000
0.960000
0.960000
0.960000
0.960000
0.960000
0.960000
0.960000
0.960000
0.960000
0.960000
0.960000
0.960000
0.960000
0.960000
0.960000
0.960000
0.960000
0.960000
0.960000
0.960000
0.960000
0.960000
0.960000
0.960000
0.960000
0.960000
0.960000
0.960000
0.960000
0.960000
0.960000
0.960000
0.960000
0.960000
0.960000
0.960000
0.960000
0.960000
0.960000
0.960000
0.960000
0.960000
0.960000
0.960000
0.960000
0.960000
0.960000
0.960000
0.960000
0.960000
0.960000
0.960000
0.960000
0.960000
0.960000
0.960000
0.960000
0.960000
0.960000
0.960000
0.960000
0.960000
0.960000
0.960000
0.960000
0.960000
0.960000
0.960000
0.960000
0.960000
0.960000
0.960000
0.960000
0.960000
0.960000
0.960000
0.960000
0.960000
0.960000
0.960000
0.960000
0.960000
0.960000
0.960000
0.960000
0.960000
0.960000
0.960000
0.960000
0.960000
0.960000
0.960000
0.960000
0.960000
0.960000
0.960623
0.976506
0.976506
0.976506
0.976506
0.976506
0.976506
0.976506
0.976506
0.976506
0.976506
0.976506
0.976506
0.976506
0.976506
0.976506
0.976506
0.976506
0.976506
0.976506
0.976506
0.976506
0.976506
0.976506
0.976506
0.976506
0.976506
0.976506
0.976506
0.976506
0.975883
0.960000
0.960000
0.960000
0.960000
0.960000
0.960000
0.960000
0.960000
0.960000
0.960000
0.960000
0.960000
0.960000
0.960000
0.960000
0.960000
0.960000
0.960000
0.960000
0.960000
0.960000
0.960000
0.960000
0.960000
0.960000
0.960000
0.960000
0.960000
0.960000
0.960000
0.960000
0.960000
0.960000
0.960000
0.960000
0.960000
0.960000
0.960000
0.960000
0.960000
0.960000
0.960000
0.960000
0.960000
0.960000
0.960000
0.960000
0.960000
0.960000
0.960000
0.960000
0.960000
0.960000
0.960000
0.960000
0.960000
0.960000
0.960000
0.960000
0.960000
0.960000
0.960000
0.960000
0.960000
0.960000
0.960000
0.960000
0.960000
0.960000
0.960000
0.960000
0.960000
0.960000
0.960000
0.960000
0.960000
0.960000
0.960000
0.960000
0.960000
0.960000
0.960000
0.960000
0.960000
0.960000
0.960000
0.960000
0.960000
0.960000
0.960000
0.960000
0.960000
0.960000
0.960000
0.960000
0.960000
0.960000
0.960000
0.960000
0.960000
0.960000
0.960000
0.960000
0.960000
0.960000
0.960000
0.960000
0.960000
0.960000
0.960000
0.960000
0.960000
0.960000
0.960000
0.960000
0.960000
0.960000
0.960000
0.960000
0.960000
0.960000
0.960000
0.960000
0.960000
0.960000
0.960000
0.960000
0.960000
0.960000
0.960000
0.960000
0.960000
0.960000
0.960000
0.960000
0.960000
0.960000
0.960000
0.960000
0.960000
0.960000
0.960000
0.960000
0.960000
0.960000
0.960000
0.960000
0.960000
0.960000
0.960000
0.960000
0.960000
0.960000
0.960000
0.960000
0.960000
0.960000
0.960000
0.960000
0.960000
0.960000
0.960000
0.960000
0.960000
0.960000
0.960000
0.960000
0.960000
0.960000
0.960000
0.960000
0.960000
0.960000
0.960000
0.969343
0.976817
0.976817
0.976817
0.976817
0.978997
0.993323
0.993323
0.993323
0.993323
0.993323
0.993323
0.993323
0.993323
0.993323
0.993323
0.993634
0.993634
0.993634
0.993634
0.993634
0.993634
0.993634
0.993634
0.993634
0.993634
0.993634
1.010140
1.010140
1.010140
1.000797
0.995503
0.995503
0.995503
0.995503
0.993323
0.978997
0.985537
0.986783
0.986783
0.986783
0.986783
0.986783
0.986783
0.986783
0.986783
0.986472
0.986472
0.986472
0.986472
0.995503
1.002666
1.002666
1.002666
1.002666
1.005780
1.017615
1.025712
1.040349
1.051561
1.062772
1.071804
1.082704
1.093604
1.104504
1.115404
1.126304
1.130975
1.147481
1.172707
1.197933
1.223159
1.248073
1.272988
1.298214
1.323128
1.348042
1.365794
1.365794
1.365794
1.356763
1.349600
1.349600
1.349600
1.349600
1.346485
1.334651
1.310048
1.295411
1.284199
1.272988
1.261776
1.250876
1.239976
1.229076
1.218176
1.210702
1.199490
1.182673
1.173330
1.148104
1.122878
1.097964
1.073049
1.047823
1.022909
0.997995
0.980243
0.980243
0.981489
0.981489
0.981489
0.981489
0.992700
1.009206
1.025400
1.041595
1.073672
1.096718
1.121321
1.137515
1.153398
1.169593
1.185476
1.201359
1.217242
1.229699
1.245582
1.259596
1.259596
1.268005
1.268005
1.268005
1.268005
1.268005
1.268005
1.268005
1.268005
1.268005
1.266759
1.266759
1.266759
1.266759
1.255548
1.239042
1.222847
1.206653
1.174576
1.151841
1.127238
1.111044
1.095161
1.078966
1.063084
1.047201
1.031318
1.015435
0.999552
0.984603
0.968720
0.960311
0.960311
0.960311
0.960311
0.960311
0.960311
0.960311
0.960311
0.960311
0.960311
0.960311
0.960311
0.960623
0.960623
0.960623
0.960623
0.960623
0.961557
0.961246
0.961246
0.961246
0.961246
0.961557
0.961557
0.961557
0.961557
0.983980
1.002355
1.029760
1.030695
1.030695
1.030695
1.030695
1.030695
1.030695
1.030695
1.030695
1.030695
1.030695
1.030695
1.030695
1.030695
1.030383
1.030383
1.030383
1.030383
1.030383
1.029449
1.029449
1.029449
1.029449
1.029449
1.029138
1.029138
1.029138
1.029138
1.006715
0.988340
0.960934
0.960000
0.960000
0.960000
0.960000
0.960000
0.960000
0.960000
0.960000
0.960000
0.960000
0.960000
0.960000
0.960000
0.960000
0.960000
0.960000
0.960000
0.960000
0.960000
0.960000
0.960000
0.960000
0.960000
0.960000
0.960000
0.960000
0.960000
0.960000
0.960000
0.960000
0.960000
0.960000
0.960000
0.960000
0.960000
0.960000
0.960000
0.960000
0.960000
0.960000
0.960000
0.960000
0.961246
0.961246
0.961246
0.961246
0.961246
0.961246
0.961246
0.961246
0.961246
0.961246
0.961246
0.961246
0.961246
0.961246
0.961246
0.961246
0.961246
0.962180
0.962180
0.962180
0.962180
0.964983
1.011386
1.041906
1.068066
1.094227
1.114158
1.116027
1.116027
1.116027
1.114781
1.114781
1.117272
1.117272
1.117272
1.117584
1.122878
1.124435
1.127550
1.127550
1.127550
1.127550
1.127550
1.127550
1.127550
1.127550
1.127550
1.126615
1.126615
1.126615
1.126615
1.123812
1.077409
1.046889
1.020729
0.994569
0.974637
0.997372
1.022286
1.048135
1.074295
1.107930
1.146547
1.174264
1.175821
1.175821
1.170527
1.168970
1.165856
1.165856
1.165856
1.166167
1.166167
1.166167
1.166167
1.166478
1.166478
1.166478
1.166478
1.166478
1.166478
1.166478
1.166478
1.166478
1.166478
1.166478
1.166478
1.141875
1.116961
1.091112
1.081458
1.047823
1.006715
0.978997
0.977440
0.977129
0.977129
0.977129
0.977129
0.977129
0.977129
0.976817
0.976817
0.978063
0.978063
0.977752
0.977752
0.977752
0.977752
0.977752
0.977752
0.977752
0.977752
0.977752
0.982423
0.998306
1.014189
1.029138
1.029138
1.029138
1.012632
1.012632
1.012632
1.012632
1.012632
1.012632
1.012632
1.012632
1.012632
1.012632
1.012632
1.012632
1.012632
1.011386
1.011386
1.011386
1.011386
1.011386
1.011386
1.011386
1.011386
1.011386
1.011386
1.011386
1.006715
0.990832
0.974949
0.960000
0.960000
0.960000
0.970277
0.986472
1.017615
1.033809
1.050003
1.053741
1.053741
1.070869
1.070869
1.070869
1.070869
1.070869
1.070869
1.070869
1.070869
1.070869
1.070869
1.070869
1.070869
1.070869
1.070869
1.070869
1.070869
1.070869
1.070869
1.070869
1.070869
1.070869
1.072738
1.087375
1.077098
1.060903
1.029760
1.013566
0.997372
0.993634
0.993634
0.976506
0.976506
0.976506
0.976817
0.976817
0.976817
0.976817
0.982423
1.002666
1.009829
1.009829
1.009829
1.009829
1.009829
1.009829
1.016680
1.041595
1.066509
1.092358
1.118207
1.144367
1.164921
1.150284
1.150284
1.150284
1.154956
1.155267
1.156513
1.156513
1.163676
1.168347
1.168347
1.168347
1.168036
1.168036
1.168036
1.168036
1.162430
1.142187
1.135024
1.135024
1.135024
1.135024
1.135024
1.135024
1.128172
1.103258
1.078344
1.052495
1.026646
1.000486
0.986783
0.996749
1.004223
1.005469
1.002355
1.002043
1.016992
1.018238
1.013566
1.008895
1.008895
1.008895
1.008895
1.008895
1.008895
1.008895
1.008895
1.009206
1.009206
1.009206
1.009206
1.009206
1.009206
1.009206
1.009206
1.009517
1.009517
1.009517
1.009517
1.009517
1.000797
0.990832
0.983357
0.982423
0.980866
0.980866
0.964671
0.963426
0.960934
0.960934
0.967474
1.013877
1.042841
1.068689
1.094849
1.113224
1.116027
1.118830
1.119141
1.119141
1.119141
1.121321
1.121321
1.121321
1.121321
1.125992
1.127238
1.127238
1.127238
1.139695
1.143744
1.143744
1.143744
1.143433
1.145301
1.146235
1.146235
1.152776
1.162118
1.162118
1.155578
1.109175
1.080212
1.054363
1.028203
1.009829
1.007026
1.004223
1.003912
1.003912
1.003912
1.002043
1.002043
1.002043
1.004223
1.019795
1.028515
1.028515
1.028515
1.016057
1.012009
1.012009
1.021975
1.046889
1.069935
1.094849
1.121010
1.134713
1.125370
1.125370
1.125370
1.125370
1.125370
1.125370
1.125370
1.125370
1.125370
1.125058
1.125058
1.125058
1.125058
1.124747
1.124747
1.124747
1.122567
1.102012
1.092047
1.092047
1.092047
1.092047
1.092047
1.092047
1.082081
1.057166
1.032252
1.006403
0.980243
0.960000
0.960000
0.960000
0.960000
0.960000
0.960000
0.960000
0.960000
0.960000
0.960000
0.965917
1.012320
1.041283
1.041283
1.041283
1.041283
1.041283
1.041283
1.041283
1.041283
1.041283
1.041283
1.046578
1.047823
1.047823
1.047823
1.047823
1.047823
1.047823
1.047823
1.047823
1.047823
1.047823
1.047823
1.047823
1.047823
1.047823
1.048135
1.048135
1.048135
1.042218
1.002666
0.998617
1.023220
1.049069
1.075229
1.097029
1.097029
1.097029
1.097029
1.097029
1.097029
1.091735
1.090489
1.090489
1.097341
1.113535
1.129730
1.145924
1.161807
1.173953
1.173953
1.173953
1.174264
1.179559
1.179559
1.196687
1.206964
1.206964
1.206964
1.206964
1.200113
1.189524
1.170838
1.169904
1.168658
1.188590
1.215062
1.240599
1.240910
1.240910
1.247762
1.268005
1.294165
1.320014
1.334962
1.318768
1.302574
1.286379
1.270496
1.258350
1.258350
1.258350
1.258039
1.252745
1.252745
1.235616
1.225027
1.225027
1.225027
1.225027
1.225027
1.210702
1.204784
1.179870
1.154956
1.113224
1.086752
1.061215
1.060903
1.060903
1.054052
1.033809
1.023220
0.998306
0.976506
0.976506
0.976506
0.976506
0.976506
0.976506
0.976506
0.976506
0.976506
0.976506
0.976506
0.976506
0.976506
0.976506
0.976506
0.976506
0.976506
0.976506
0.976506
0.976506
0.976506
0.976506
0.976506
0.976506
0.976506
0.976506
0.976506
0.976506
0.960934
0.960000
0.960000
0.960000
0.960000
0.960000
0.960000
0.960000
0.960000
0.960000
0.960000
0.960000
0.960000
0.960000
0.960000
0.960000
0.960000
0.960000
0.960000
0.960000
0.960000
0.960000
0.960000
0.960000
0.960000
0.960000
0.960000
0.960000
0.960000
0.960000
0.960000
0.960000
0.960000
0.960000
0.960000
0.960000
0.960000
0.960000
0.960000
0.960000
0.960000
0.962491
0.967786
0.978997
0.978997
0.978997
0.978997
0.978997
0.978997
0.978997
0.978997
0.978997
0.978997
0.978997
0.978997
0.978997
0.978997
0.978997
0.978997
0.978997
0.978997
0.978997
0.978997
0.978997
0.978997
0.978997
0.978997
0.978997
0.981489
0.981489
0.981489
0.978997
0.973703
0.962491
0.962491
0.962491
0.962491
0.962491
0.978063
0.985537
0.985537
0.985537
0.985537
0.985537
0.985537
0.985537
0.985537
0.985537
0.985537
0.985537
0.985537
0.985537
0.985537
0.985537
0.985537
0.985537
0.985537
0.985537
0.983046
0.983046
0.983046
0.983046
0.983046
0.983046
0.983046
0.983046
0.983046
0.983046
0.967474
0.960000
0.960000
0.960000
0.960000
0.960000
0.960000
0.960000
0.960000
0.960000
0.960000
0.960000
0.960000
0.960000
0.960000
0.960000
0.960623
0.960623
0.960623
0.960623
0.960623
0.960623
0.960644
0.960667
0.960692
0.960719
0.960747
0.960779
0.960812
0.960849
0.960890
0.960934
0.960983
0.961038
0.961099
0.961168
