0.960000
0.960000
0.960000
0.960000
0.960000
0.960000
0.960000
0.960000
0.960000
0.960000
0.960000
0.960000
0.960000
0.960000
0.960000
0.960000
0.960000
0.960000
0.960000
0.960000
0.960000
0.960000
0.960000
0.960000
0.960000
0.960000
0.960000
0.960000
0.960000
0.960000
0.960000
0.960000
0.960000
0.960000
0.960000
0.960000
0.960000
0.960000
0.960000
0.960000
0.960000
0.960000
0.960000
0.960000
0.960000
0.960000
0.960000
0.960000
0.960000
0.960000
0.960000
0.960000
0.960000
0.960000
0.960000
0.960000
0.960000
0.960000
0.960000
0.960000
0.960000
0.960000
0.960000
0.960000
0.960000
0.960000
0.960000
0.960000
0.960000
0.960000
0.960000
0.960000
0.960000
0.960000
0.960000
0.960000
0.960000
0.960000
0.960000
0.960000
0.960000
0.960000
0.960000
0.960000
0.960000
0.960000
0.960000
0.960000
0.960000
0.960000
0.960000
0.960000
0.960000
0.960000
0.960000
0.960000
0.960000
0.960000
0.960000
0.960000
0.960000
0.960000
0.960000
0.960000
0.960000
0.960000
0.960000
0.960000
0.960000
0.960000
0.960000
0.960000
0.960000
0.960000
0.960000
0.960000
0.960000
0.960000
0.960000
0.960000
0.960000
0.960000
0.960000
0.960000
0.960000
0.960000
0.960000
0.960000
0.960000
0.960000
0.960000
0.960000
0.960000
0.960000
0.960000
0.960000
0.960000
0.960000
0.960000
0.960000
0.960000
0.960000
0.960000
0.960000
0.960000
0.960000
0.960000
0.960000
0.960000
0.960000
0.960000
0.960000
0.960000
0.960000
0.960000
0.960000
0.960000
0.960000
0.960000
0.960000
0.960000
0.960000
0.960000
0.960000
0.960000
0.960000
0.960000
0.960000
0.960000
0.960000
0.960000
0.960000
0.960000
0.960000
0.960000
0.960000
0.960000
0.960000
0.960000
0.960000
0.960000
0.960000
0.960000
0.960000
0.960000
0.960000
0.960000
0.960000
0.960000
0.960000
0.960000
0.960000
0.960000
0.960000
0.960000
0.960000
0.960000
0.960000
0.960000
0.960000
0.960000
0.960000
0.960000
0.960000
0.960000
0.960000
0.960000
0.960000
0.960000
0.960000
0.960000
0.960000
0.960000
0.960000
0.960000
0.960000
0.960000
0.960000
0.960000
0.960000
0.960000
0.960000
0.960000
0.960000
0.960000
0.960000
0.960000
0.960000
0.960000
0.960000
0.960000
0.960000
0.960000
0.960000
0.960000
0.960000
0.960000
0.960000
0.960000
0.960000
0.960000
0.960000
0.960000
0.960000
0.960000
0.960000
0.960000
0.960000
0.960000
0.960000
0.960000
0.960000
0.960000
0.960000
0.960000
0.960000
0.960000
0.960000
0.960000
0.960000
0.960000
0.960000
0.960000
0.960000
0.960000
0.960000
0.960000
0.960000
0.960000
0.960000
0.960000
0.960000
0.960000
0.960000
0.960000
0.960000
0.960000
0.960000
0.960000
0.960000
0.960000
0.960000
0.960000
0.960000
0.960000
0.960000
0.960000
0.960000
0.960000
0.960000
0.960000
0.960000
0.960000
0.960000
0.960000
0.960000
0.960000
0.960000
0.960000
0.960000
0.960000
0.960000
0.960000
0.960000
0.960000
0.960000
0.960000
0.960000
0.960000
0.960000
0.960000
0.960000
0.960000
0.960000
0.960000
0.960000
0.960000
0.960000
0.960000
0.960000
0.960000
0.960000
0.960000
0.960000
0.960000
0.960000
0.960000
0.960000
0.960000
0.960000
0.960000
0.960000
0.960000
0.960000
0.960000
0.960000
0.960000
0.960000
0.960000
0.960000
0.960000
0.960000
0.960000
0.960000
0.960000
0.960000
0.960000
0.960000
0.960000
0.960000
0.960000
0.960000
0.960000
0.960000
0.960000
0.960000
0.960000
0.960000
0.960000
0.960000
0.960000
0.960000
0.960000
0.960000
0.960000
0.960000
0.960000
0.960000
0.960000
0.960000
0.960000
0.960000
0.960000
0.960000
0.960000
0.960000
0.960000
0.960000
0.960000
0.960000
0.960000
0.960000
0.960000
0.960000
0.960000
0.960000
0.960000
0.960000
0.960000
0.960000
0.960000
0.960000
0.960667
0.960667
0.960667
0.960667
0.960667
0.960667
0.960667
0.960667
0.961334
0.961334
0.961334
0.961334
0.961334
0.961334
0.961334
0.961334
0.961334
0.961334
0.961334
0.961334
0.961334
0.961334
0.961334
0.961334
0.961334
0.961334
0.961334
0.961334
0.961334
0.961334
0.960667
0.960667
0.960667
0.960667
0.960667
0.960667
0.960667
0.960667
0.960000
0.960000
0.960000
0.960000
0.960000
0.960000
0.960000
0.960000
0.960000
0.960000
0.960000
0.960000
0.960000
0.960000
0.960000
0.960000
0.960667
0.960667
0.960667
0.960667
0.960667
0.960667
0.960667
0.960667
0.960667
0.960667
0.960667
0.960667
0.960667
0.960667
0.960667
0.960667
0.960667
0.960667
0.960667
0.960667
0.960667
0.972005
1.017359
1.024029
1.024029
1.024029
1.024029
1.024029
1.024029
1.024029
1.023362
1.023362
1.023362
1.023362
1.023362
1.023362
1.023362
1.023362
1.023362
1.023362
1.023362
1.023362
1.023362
1.023362
1.023362
1.023362
1.024029
1.024029
1.024029
1.024029
1.024029
1.012690
0.988013
0.981343
0.981343
0.981343
0.981343
0.981343
0.981343
0.981343
0.981343
0.981343
0.981343
0.981343
0.981343
0.981343
0.981343
0.981343
0.981343
0.981343
0.981343
0.981343
0.981343
0.981343
0.981343
0.981343
0.980676
0.980676
0.980676
0.980676
0.980676
0.980676
0.960000
0.960000
0.960000
0.960000
0.960000
0.960000
0.960000
0.960000
0.960000
0.960000
0.960000
0.960000
0.960000
0.966003
0.966003
0.976674
0.976674
0.976674
0.976674
0.976674
0.976674
0.976674
0.976674
0.976674
0.976674
0.976674
1.004687
1.008021
1.016692
1.036034
1.042037
1.042037
1.042037
1.056043
1.056043
1.056043
1.064046
1.098729
1.122739
1.135412
1.135412
1.135412
1.135412
1.129409
1.129409
1.118738
1.118738
1.118738
1.118738
1.118738
1.118738
1.118738
1.118738
1.118738
1.118738
1.118738
1.090725
1.087390
1.078720
1.059378
1.066714
1.113402
1.154087
1.140080
1.140080
1.140080
1.132077
1.097395
1.073384
1.060712
1.060712
1.060712
1.060712
1.071383
1.099396
1.147417
1.147417
1.147417
1.147417
1.147417
1.147417
1.147417
1.147417
1.147417
1.147417
1.147417
1.172095
1.215447
1.215447
1.263469
1.320828
1.346839
1.372851
1.437547
1.502909
1.577609
1.652976
1.727676
1.803043
1.877743
1.921763
1.981789
1.994462
1.983790
1.955778
1.907756
1.949775
1.949775
1.949775
1.949775
1.949775
1.949775
1.949775
1.949775
1.949775
1.949775
1.925098
1.881745
1.881745
1.833723
1.775031
1.744350
1.684990
1.620295
1.554932
1.480232
1.404865
1.330165
1.254798
1.180098
1.136079
1.076052
1.063379
1.063379
1.063379
1.063379
1.021361
1.021361
1.021361
1.021361
1.021361
1.021361
1.021361
1.021361
1.050707
1.098062
1.112068
1.112068
1.112068
1.112068
1.100063
1.058044
1.050707
1.053375
1.084722
1.128075
1.133411
1.133411
1.133411
1.133411
1.133411
1.133411
1.133411
1.133411
1.133411
1.133411
1.133411
1.133411
1.133411
1.133411
1.133411
1.134078
1.134078
1.134078
1.104731
1.057377
1.043371
1.043371
1.043371
1.043371
1.043371
1.043371
1.043371
1.040703
1.009355
0.966003
0.960667
0.960667
0.960667
0.960667
0.960667
0.961334
0.961334
0.961334
0.961334
0.961334
0.982010
1.056710
1.132744
1.209445
1.280143
1.355510
1.426208
1.501575
1.576942
1.617627
1.617627
1.617627
1.617627
1.617627
1.617627
1.617627
1.617627
1.632967
1.705666
1.782367
1.858401
1.929766
1.941772
1.941772
1.941772
1.941105
1.941105
1.960447
1.960447
1.960447
1.939771
1.865071
1.832389
1.772363
1.701664
1.625630
1.554932
1.479565
1.404198
1.363513
1.363513
1.363513
1.363513
1.363513
1.363513
1.363513
1.363513
1.348173
1.275474
1.198773
1.122739
1.051374
1.039369
1.039369
1.039369
1.039369
1.039369
1.020027
1.020027
1.020027
1.020027
1.020027
0.976674
0.960000
0.960000
0.960000
0.960000
0.960000
0.960000
0.960000
0.960000
0.960000
0.960000
0.960000
0.960000
0.960000
0.960000
0.960000
0.960000
0.960000
0.960000
0.960000
0.960000
0.960000
0.960000
0.960000
0.960000
0.960000
0.960000
0.960000
0.960000
0.960000
0.960000
0.960000
0.970671
0.984678
0.984678
0.984678
1.001352
1.009355
1.009355
1.009355
1.009355
1.009355
1.009355
1.009355
1.009355
1.009355
1.009355
1.009355
1.009355
1.009355
1.009355
1.009355
1.009355
1.009355
1.009355
1.009355
1.009355
1.009355
1.009355
1.014691
1.018693
1.018693
1.008021
0.994015
0.994015
0.994015
0.977341
0.969338
0.969338
0.969338
0.969338
0.969338
0.969338
0.969338
0.969338
0.969338
0.969338
0.969338
0.969338
0.969338
0.969338
0.969338
0.969338
0.969338
0.969338
0.969338
0.969338
0.969338
0.969338
0.964002
0.960000
0.960000
0.960000
0.960000
0.960000
0.960000
0.960000
0.960000
0.960000
0.960000
0.960000
0.960000
0.960000
0.960000
0.960000
0.960000
0.960000
0.960000
0.960000
0.960000
0.960000
0.960000
0.960000
0.960000
0.960000
0.960000
0.960000
0.960000
0.960000
0.960000
0.960000
0.960000
0.960000
0.960000
0.960000
0.960000
0.960000
0.960000
0.960000
0.960000
0.960000
0.960000
0.960000
0.960000
0.960000
0.960000
0.960000
0.960000
0.960000
0.960000
0.960000
0.960000
0.960000
0.960000
0.960000
0.960000
0.960000
0.960000
0.960000
0.960000
0.960000
0.960000
0.960000
0.960000
0.960000
0.960000
0.960000
0.960000
0.960000
0.960000
0.960000
0.960000
0.960000
0.960000
0.960000
0.960000
0.960000
0.960000
0.960000
0.960000
0.960000
0.960000
0.994015
0.996016
0.996016
0.996016
0.996016
0.996016
0.996016
0.996016
0.996016
0.996016
0.996016
0.996016
0.996016
0.996016
0.996016
0.996016
0.996016
0.996016
0.996016
0.996016
0.996016
0.996016
0.996016
0.996016
0.996016
0.996016
0.996016
0.996016
0.996016
0.996016
0.962001
0.960000
0.960000
0.960000
0.960000
0.960000
0.960000
0.960000
0.967337
0.967337
0.967337
0.967337
0.967337
0.967337
0.967337
0.967337
0.967337
0.972672
0.972672
0.972672
0.972672
0.972672
0.972672
0.972672
0.972672
0.972672
0.972672
0.972672
0.972672
0.981343
0.981343
0.981343
0.981343
0.981343
0.981343
0.981343
0.981343
0.981343
0.974006
0.974006
0.974006
0.974006
0.974006
0.974006
0.974006
0.974006
0.974006
0.968671
0.968671
0.968671
0.968671
0.968671
0.968671
0.968671
0.968671
0.968671
0.968671
0.968671
0.968671
0.960000
0.960000
0.960000
0.960000
0.960000
0.960000
0.960000
0.960000
0.960000
0.960000
0.960000
0.960000
0.960000
0.960000
0.960000
0.960000
0.960000
0.960000
0.960000
0.960000
0.960000
0.960000
0.960000
0.960000
0.960000
0.960000
0.960000
0.960000
0.960000
0.960000
0.960000
0.960000
0.960000
0.960000
0.960000
0.960000
0.960000
0.960000
0.960000
0.960000
0.960000
0.960000
0.960000
0.960000
0.960000
0.960000
0.960000
0.960000
0.960000
0.960000
0.960000
0.960000
0.960000
0.960000
0.960000
0.960000
0.960000
0.960000
0.960000
0.960000
0.960000
0.960000
0.960000
0.960000
0.960000
0.981343
0.981343
0.981343
0.981343
0.981343
0.981343
0.981343
0.981343
0.981343
0.981343
0.981343
0.981343
0.981343
0.981343
0.981343
0.981343
0.981343
0.981343
0.981343
0.981343
0.981343
0.981343
0.981343
0.981343
0.981343
0.981343
0.982010
0.982010
0.982010
0.982010
0.960667
0.961334
0.961334
0.961334
0.961334
0.961334
0.961334
0.961334
0.961334
0.961334
0.961334
0.961334
0.961334
0.961334
0.961334
0.961334
0.961334
0.961334
0.961334
0.961334
0.978008
0.996683
0.996683
0.996683
0.996683
0.996683
0.996016
0.996016
0.996016
0.996016
0.996016
0.995349
0.995349
0.995349
0.995349
0.995349
0.995349
1.008021
1.008688
1.008688
1.008688
1.008688
1.008688
1.013357
1.034033
1.034033
1.034033
1.034033
1.034033
1.034033
1.017359
0.998684
0.998684
0.998684
0.998684
0.998684
0.998684
0.998684
1.000018
1.000018
1.000018
1.000018
1.000018
1.000018
1.000018
1.000018
1.000018
0.987346
0.986679
0.986679
0.986679
0.986679
0.986679
0.982010
0.961334
0.961334
0.961334
0.961334
0.961334
0.961334
0.961334
0.961334
0.961334
0.961334
0.961334
0.961334
0.961334
0.961334
0.960000
0.960000
0.960000
0.960000
0.960000
0.960000
0.960000
0.960000
0.960000
0.960000
0.960000
0.960000
0.960000
0.960000
0.960000
0.960000
0.960000
0.960000
0.960000
0.960000
0.960000
0.960000
0.960000
0.960000
0.960000
0.960000
0.960000
0.960000
0.960000
0.960000
0.960000
0.960000
0.960000
0.960000
0.960000
0.960000
0.960000
0.960000
0.960000
0.960000
0.960000
0.960000
0.960000
0.960000
0.960000
0.960000
0.960000
0.960000
0.960000
0.960000
0.960000
0.960000
0.960000
0.960000
0.960000
0.960000
0.960000
0.960000
0.960000
0.960000
0.960000
0.960000
0.960000
0.960000
0.960000
0.960000
0.960000
0.960000
0.960000
0.960000
0.960000
0.960000
0.960000
0.960000
0.960000
0.960000
0.960000
0.960000
0.960000
0.960000
0.960000
0.960000
0.960000
0.960000
0.960000
0.960000
0.960000
0.960000
0.960000
0.960000
0.960000
0.960000
0.960000
0.960000
0.960000
0.960000
0.960000
0.960000
0.960000
0.960000
0.960000
0.960000
0.960000
0.960000
0.960000
0.960000
0.960000
0.960000
0.960000
0.960000
0.960000
0.960000
0.960000
0.960000
0.960000
0.960000
0.960000
0.960000
0.960000
0.960000
0.960000
0.960000
0.960000
0.960000
0.960000
0.960000
0.960000
0.960000
0.960000
0.960000
0.960000
0.960000
0.960000
0.960000
0.960000
0.960000
0.960000
0.960000
0.960000
0.960000
0.960000
0.960000
0.960000
0.960000
0.960000
0.960000
0.960000
0.960000
0.960000
0.960000
0.960000
0.960000
0.960000
0.960000
0.960000
0.960000
0.960000
0.960000
0.960000
0.960000
0.960000
0.960000
0.960000
0.960000
0.960000
0.960000
0.960000
0.960000
0.960000
0.960000
0.960000
0.960000
0.960000
0.960000
0.960000
0.960000
0.960000
0.960000
0.960000
0.960000
0.960000
0.960000
0.960000
0.960000
0.960000
0.960000
0.960000
0.960000
0.960000
0.960000
0.960000
0.960000
0.960000
0.960000
0.960000
0.960000
0.960000
0.960000
0.960000
0.960000
0.960000
0.960000
0.960000
0.960000
0.960000
0.960000
0.960000
0.960000
0.960000
0.960000
0.960000
0.960000
0.960000
0.960000
0.960000
0.960000
0.960000
0.960000
0.960000
0.960000
0.960000
0.960000
0.960000
0.960000
0.960000
0.960000
0.960000
0.960000
0.960000
0.960000
0.960000
0.960000
0.960000
0.960000
0.960000
0.960000
0.960000
0.960000
0.960000
0.960000
0.960000
0.960000
0.960000
0.960000
0.960000
0.960000
0.960000
0.960000
0.960000
0.960000
0.960000
0.960000
0.960000
0.960000
0.960000
0.960000
0.960000
0.960000
0.960000
0.960000
0.960000
0.960000
0.960000
0.960000
0.960000
0.960000
0.960000
0.960000
0.960000
0.960000
0.960000
0.960000
0.960000
0.960000
0.960000
0.960000
0.960000
0.960000
0.960000
0.960000
0.960000
0.960000
0.960000
0.960000
0.960000
0.960000
0.960000
0.960000
0.960000
0.960000
0.960000
0.960000
0.960000
0.960000
0.960000
0.960000
0.960000
0.960000
0.960000
0.960000
0.960000
0.960000
0.960000
0.960000
0.960000
0.960000
0.960000
0.960000
0.960000
0.960000
0.960000
0.960000
0.960000
0.960000
0.960000
0.960000
0.960000
0.960000
0.960000
0.960000
0.960000
0.960000
0.960000
0.960000
0.960000
0.960000
0.960000
0.960000
0.960000
0.960000
0.960000
0.960000
0.960000
0.960000
0.960000
0.960000
0.960000
0.960000
0.960000
0.960000
0.960000
0.960000
0.960000
0.960000
0.960000
0.960000
0.960000
0.960000
0.960000
0.960000
0.960000
0.960000
0.960000
0.960000
0.960000
0.960000
0.960000
0.960000
0.960000
0.960000
0.960000
0.960000
0.960000
0.960000
0.960000
0.960000
0.960000
0.960000
0.960000
0.960000
0.960000
0.960000
0.960000
0.960000
0.960000
0.960000
0.960000
0.960000
0.960000
0.960000
0.960000
0.960000
0.960000
0.960000
0.960000
0.960000
0.960000
0.960000
0.960000
0.960000
0.960000
0.960000
0.960000
0.960000
0.960000
0.960000
0.960000
0.960000
0.960000
0.960000
0.960000
0.960000
0.960000
0.960000
0.960000
0.960000
0.960000
0.960000
0.960000
0.960000
0.960000
0.960000
0.960000
0.960000
0.960000
0.960000
0.960000
0.960000
0.960000
0.960000
0.960000
0.960000
0.960000
0.960000
0.960000
0.960000
0.960000
0.960000
0.960000
0.960000
0.960000
0.960000
0.960000
0.960000
0.960000
0.960000
0.960000
0.960000
0.960000
0.960000
0.960000
0.960000
0.960000
0.960000
0.960000
0.960000
0.960000
0.960000
0.960000
0.960000
0.960000
0.960000
0.960000
0.960000
0.960000
0.960000
0.960000
0.960000
0.960000
0.960000
0.960000
0.960000
0.960000
0.960000
0.960000
0.960000
0.960000
0.960000
0.960000
0.960000
0.960000
0.960000
0.960000
0.960000
0.960000
0.960000
0.960000
0.960000
0.960000
0.960000
0.960000
0.960000
0.960000
0.960000
0.960000
0.960667
0.960667
0.960667
0.960667
0.960667
0.960667
0.960667
0.960667
0.960667
0.961334
0.961334
0.961334
0.961334
0.961334
0.961334
0.961334
0.961334
0.961334
0.961334
0.961334
0.961334
0.961334
0.961334
0.961334
0.961334
0.961334
0.961334
0.961334
0.961334
0.961334
0.960667
0.960667
0.960667
0.960667
0.960667
0.960667
0.960667
0.960667
0.960667
0.960000
0.960000
0.960000
0.960000
0.960667
0.960667
0.960667
0.960667
0.960667
0.960667
0.960667
0.960667
0.960667
0.960667
0.960667
0.960667
0.960667
0.960667
0.960667
0.960667
0.960667
0.960667
0.960667
0.960667
0.960667
0.960667
0.961334
0.961334
0.961334
0.961334
0.961334
0.962001
0.962001
0.962001
0.961334
0.971338
0.982010
0.982010
0.982010
0.982010
0.982677
1.016025
1.016025
1.016025
1.016025
1.016025
1.016025
1.016025
1.016025
1.016025
1.016025
1.016025
1.016025
1.016025
1.016025
1.016025
1.015358
1.015358
1.015358
1.015358
1.015358
1.031365
1.050707
1.122739
1.202108
1.266137
1.322162
1.393527
1.469561
1.546929
1.616960
1.614292
1.614292
1.614292
1.614292
1.614292
1.634301
1.634301
1.634301
1.634301
1.634301
1.634301
1.634301
1.634301
1.634301
1.634301
1.634301
1.634301
1.634301
1.634301
1.634301
1.617627
1.598285
1.526253
1.446884
1.372851
1.306155
1.234789
1.158755
1.081388
1.010689
0.980009
0.980009
0.980009
0.980009
0.980009
0.960000
0.960000
0.960000
0.960000
0.960000
0.960000
0.960000
0.960000
0.960000
0.960000
0.960000
0.960000
0.960000
0.960000
0.960000
0.960000
0.960000
0.960000
0.960000
0.960000
0.960000
0.960000
0.960000
0.960000
0.960000
0.960000
0.960000
0.960000
0.960000
0.960000
0.960000
0.960000
0.960000
0.960000
0.960000
0.960000
0.960000
0.960000
0.960000
0.960000
0.960000
0.960000
0.960000
0.960000
0.960000
0.960000
0.960000
0.960000
0.960000
0.970004
1.042704
1.118738
1.195438
1.271472
1.348173
1.418872
1.422206
1.422206
1.422206
1.422206
1.422206
1.422206
1.422206
1.422206
1.422206
1.422206
1.422206
1.422206
1.422206
1.422206
1.422206
1.422206
1.422206
1.422206
1.422206
1.422206
1.422206
1.422206
1.422206
1.412202
1.339503
1.263469
1.186768
1.110734
1.034033
0.963335
0.960000
0.960000
0.960000
0.960000
0.960000
0.960000
0.960000
0.960000
0.960000
0.960000
0.960000
0.960000
0.960000
0.960000
0.960000
0.960000
0.960000
0.960000
0.960000
0.960000
0.960000
0.960000
0.960000
0.960000
0.960000
0.960000
0.960000
0.960000
0.960000
0.960000
0.960000
0.960000
0.960000
0.960000
0.960000
0.960000
0.960000
0.960000
0.960000
0.960000
0.960000
0.960000
0.960000
0.960000
0.960000
0.960000
0.960000
0.960000
0.960000
0.960000
0.960000
0.960000
0.960000
0.960000
0.960000
0.960000
0.960000
0.960000
0.960000
0.960000
0.960000
0.960000
0.960000
0.960000
0.960000
0.960000
0.960000
0.960000
0.960000
0.960000
0.960000
0.960000
0.960000
0.960000
0.960000
0.960000
0.960000
0.960000
0.960000
0.960000
0.960000
0.960000
0.960000
0.960000
0.960000
0.960000
0.960000
0.960000
0.960000
0.960000
0.960000
0.960000
0.960000
0.960000
0.960000
0.960000
0.960000
0.960000
0.960000
0.960000
0.960000
0.960000
0.960000
0.960000
0.960000
0.960000
0.960000
0.960000
0.960000
0.960000
0.960000
0.960000
0.960000
0.960000
0.960000
0.960000
0.960000
0.960000
0.960000
0.960000
0.960000
0.960000
0.960000
0.960667
0.960667
0.960667
0.961334
0.961334
0.961334
0.961334
0.962001
0.962001
0.962001
0.962001
0.962001
0.962001
0.962001
0.962001
0.962001
0.962001
0.962001
0.962001
0.962001
0.962001
0.962001
0.962001
0.962001
0.962001
0.962001
0.962001
0.962001
0.962001
0.962001
0.961334
0.961334
0.961334
0.960667
0.960667
0.960667
0.960667
0.960000
0.960000
0.960000
0.960000
0.960000
0.960000
0.960000
0.960000
0.960000
0.960000
0.960000
0.960000
0.960000
0.960000
0.960000
0.960000
0.960000
0.960000
0.960000
0.960000
0.960000
0.960000
0.960000
0.960000
0.960000
0.960000
0.960000
0.960000
0.960000
0.960000
0.960000
0.960000
0.960000
0.960000
0.960000
0.960000
0.960000
0.960000
0.960000
0.960000
0.960000
0.960000
0.960000
0.960000
0.960000
0.960000
0.960000
0.960000
0.960000
0.960000
0.960000
0.960000
0.960000
0.960000
0.960000
0.960000
0.960000
0.960000
0.960000
0.960000
0.960000
0.960000
0.960000
0.960000
0.960000
0.960000
0.960000
0.960000
0.960000
0.960000
0.960000
0.960000
0.960000
0.960000
0.960000
0.960000
0.960000
0.960000
0.960000
0.960000
0.960000
0.960000
0.960000
0.960000
0.960000
0.960000
0.960000
0.960000
0.960000
0.960000
0.960000
0.960000
0.960000
0.960000
0.960000
0.960000
0.960000
0.960000
0.960000
0.960000
0.960000
0.960000
0.960000
0.960000
0.960000
0.960000
0.960000
0.960000
0.960000
0.960000
0.960000
0.960000
0.960000
0.960000
0.960000
0.960000
0.960000
0.960000
0.960000
0.960000
0.960000
0.960000
0.960000
0.960000
0.960000
0.960000
0.960000
0.960000
0.960000
0.960000
0.960000
0.960000
0.960000
0.960000
0.960000
0.960000
0.960000
0.960000
0.960000
0.960000
0.960000
0.960000
0.960000
0.960000
0.960000
0.960000
0.960000
0.960000
0.960000
0.960000
0.960000
0.960000
0.960000
0.960000
0.960000
0.960000
0.960000
0.960000
0.960000
0.960000
0.960000
0.960000
0.960000
0.960000
0.960000
0.960000
0.960000
0.960000
0.960000
0.960000
0.960000
0.960000
0.960000
0.960000
0.960000
0.960000
0.960000
0.960000
0.960000
0.960000
0.960000
0.960000
0.960000
0.960000
0.960000
0.960000
0.960000
0.960000
0.960000
0.960000
0.960000
0.960000
0.960000
0.960000
0.960000
0.960000
0.960000
0.960000
0.960000
0.960000
0.960000
0.960000
0.960000
0.960000
0.960000
0.960000
0.960000
0.960000
0.960000
0.960000
0.960000
0.960000
0.960000
0.960000
0.960000
0.960000
0.960000
0.960000
0.960000
0.960000
0.960000
0.960000
0.960000
0.960000
0.980676
0.982010
0.982010
0.982010
0.982010
0.982010
0.982010
0.982010
0.982010
0.982010
0.982010
0.982010
0.982010
0.982010
0.982010
0.982010
0.982010
0.982010
0.982010
0.982010
0.982010
0.982010
0.982010
0.982010
0.982010
0.982010
0.982010
0.982010
0.982010
0.982010
0.961334
0.960000
0.960000
0.960000
0.960000
0.960000
0.960000
0.960000
0.960000
0.960000
0.960000
0.960000
0.960000
0.960000
0.960000
0.960000
0.960000
0.960000
0.960000
0.960000
0.960000
0.960000
0.960000
0.960000
0.960000
0.960000
0.960000
0.960000
0.960000
0.960000
0.960000
0.960000
0.960000
0.972005
0.994015
0.994015
0.994015
0.994015
0.994015
0.994015
0.994015
0.994015
0.994015
0.994015
0.994015
0.994015
0.994015
0.994015
0.994015
0.994015
0.994015
0.994015
0.994015
0.994015
0.994015
0.994015
0.994015
0.994015
0.994015
0.994015
0.994015
0.994015
0.994015
0.982010
0.960000
0.960000
0.960000
0.960000
0.960000
0.960000
0.960000
0.960000
0.960000
0.960000
0.960000
0.960000
0.960000
0.960000
0.960000
0.960000
0.960000
0.960000
0.960000
0.960000
0.960000
0.960000
0.960000
0.960000
0.960000
0.960000
0.960000
0.960000
0.960000
0.960000
0.960000
0.960000
0.960000
0.960000
0.960000
0.968671
0.968671
0.968671
0.968671
0.968671
0.968671
0.968671
0.968671
0.970671
0.970671
0.998017
1.004687
1.006688
1.018693
1.018693
1.018693
1.018693
1.018693
1.018693
1.018693
1.018693
1.018693
1.018693
1.027363
1.027363
1.027363
1.027363
1.027363
1.031365
1.036034
1.027363
1.027363
1.027363
1.027363
1.030698
1.030698
1.030698
1.030698
1.028697
1.028697
1.001352
0.994682
0.992681
0.980676
0.980676
0.980676
0.996016
1.008688
1.021361
1.038035
1.042037
1.042037
1.042037
1.033366
1.033366
1.033366
1.033366
1.033366
1.029364
1.024696
1.024696
1.024696
1.024696
1.024696
1.021361
1.021361
1.021361
1.021361
1.021361
1.021361
1.021361
1.021361
1.021361
1.021361
1.021361
1.021361
1.006021
0.993348
0.980676
0.964002
0.960000
0.960000
0.960000
0.960000
0.960000
0.960000
0.960000
0.960000
0.960000
0.960000
0.960000
0.960000
0.960000
0.960000
0.960000
0.960000
0.960000
0.960000
0.960000
0.960000
0.960000
0.960000
0.960000
0.960000
0.960000
0.960000
0.960000
0.960000
0.960000
0.960000
0.960000
0.960000
0.960000
0.977341
0.977341
0.977341
0.977341
0.977341
0.977341
0.977341
0.977341
0.977341
0.984678
1.000685
1.000685
1.000685
1.000685
1.000685
1.000685
1.000685
1.000685
1.000685
1.000685
1.000685
1.000685
1.000685
1.000685
1.000685
1.000685
1.000685
1.000685
1.000685
1.000685
0.983344
0.983344
0.983344
0.983344
0.983344
0.983344
0.983344
0.983344
0.983344
0.976007
0.960000
0.960000
0.960000
0.960000
0.960000
0.960000
0.960000
0.960000
0.960000
0.960000
0.960000
0.960000
0.960000
0.960000
0.960000
0.960000
0.960000
0.960000
0.960000
0.960000
0.960000
0.960000
0.960000
0.960000
0.960000
0.960000
0.960000
0.960000
0.960000
0.960000
0.960000
0.960000
0.960000
0.960000
0.960000
0.960000
0.960000
0.960000
0.960000
0.960000
0.960000
0.960000
0.960000
0.960000
0.960000
0.960000
0.960000
0.960000
0.960000
0.960000
0.960000
0.960000
0.960000
0.960000
0.960000
0.960000
0.960000
0.960000
0.960000
0.960000
0.960000
0.960000
0.960000
0.960000
0.960000
0.960000
0.960000
0.960000
0.960000
0.960000
0.960000
0.960000
0.960000
0.960000
0.960000
0.960000
0.960000
0.960000
0.960000
0.960000
0.960000
0.960000
0.960000
0.960000
0.960000
0.960000
0.960000
0.960000
0.960000
0.960000
0.960000
0.960000
0.960000
0.960000
0.960000
0.960000
0.960000
0.960000
0.960000
0.960000
0.960000
0.960000
0.960000
0.960000
0.960000
0.960000
0.960000
0.960000
0.960000
0.960000
0.960000
0.960000
0.960000
0.960000
0.960000
0.960000
0.960000
0.960000
0.960000
0.960000
0.960000
0.960000
0.960000
0.960000
0.960000
0.960000
0.960000
0.960000
0.960000
0.960000
0.960000
0.960000
0.960000
0.960000
0.960000
0.960000
0.960000
0.960000
0.960000
0.960000
0.960000
0.960000
0.960000
0.960000
0.960000
0.960000
0.960000
0.960000
0.960000
0.960000
0.960000
0.960000
0.960000
0.960000
0.960000
0.960000
0.960000
0.960000
0.960000
0.960000
0.960000
0.960000
0.960000
0.960000
0.960000
0.960000
0.960000
0.960000
0.960000
0.960000
0.960000
0.960000
0.960000
0.960000
0.960000
0.960000
0.960000
0.960000
0.960000
0.960000
0.960000
0.960000
0.960000
0.960000
0.960000
0.960000
0.960000
0.960000
0.960000
0.960000
0.960000
0.960000
0.960000
0.960000
0.960000
0.960000
0.960000
0.960000
0.960000
0.960000
0.960000
0.960000
0.960000
0.960000
0.960000
0.960000
0.960000
0.960000
0.960000
0.960000
0.960000
0.960000
0.960000
0.960000
0.960000
0.960000
0.960000
0.960000
0.960000
0.960000
0.960000
0.960000
0.960000
0.960000
0.960000
0.960000
0.960000
0.960000
0.960000
0.960000
0.960000
0.960000
0.960000
0.960000
0.960000
0.960000
0.960000
0.960000
0.960000
0.960000
0.960000
0.960000
0.960000
0.960000
0.960000
0.960000
0.960000
0.960000
0.960000
0.960000
0.960000
0.960000
0.960000
0.960000
0.960000
0.960000
0.960000
0.960000
0.960000
0.960000
0.960000
0.960000
0.960000
0.960000
0.960000
0.960000
0.960000
0.960000
0.960000
0.960000
0.960000
0.960000
0.960000
0.960000
0.960000
0.960000
0.960000
0.960000
0.960000
0.960000
0.960000
0.960000
0.960000
0.960000
0.960000
0.960000
0.960000
0.960000
0.960000
0.960000
0.960000
0.960000
0.960000
0.960000
0.960000
0.960000
0.960000
0.960000
0.960000
0.960000
0.960000
0.960000
0.960000
0.960000
0.960000
0.960000
0.960000
0.960000
0.960000
0.960000
0.960000
0.960000
0.960000
0.960000
0.960000
0.960000
0.960000
0.960000
0.960000
0.960000
0.960000
0.960000
0.960000
0.960000
0.960000
0.960000
0.960000
0.960000
0.960000
0.960000
0.960000
0.960000
0.960000
0.960000
0.960000
0.960000
0.960000
0.960000
0.960000
0.960000
0.960000
0.960000
0.960000
0.960000
0.960000
0.960000
0.960000
0.960000
0.960000
0.960000
0.960000
0.960000
0.960000
0.960000
0.960000
0.960000
0.960000
0.960000
0.960000
0.960000
0.960000
0.960000
0.960000
0.960000
0.960000
0.960000
0.960000
0.960000
0.960000
0.960000
0.960000
0.960000
0.960000
0.960000
0.960000
0.960000
0.960000
0.960000
0.960000
0.960000
0.960000
0.960000
0.960000
0.960000
0.960000
0.960000
0.960000
0.960000
0.960000
0.960000
0.960000
0.960000
0.960000
0.960000
0.960000
0.960000
0.960000
0.960000
0.960000
0.960000
0.960000
0.960000
0.960000
0.960000
0.960000
0.960000
0.960000
0.960000
0.960000
0.960000
0.960000
0.960000
0.960000
0.960000
0.960000
0.960000
0.960000
0.960000
0.960000
0.960000
0.960000
0.960000
0.960000
0.960000
0.960000
0.960000
0.960000
0.960000
0.960000
0.960000
0.960000
0.960000
0.960000
0.960000
0.960000
0.960000
0.960000
0.960000
0.960000
0.960000
0.960000
0.960000
0.960000
0.960000
0.960000
0.960000
0.960000
0.960000
0.960000
0.960000
0.960000
0.960000
0.960000
0.960000
0.960000
0.960000
0.960000
0.960000
0.960000
0.960000
0.960000
0.960000
0.960000
0.960000
0.960000
0.960000
0.960000
0.960000
0.960000
0.960000
0.960000
0.960000
0.960000
0.960000
0.960000
0.960000
0.960000
0.960000
0.960000
0.960000
0.960000
0.960000
0.960000
0.960000
0.960000
0.960000
0.960000
0.960000
0.960000
0.960000
0.960000
0.960000
0.960000
0.960000
0.960000
0.960000
0.960000
0.960000
0.960000
0.960000
0.960000
0.960000
0.960000
0.960000
0.960000
0.960000
0.960000
0.960000
0.960000
0.960000
0.960000
0.960000
0.960000
0.960000
0.960000
0.960000
0.960000
0.960000
0.960000
0.960000
0.960000
0.960000
0.960000
0.960000
0.960000
0.960000
0.960000
0.960000
0.960000
0.960000
0.960000
0.960000
0.960000
0.960000
0.960000
0.960000
0.960000
0.960000
0.960000
0.960000
0.960000
0.960000
0.960000
0.974006
0.978008
0.978008
0.992681
0.992681
0.992681
0.992681
0.992681
0.992681
0.992681
0.992681
0.992681
0.992681
0.992681
0.992681
0.992681
0.992681
0.992681
0.992681
0.992681
0.992681
0.992681
0.992681
0.992681
0.992681
0.992681
0.992681
0.992681
0.992681
0.992681
0.978675
0.974673
0.974673
0.960000
0.960000
0.960000
0.960000
0.960000
0.960000
0.960000
0.960000
0.960000
0.960000
0.960000
0.960000
0.960000
0.960000
0.960000
0.960000
0.960000
0.960000
0.960000
0.960000
0.960000
0.960000
0.960000
0.960000
0.960000
0.960000
0.960000
0.960000
0.960000
0.960000
0.960000
0.960000
0.960000
0.960000
0.960000
0.960000
0.960000
0.960000
0.960000
0.960000
0.960000
0.960000
0.960000
0.960000
0.960000
0.960000
0.960000
0.960000
0.960000
0.960000
0.960000
0.960000
0.960000
0.960000
0.960000
0.960000
0.960000
0.960000
0.960000
0.960000
0.960000
0.960000
0.960000
0.960000
0.960000
0.960000
0.960000
0.960000
0.960000
0.960000
0.960000
0.960000
0.960000
0.960000
0.960000
0.960000
0.960000
0.960000
0.960000
0.960000
0.960000
0.960000
0.960000
0.960000
0.960000
0.960000
0.960000
0.960000
0.960000
0.960000
0.960000
0.960000
0.960000
1.026696
1.103397
1.179431
1.255465
1.331499
1.407533
1.483567
1.538258
1.538258
1.538258
1.538258
1.538258
1.538258
1.538258
1.538258
1.538258
1.538258
1.538258
1.538258
1.538258
1.538258
1.538258
1.538258
1.538258
1.538258
1.538258
1.538258
1.538258
1.538925
1.538925
1.472229
1.395528
1.319494
1.243460
1.167426
1.091392
1.015358
0.960667
0.960667
0.960667
0.960667
0.960667
0.960667
0.960667
0.960667
0.960667
0.960667
0.960667
0.960667
0.960667
0.960667
0.960667
0.960667
0.960667
0.960667
0.960667
0.960667
0.960667
0.960000
0.960000
0.960000
0.960000
0.960000
0.960000
0.960000
0.960000
0.960000
0.960000
0.960000
0.960000
0.960000
0.960000
0.960000
0.960000
0.960000
0.960000
0.960000
0.960000
0.960000
0.960000
0.960000
0.960000
0.960000
0.960000
0.960000
0.960000
0.987346
0.987346
1.010689
1.010689
1.010689
1.010689
1.010689
1.010689
1.020694
1.021361
1.046038
1.046038
1.046038
1.046038
1.056710
1.059378
1.069382
1.069382
1.069382
1.069382
1.069382
1.069382
1.069382
1.069382
1.081388
1.084055
1.084055
1.089391
1.089391
1.089391
1.064046
1.064046
1.041370
1.052041
1.058044
1.058044
1.058044
1.058044
1.072717
1.072050
1.047372
1.050040
1.050040
1.050040
1.039369
1.036701
1.026696
1.044704
1.062713
1.062713
1.062713
1.062713
1.062713
1.083388
1.146750
1.220783
1.292815
1.353509
1.420205
1.497573
1.577609
1.656978
1.733679
1.731678
1.765026
1.809046
1.809046
1.809046
1.784368
1.784368
1.796373
1.793706
1.793706
1.793706
1.793706
1.793706
1.793706
1.775697
1.757689
1.757689
1.757689
1.757689
1.757689
1.737014
1.661647
1.584946
1.512914
1.446884
1.380188
1.302820
1.220783
1.141414
1.096061
1.087390
1.048039
1.004020
1.004020
1.004020
1.004020
1.004020
0.992014
0.992014
0.992014
0.992014
0.992014
0.992014
0.992014
0.992014
0.992014
0.992014
0.992014
0.992014
0.992014
0.992014
0.992014
0.992014
0.992014
0.992014
0.992014
0.992014
0.992014
0.992014
0.960000
0.996016
0.996016
0.996016
0.996016
0.996016
0.996016
0.996016
0.996016
0.996016
0.996016
0.996016
0.996016
0.996016
0.996016
0.996016
0.996016
0.996016
0.996016
0.996016
0.996016
0.996016
0.996016
0.996016
0.996016
0.996016
0.996016
0.996016
0.996016
0.996016
0.996016
0.960000
0.960000
0.960000
0.960000
0.960000
0.960000
0.960000
0.960000
0.960000
0.960000
0.960000
0.960000
0.960000
0.960000
0.960000
0.960000
0.960000
0.960000
0.960000
0.960000
0.960000
0.960000
0.960000
0.960000
0.996016
1.000018
1.000018
1.000018
1.000018
1.000018
1.000018
1.000018
1.000018
1.000018
1.001352
1.009355
1.009355
1.009355
1.009355
1.009355
1.009355
1.009355
1.009355
1.009355
1.009355
1.009355
1.009355
1.009355
1.009355
1.009355
1.009355
1.009355
1.009355
1.009355
0.973339
0.969338
0.969338
0.969338
0.969338
0.969338
0.969338
0.969338
0.969338
0.969338
0.968004
0.960000
0.960000
0.960000
0.960000
0.960000
0.960000
0.960000
0.960000
0.960000
0.960000
0.960000
0.960000
0.960000
0.960000
0.960000
0.960000
0.960000
0.960000
0.960000
0.960000
0.960000
0.960000
0.960000
0.960000
0.960000
0.960000
0.960000
0.960000
0.960000
0.960000
0.960000
0.960000
0.960000
0.960000
0.960000
0.960000
0.960000
0.960000
0.960000
0.960000
0.960000
0.960000
0.960000
0.960000
0.960000
0.960000
0.960000
0.960000
0.960667
0.960667
0.960667
0.960667
0.960667
0.960667
0.960667
0.960667
0.960667
0.960667
0.960667
0.960667
0.960667
0.960667
0.961334
0.961334
0.961334
0.961334
0.961334
0.961334
0.961334
0.961334
0.961334
0.961334
0.961334
0.961334
0.961334
0.961334
0.961334
0.961334
0.960667
0.960667
0.960667
0.960667
0.960667
0.960667
0.960667
0.960667
0.960667
0.960667
0.960667
0.960667
0.960667
0.960667
0.960000
0.960000
0.960000
0.960000
0.960000
0.960000
0.960000
0.960000
0.960000
0.960000
0.960000
0.960000
0.960000
0.960000
0.960000
0.960000
0.960000
0.960000
0.960000
0.960000
0.960000
0.960000
0.960000
0.960000
0.960000
0.960000
0.960000
0.960000
0.960000
0.960000
0.960000
0.960000
0.960000
0.960000
0.960000
0.960000
0.960000
0.960000
0.960000
0.960000
0.960000
0.960000
0.960000
0.960000
0.960000
0.960000
0.960000
0.960000
0.960000
0.960000
0.960000
0.960000
0.960000
0.960000
0.960000
0.960000
0.960000
0.960000
0.960000
0.960000
0.960000
0.960000
0.960000
0.960000
0.960000
0.960000
0.960000
0.960000
0.960000
0.960000
0.960000
0.960000
0.960000
0.960000
0.960000
0.960000
0.960000
0.960000
0.960000
0.960000
0.960000
0.960000
0.960000
0.960000
0.960000
0.960000
0.960000
0.960000
0.960000
0.960000
0.960000
0.960000
0.960000
0.960000
0.960000
0.960000
0.960000
0.960000
0.960000
0.960000
0.960000
0.960000
0.960000
0.960000
0.960000
0.960000
0.960000
0.960000
0.960000
0.960000
0.960000
0.960000
0.960000
0.960000
0.960000
0.960000
0.960000
0.960000
0.960000
0.960000
0.960000
0.960000
0.960000
0.960000
0.960000
0.960000
0.960000
0.960000
0.960000
0.960000
0.960000
0.960000
0.960000
0.960000
0.960000
0.960000
0.960000
0.960000
0.960000
0.960000
0.960000
0.986679
0.992014
0.992014
0.992014
0.992014
0.992014
0.992014
0.992014
0.992014
0.992014
0.992014
0.992014
0.992014
0.992014
0.992014
0.992014
0.992014
0.992014
0.992014
0.992014
0.992014
0.992014
0.992014
0.992014
0.992014
0.992014
0.992014
0.992014
0.992014
0.992014
0.965336
0.960000
0.960000
0.960000
0.960000
0.960000
0.960000
0.960000
0.960000
0.960000
0.960000
0.960000
0.960000
0.960000
0.960000
0.960000
0.960000
0.960000
0.960000
0.960000
0.960000
0.960000
0.960000
0.960000
0.960000
0.960000
0.960000
0.960000
0.960000
0.960000
0.960000
0.960000
0.960000
0.960000
0.960000
0.960000
0.960000
0.960000
0.960000
0.960000
0.960000
0.960000
0.960000
0.960000
0.960000
0.960000
0.960000
0.960000
0.960000
0.960000
0.960000
0.960000
0.960000
0.960000
0.960000
0.960000
0.960000
0.960000
0.960000
0.960000
0.960000
0.960000
0.960000
0.960000
0.960000
0.960000
0.960000
0.960000
0.960000
0.960000
0.960000
0.960000
0.960000
0.960000
0.960000
0.960000
0.960000
0.960000
0.960000
0.960000
0.960000
0.960000
0.960000
0.960000
0.960000
0.960000
0.997350
0.997350
0.997350
0.997350
0.997350
0.997350
0.997350
0.997350
0.997350
0.997350
0.997350
0.997350
0.997350
0.997350
0.997350
0.997350
0.997350
0.997350
0.997350
0.997350
0.997350
0.997350
0.997350
0.997350
0.997350
0.997350
0.997350
0.997350
0.997350
0.997350
0.960000
0.960667
1.018026
1.056710
1.064046
1.068715
1.068715
1.068715
1.068715
1.068715
1.068715
1.068715
1.068715
1.068715
1.068715
1.068715
1.068715
1.068715
1.068715
1.068715
1.068715
1.068715
1.068715
1.068715
1.068715
1.068715
1.068715
1.068715
1.068715
1.068715
1.068715
1.068048
1.010689
0.972005
0.964669
0.960000
0.960000
0.960000
0.960000
0.960000
0.960000
0.960000
0.960000
0.960000
0.960000
0.960000
0.960000
0.960000
0.960000
0.960000
0.960000
0.960000
0.960000
0.960000
0.960000
0.960000
0.960000
0.960000
0.960000
0.960000
0.960000
0.960000
0.960000
0.960000
0.960000
0.960000
0.960000
0.960000
0.960000
0.960000
0.960000
0.960000
0.960000
0.960000
0.960000
0.960000
0.960000
0.960000
0.960000
0.960000
0.960000
0.960000
0.960000
0.960000
0.960000
0.960000
0.960000
0.960000
0.960000
0.960000
0.960000
0.960000
0.960000
0.960000
0.960000
0.960000
0.960000
0.960000
0.960000
0.960000
0.960000
0.960000
0.960000
0.960000
0.960000
0.960000
0.960000
0.960000
0.960000
0.960000
0.960000
0.960000
0.960000
0.960000
0.960000
0.960000
0.987346
1.002019
1.002019
1.002019
1.008021
1.008021
1.008021
1.008021
1.008021
1.008021
1.008021
1.008021
1.008021
1.008021
1.008021
1.008021
1.008021
1.008021
1.008021
1.008021
1.008021
1.008021
1.008021
1.008021
1.008021
1.008021
1.008021
1.022028
1.022028
1.022028
0.994682
0.980009
0.980009
0.980009
0.974006
0.974006
0.974006
0.974006
0.974006
0.974006
0.974006
0.974006
0.974006
0.974006
0.974006
0.974006
0.974006
0.974006
0.974006
0.974006
0.974006
0.974006
0.974006
0.974006
0.974006
0.974006
0.974006
0.960000
0.960000
0.960000
0.960000
0.960000
0.960000
0.960000
0.960000
0.960000
0.960000
0.960000
0.960000
0.960000
0.960000
0.960000
0.960000
0.960000
0.960000
0.960000
0.960000
0.960000
0.960000
0.960000
0.960000
0.960000
0.960000
0.960000
0.960000
0.960000
0.960000
0.960000
0.960000
0.960000
0.960000
0.960000
0.960000
0.960000
0.960000
0.960000
0.960000
0.960000
0.960000
0.960000
0.960000
0.960000
0.960000
0.960000
0.960000
0.960000
0.960000
0.960000
0.960000
0.960000
0.960000
0.960000
0.960000
0.960000
0.960000
0.960000
0.960000
0.960000
0.960000
0.960000
0.960000
0.960000
0.960000
0.960000
0.960000
0.960000
0.960000
0.960000
0.960000
0.960000
0.960000
0.960000
0.960000
0.960000
0.960000
0.960000
0.960000
0.960000
0.960000
0.960000
0.960000
0.960000
0.960000
0.960000
0.960000
0.960000
0.960000
0.960000
0.960000
0.960000
0.960000
0.960000
0.960000
0.960000
0.960000
0.960000
0.960000
0.960000
0.960000
0.960000
0.960000
0.960000
0.960000
0.960000
0.960000
0.960000
0.960000
0.960000
0.960000
0.960000
0.960000
0.960000
0.960000
0.960000
0.960000
0.960000
0.960000
0.960000
0.960000
0.960000
0.960000
0.960000
0.960000
0.960000
0.960000
0.960000
0.960000
0.960000
0.960000
0.960000
0.960000
0.960000
0.960000
0.960000
0.960000
0.960000
0.960000
0.960000
0.960000
0.960000
0.960000
0.960000
0.960000
0.960000
0.960000
0.960000
0.960000
0.960000
0.960000
0.960000
0.960000
0.960000
0.960000
0.960000
0.960000
0.960000
0.960000
0.960000
0.960000
0.960000
0.960000
0.960000
0.960000
0.960000
0.960000
0.960000
0.960000
0.960000
0.960000
0.960000
0.960000
0.960000
0.960000
0.960000
0.960000
0.960000
0.960000
0.960000
0.960000
0.960000
0.960000
0.960000
0.960000
0.960000
0.960000
0.960000
0.960000
0.960000
0.960000
0.960000
0.960000
0.960000
0.960000
0.960000
0.960000
0.960000
0.960000
0.960000
0.960000
0.960000
0.960000
0.960000
0.960000
0.960000
0.960000
0.960000
0.960000
0.960000
0.960000
0.960000
0.960000
0.960000
0.960000
0.960000
0.960000
0.960000
0.960000
0.960000
0.960000
0.960000
0.960000
0.960000
0.960000
0.960000
0.960000
0.960000
0.960000
0.960000
0.960000
0.960000
0.960000
0.960000
0.960000
0.960000
0.960000
0.960000
0.960000
0.960000
0.960000
0.960000
0.960000
0.960000
0.960000
0.960000
0.960000
0.960000
0.960000
0.960000
0.960000
0.960000
0.960000
0.960000
0.960000
0.960000
0.960000
0.960000
0.960000
0.960000
0.960000
0.960000
0.960000
0.960000
0.960000
0.960000
0.960000
0.960000
0.960000
0.960000
0.960000
0.960000
0.960000
0.960000
0.960000
0.960000
0.960000
0.960000
0.960000
0.966003
0.966003
0.966003
0.966003
0.966003
0.966003
0.966003
0.966003
0.966003
0.966003
0.966003
0.966003
0.966003
0.966003
0.966003
0.966003
0.966003
0.966003
0.966003
0.966003
0.966003
0.966003
0.966003
0.966003
0.966003
0.966003
0.966003
0.966003
0.966003
0.966003
0.960000
0.960000
0.960000
0.960000
0.960000
0.960000
0.960000
0.960000
0.960000
0.960000
0.960000
0.960000
0.960000
0.960000
0.960000
0.960000
0.960000
0.960000
0.960000
0.960667
0.960667
0.960667
0.960667
0.960667
0.960667
0.960667
0.960667
0.960667
0.960667
0.960667
0.960667
0.960667
0.960667
0.960667
0.960667
0.960667
0.960667
0.960667
0.960667
0.960667
0.960667
0.960667
0.960667
0.960667
0.960667
0.960667
0.960667
0.960667
0.960667
0.960000
0.960000
0.960000
0.960000
0.960000
0.960000
0.960000
0.960000
0.960000
0.960000
0.960000
0.960000
0.960000
0.960000
0.960000
0.960000
0.960000
0.960000
0.960000
0.960000
0.960000
0.990013
1.036034
1.081388
1.127408
1.169427
1.212780
1.254798
1.300819
1.345505
1.391526
1.436880
1.479565
1.524252
1.568939
1.614292
1.657645
1.702998
1.745017
1.784368
1.823719
1.823719
1.823719
1.823719
1.823719
1.823719
1.823719
1.823719
1.823719
1.823719
1.823719
1.793706
1.747685
1.702331
1.656311
1.614292
1.570939
1.528921
1.482900
1.438213
1.392193
1.346839
1.304154
1.259467
1.214780
1.169427
1.126074
1.080721
1.038702
0.999351
0.960000
0.960000
0.960000
0.960000
0.960000
0.960000
0.960000
0.960000
0.960000
0.960000
0.960000
0.960000
0.960000
0.960000
0.960000
0.960000
0.960000
0.960000
0.960000
0.960000
0.960000
0.960000
0.960000
0.960000
0.960000
0.960000
0.960000
0.960000
0.960000
0.960000
0.962001
0.962001
0.962001
0.962001
0.962001
0.962001
0.962001
0.962001
0.962001
0.962001
0.962001
0.962668
0.962668
0.963335
0.963335
0.963335
0.964002
0.964002
0.964002
0.964002
0.964002
0.964002
0.964002
0.964002
0.964002
0.964002
0.992014
0.992014
0.992014
0.992014
0.990013
0.990013
0.990013
0.990013
0.990013
0.990013
0.990013
0.990013
0.990013
0.990013
0.990013
0.989346
0.989346
0.988679
0.988679
0.988679
0.988013
0.988013
0.988013
0.988013
0.988013
0.988013
0.988013
0.988013
0.988013
0.988013
0.960000
0.960000
0.960000
0.960000
0.960000
0.960000
0.960000
0.960000
0.960000
0.960000
0.960000
0.960000
0.960000
0.960000
0.960000
0.960000
0.960000
0.960000
0.960000
0.960000
0.960000
0.960000
0.960000
0.960000
0.960000
0.960000
0.960000
0.960000
0.960000
0.960000
0.960000
0.960000
0.960000
0.960000
0.960000
0.960000
0.960000
0.960000
0.960000
0.960000
0.960000
0.960000
0.960000
0.960000
0.960000
0.960000
0.976007
0.989346
1.029364
1.108733
1.178764
1.244794
1.304821
1.375519
1.436213
1.509579
1.587614
1.663647
1.734346
1.749019
1.749019
1.749019
1.749019
1.755689
1.759023
1.759023
1.759023
1.759023
1.759023
1.759023
1.759023
1.759023
1.759023
1.759023
1.759023
1.759023
1.743016
1.729677
1.689659
1.610290
1.540259
1.474230
1.414203
1.343505
1.282811
1.209445
1.131410
1.058044
1.018026
1.003353
1.010022
1.010022
1.010022
1.003353
1.000018
1.000018
1.000018
1.000018
1.000018
1.000018
1.000018
1.000018
1.000018
1.000018
1.000018
1.000018
1.000018
1.000018
1.000018
1.000018
1.000018
1.000018
1.000018
1.000018
1.000018
1.000018
1.000018
0.997350
0.966670
0.966670
0.960000
0.960000
0.960000
0.960000
0.960000
0.960000
0.960000
0.960000
0.960000
0.960000
0.960000
0.960000
0.960000
0.960000
0.960000
0.960667
1.018026
1.094060
1.170761
1.246795
1.322829
1.394194
1.469561
1.500241
1.500241
1.500241
1.500241
1.500241
1.500241
1.500241
1.500241
1.500241
1.500241
1.500241
1.500241
1.500241
1.500241
1.500241
1.500241
1.500241
1.500241
1.500241
1.500241
1.500241
1.500241
1.499574
1.442215
1.366181
1.289480
1.213446
1.137413
1.066047
0.990680
0.960000
0.960000
0.960000
0.960000
0.960000
0.960000
0.960000
0.960000
0.960000
0.960000
0.960000
0.960000
0.960000
0.960000
0.960000
0.960000
0.960000
0.960000
0.960000
0.960000
0.960000
0.960000
0.960000
0.960000
0.960000
0.960000
0.960000
0.960000
0.960000
0.960000
0.960000
0.960000
0.960000
0.960000
0.960000
0.960000
0.960000
0.960000
0.960000
0.960000
0.960000
0.960000
0.960000
0.960000
0.960000
0.960000
0.960000
0.960000
0.960000
0.960000
0.960000
0.960000
0.960000
0.960000
0.960000
0.960000
0.960000
0.960000
0.960000
0.960000
0.960000
0.960000
0.960000
0.960000
0.960000
0.960000
0.960000
0.960000
0.960000
0.960000
0.960000
0.960000
0.960000
0.960000
0.960000
0.960000
0.960000
0.960000
0.960000
0.960000
0.960000
0.960000
0.960000
0.960000
0.960000
0.960000
0.960000
0.960000
0.960000
0.960000
0.960000
0.960000
0.960000
0.960000
0.960000
0.960000
0.960000
0.960000
0.960000
0.960000
0.960000
0.960000
0.960000
0.960000
0.960000
0.960000
0.960000
0.960000
0.960000
0.960000
0.960000
0.960000
0.960000
0.960000
0.960000
0.960000
0.960000
0.960000
0.960000
0.960000
0.960000
0.960000
0.960000
0.960000
0.960000
0.960000
0.960000
0.960000
0.960000
0.960000
0.960000
0.960000
0.960000
0.960000
0.960000
0.960000
0.960000
0.960000
0.960000
0.960000
0.960000
0.960000
0.960000
0.960000
0.960000
0.960000
0.960000
0.960000
0.960000
0.960000
0.960000
0.960000
0.960000
0.960000
0.960000
0.960000
0.960000
0.960000
0.960000
0.960000
0.960000
0.960000
0.960000
0.960000
0.960000
0.960000
0.960000
0.960000
0.960000
0.960000
0.960000
0.960000
0.960000
0.960000
0.960000
0.960000
0.960000
0.960000
0.960000
0.960000
0.960000
0.960000
0.960000
0.960000
0.960000
0.960000
0.960000
0.960000
0.960000
0.960000
0.960000
0.960000
0.960000
0.960000
0.960000
0.960000
0.960000
0.960000
0.960000
0.960000
0.960000
0.960000
0.960000
0.960000
0.960000
0.960000
0.960000
0.960000
0.960000
0.960000
0.960000
0.960000
0.960000
0.960000
0.960000
0.960000
0.960000
0.960000
0.960000
0.960000
0.960000
0.960000
0.960000
0.960000
0.960000
0.960000
0.960000
0.960000
0.960000
0.960000
0.960000
0.960000
0.960000
0.960000
0.960000
0.960000
0.960000
0.960000
0.960000
0.960000
0.960000
0.960000
0.960000
0.960000
0.960000
0.960000
0.960000
0.960000
0.960000
0.960667
0.960667
0.960667
0.960667
0.960667
0.960667
0.960667
0.960667
0.960667
0.960667
0.960667
0.960667
0.960667
0.960667
0.960667
0.960667
0.960667
0.960667
0.960667
0.960667
0.960667
0.960667
0.960667
0.960667
0.960667
0.960667
0.960667
0.960667
0.960667
0.960667
0.960000
0.960000
0.960000
0.960000
0.960000
0.960000
0.960000
0.960000
0.960000
0.960000
0.960000
0.960000
0.960000
0.960000
0.960000
0.960000
0.960000
0.960000
0.960000
0.960000
0.960000
0.960000
0.960000
0.960000
0.960000
0.960000
0.960000
0.960000
0.960000
0.960000
0.960000
0.960000
0.960000
0.960000
0.960000
0.960000
0.960000
0.960000
0.960000
0.960000
0.960000
0.960000
0.960000
0.960000
0.960000
0.960000
0.960000
0.960000
0.960000
0.960000
0.960000
0.960000
0.960000
0.960000
0.960000
0.960000
0.960000
0.960000
0.960000
0.960000
0.960000
0.960000
0.960000
0.960000
0.960000
0.960000
0.960000
0.960000
0.960000
0.960000
0.960000
0.960000
0.960000
0.960000
0.960000
0.960000
0.960000
0.960000
0.960000
0.960000
0.960000
0.960000
0.960000
0.960000
0.960000
0.960000
0.960000
0.960000
0.960000
0.960000
0.960000
0.960000
0.960000
0.960000
0.960000
0.960000
0.960000
0.960000
0.960000
0.960000
0.960000
0.960000
0.960000
0.960000
0.960000
0.960000
0.960000
0.960000
0.960000
0.960000
0.960000
0.960000
0.960000
0.960000
0.960000
0.960000
0.960000
0.960000
0.960000
0.960000
0.960000
0.960000
0.960000
0.960000
0.960000
0.960000
0.960000
0.960000
0.960000
0.960000
0.960000
0.960000
0.960000
0.960000
0.960000
0.960000
0.960000
0.960000
0.960000
0.960000
0.960000
0.960000
0.960000
0.960000
0.960000
0.960000
0.960000
0.960000
0.960000
0.960000
0.960000
0.960000
0.960000
0.960000
0.960000
0.960000
0.960000
0.960000
0.960000
0.960000
0.960000
0.960000
0.960000
0.960000
0.960000
0.960000
0.960000
0.960000
0.960000
0.960000
0.960000
0.960000
0.960000
0.960000
0.960000
0.960000
0.960000
0.960000
0.960000
0.960000
0.960000
0.960000
0.960000
0.960000
0.960000
0.960000
0.960000
0.960000
0.960000
0.960000
0.960000
0.960000
0.960000
0.960000
0.960000
0.960000
0.960000
0.960000
0.960000
0.960000
0.960000
0.960000
0.960000
0.960000
0.960000
0.960000
0.960000
0.960000
0.971338
0.971338
0.971338
0.978008
0.978008
0.983344
0.983344
0.983344
0.983344
0.983344
0.983344
0.983344
0.983344
0.983344
0.983344
0.983344
0.983344
0.983344
0.983344
0.983344
0.983344
0.983344
0.983344
0.983344
0.983344
0.983344
0.983344
0.983344
0.983344
0.983344
0.972005
0.972005
0.972005
0.965336
0.966003
0.960667
0.960667
0.960667
0.960667
0.960667
0.960667
0.960667
0.960667
0.960667
0.960667
0.960667
0.960667
0.960667
0.960667
0.960667
0.960667
0.960667
0.960667
0.960667
0.960667
0.960667
0.960667
0.960667
0.960667
0.960667
0.960667
0.960667
0.960667
0.960667
0.960000
0.960000
0.960000
0.960000
0.960000
0.960000
0.960000
0.960000
0.960000
0.960000
0.960000
0.960000
0.960000
0.960000
0.960000
0.960000
0.960000
0.960000
0.960000
0.960000
0.960000
0.960000
0.960000
0.960000
0.960000
0.960000
0.960000
0.960000
0.960000
0.960000
0.960000
0.960000
0.960000
0.960000
0.960000
0.960000
0.960000
0.960000
0.960000
0.960000
0.960000
0.960000
0.960000
0.960000
0.960000
0.960000
0.960000
0.960000
0.960000
0.960000
0.960000
0.960000
0.960000
0.960000
0.960000
0.960000
0.960000
0.960000
0.960000
0.960000
0.960000
0.960000
0.960000
0.960000
0.960000
0.960000
0.960000
0.960000
0.960000
0.960000
0.960000
0.960000
0.960000
0.960000
0.960000
0.960000
0.960000
0.960000
0.960000
0.960000
0.960000
0.960000
0.960000
0.960000
0.960000
0.960000
0.960000
0.960000
0.960000
0.960000
0.960000
0.960000
0.960000
0.960000
0.960000
0.960000
0.960000
0.960000
0.960000
0.960000
0.960000
0.960000
0.960000
0.960000
0.960000
0.960000
0.960000
0.960000
0.960000
0.960000
0.960000
0.960000
0.960000
0.960000
0.960000
0.960000
0.960000
0.960000
0.960000
0.960000
0.960000
0.960000
0.960000
0.960000
0.960000
0.960000
0.960000
0.960000
0.960000
0.960000
0.960000
0.960000
0.960000
0.987346
0.992681
0.992681
0.992681
0.992681
0.992681
0.992681
0.992681
0.992681
0.992681
0.992681
0.992681
0.992681
0.992681
0.992681
0.992681
0.992681
0.992681
0.992681
0.992681
0.992681
0.992681
0.992681
0.992681
0.992681
0.992681
0.992681
0.992681
0.992681
0.992681
0.965336
0.960000
0.960000
0.960000
0.960000
0.960000
0.960000
0.960000
0.960000
0.960000
0.960000
0.960000
0.960000
0.960000
0.960000
0.960000
0.960000
0.960000
0.960000
0.960000
0.960000
0.960000
0.960000
0.960000
0.960000
0.960000
0.960000
0.960000
0.960000
0.960000
0.960000
0.960000
0.960000
0.960000
0.960000
0.960000
0.960000
0.960000
0.960000
0.960000
0.960000
0.960000
0.960000
0.960000
0.960000
0.960000
0.960000
0.960000
0.960000
0.960000
0.960000
0.960000
0.960000
0.960000
0.960000
0.960000
0.960000
0.960000
0.960000
0.960000
0.960000
0.960000
0.960000
0.960000
0.960000
0.960000
0.960000
0.960000
0.960000
0.960000
0.960000
0.960000
0.960000
0.960000
0.960000
0.960000
0.960000
0.960000
0.960000
0.960000
0.960000
0.960000
0.960000
0.960000
0.960000
0.960000
0.960000
0.960000
0.960000
0.960000
0.960000
0.960000
0.960000
0.960000
0.960000
0.960000
0.960000
0.960000
0.960000
0.960000
0.960000
0.960000
0.960000
0.960000
0.960000
0.960000
0.960000
0.960000
0.960000
0.960000
0.960000
0.960000
0.960000
0.960000
0.960000
0.960000
0.960000
0.960000
0.960000
0.960000
0.960000
0.960000
0.960000
0.960000
0.960000
0.960000
0.960000
0.960000
0.960000
0.960000
0.960000
0.960000
0.960000
0.960000
0.960000
0.960000
0.960000
0.960000
0.960000
0.960667
0.961334
0.961334
0.961334
0.961334
0.961334
0.961334
0.961334
0.961334
0.961334
0.961334
0.961334
0.961334
0.961334
0.961334
0.961334
0.961334
0.961334
0.961334
0.961334
0.961334
0.961334
0.961334
0.961334
0.961334
0.961334
0.961334
0.961334
0.961334
0.961334
0.960667
0.960000
0.960000
0.960000
0.960000
0.960000
0.960000
0.960000
0.960000
0.960000
0.960000
0.960000
0.960000
0.960000
0.960000
0.960000
0.960000
0.960000
0.960000
0.960000
0.960000
0.960000
0.960000
0.960000
0.960000
0.960000
0.960000
0.960000
0.960000
0.960000
0.960000
0.960000
0.960000
0.960000
0.960000
0.960000
0.960000
0.960000
0.960000
0.960000
0.960000
0.960000
0.960000
0.960000
0.960000
0.960000
0.960000
0.960000
0.960000
0.960000
0.960000
0.960000
0.960000
0.960000
0.960000
0.960000
0.960000
0.960000
0.960000
0.960000
0.960000
0.960000
0.960000
0.960000
0.960000
0.960000
0.960000
0.960000
0.960000
0.960000
0.960000
0.960000
0.960000
0.960000
0.960000
0.960000
0.960000
0.960000
0.960000
0.960000
0.960000
0.960000
0.960000
0.960000
0.960000
0.960000
0.960000
0.960000
0.960000
0.960000
0.960000
0.960000
0.960000
0.960000
0.960000
0.960000
0.960000
0.960000
0.960000
0.960000
0.960000
0.960000
0.960000
0.960000
0.960000
0.960000
0.960000
0.960000
0.960000
0.960000
0.960000
0.960000
0.960000
0.960000
0.960000
0.960000
0.960000
0.960000
0.960000
0.960000
0.960000
0.960000
0.960000
0.960000
0.960000
0.960000
0.960000
0.960000
0.960000
0.960000
0.960000
0.960000
0.960000
0.960000
0.960000
0.960000
0.960000
0.960000
0.960000
0.960000
0.960000
0.960000
0.960000
0.960000
0.960000
0.960000
0.960000
0.960000
0.960000
0.960000
0.960000
0.960000
0.960000
0.960000
0.960000
0.960000
0.960000
0.960000
0.960000
0.960000
0.960000
0.960000
0.960000
0.960000
0.960000
0.960000
0.960000
0.960000
0.960000
0.960000
0.960000
0.960000
0.960000
0.960000
0.960000
0.960000
0.960000
0.960000
0.960000
0.960000
0.960000
0.960000
0.960000
0.960000
0.960000
0.960000
0.960000
0.960000
0.960000
0.960000
0.960000
0.960000
0.960000
0.960000
0.960000
0.960000
0.960000
0.960000
0.960000
0.960000
0.960000
0.960000
0.960000
0.960000
0.960000
0.960000
0.960000
0.960000
0.960000
0.960000
0.960000
0.960000
0.960000
0.960000
0.960000
0.960000
0.960000
0.960000
0.960000
0.960000
0.960000
0.960000
0.960000
0.960000
0.960000
0.960000
0.960000
0.960000
0.960000
0.960000
0.960000
0.960000
0.960000
0.960000
0.960000
0.960000
0.960000
0.960000
0.960000
0.960000
0.960000
0.960000
0.960000
0.960000
0.960000
0.960000
0.960000
0.960000
0.960000
0.960000
0.960000
0.960000
0.960000
0.960000
0.960000
0.960000
0.960000
0.960000
0.960000
0.960000
0.960000
0.960000
0.960000
0.960000
0.960000
0.960000
0.960000
0.960000
0.960000
0.960000
0.960000
0.960000
0.960000
0.960000
0.960000
0.960000
0.960000
0.960000
0.960000
0.960000
0.960000
0.960000
0.960000
0.960000
0.960000
0.960000
0.960000
0.960000
0.960000
0.960000
0.960000
0.960000
0.960000
0.960000
0.960000
0.960000
0.960000
0.960000
0.960000
0.960000
0.960000
0.960000
0.960000
0.960000
0.960000
0.960000
0.960000
0.960000
0.960000
0.960000
0.960000
0.960000
0.960000
0.960000
0.960000
0.960000
0.960000
0.960000
0.960000
0.960000
0.960000
0.960000
0.960000
0.960000
0.960000
0.960000
0.960000
0.960000
0.960000
0.960000
0.960000
0.960000
0.960000
0.960000
0.960000
0.960000
0.960000
0.960000
0.960000
0.960000
0.960000
0.960000
0.960000
0.960000
0.960000
0.960000
0.960000
0.960000
0.960000
0.960000
0.960000
0.960000
0.960000
0.960000
0.960000
0.960000
0.960000
0.960000
0.960000
0.960000
0.960000
0.960000
0.960000
0.960000
0.960000
0.960000
0.960000
0.960000
0.960000
0.960000
0.960000
0.960000
0.960000
0.960000
0.960000
0.960000
0.960000
0.960000
0.960000
0.960000
0.960000
0.960000
0.960000
0.960000
0.960000
0.960000
0.960000
0.960000
0.960000
0.960000
0.960000
0.960000
0.960000
0.960000
0.960000
0.960000
0.960000
0.960000
0.960000
0.960000
0.960000
0.960000
0.960000
0.960000
0.960000
0.960000
0.960000
0.960000
0.960000
0.960000
0.960000
0.960000
0.960000
0.960000
0.960000
0.960000
0.960000
0.960000
0.960000
0.960000
0.960000
0.960000
0.960000
0.960000
0.960000
0.990680
0.998017
0.998017
0.998017
0.998017
0.998017
0.998017
0.998017
0.998017
0.998017
0.998017
0.998017
0.998017
0.998017
0.998017
0.998017
0.998017
0.998017
0.998017
0.998017
0.998017
0.998017
0.998017
1.022695
1.032699
1.032699
1.032699
1.032699
1.032699
1.032699
1.002019
0.994682
0.994682
0.994682
0.994682
0.994682
0.994682
0.994682
0.994682
0.994682
1.038702
1.110734
1.188102
1.265470
1.342171
1.419538
1.496239
1.566938
1.566938
1.587614
1.610957
1.610957
1.610957
1.586280
1.576275
1.576275
1.576275
1.576275
1.586280
1.586280
1.586280
1.586280
1.586280
1.586280
1.586280
1.586280
1.586280
1.586280
1.586280
1.606955
1.564270
1.492238
1.414870
1.337502
1.260801
1.183433
1.106732
1.036034
1.036034
1.015358
0.992014
0.992014
0.992014
0.992014
0.992014
0.992014
0.992014
0.992014
0.982010
0.982010
0.982010
0.982010
0.982010
0.982010
0.982010
0.982010
1.012690
1.016692
1.016692
0.996016
0.994682
0.994682
0.994682
0.994682
0.994682
0.994682
0.994682
0.994682
0.994682
0.994682
0.994682
0.994682
0.994682
0.994682
0.994682
0.994682
0.994682
0.994682
0.994682
0.994682
0.994682
0.994682
0.994682
0.994682
1.008021
1.029364
0.998684
0.994682
0.994682
0.994682
0.994682
0.994682
0.994682
0.994682
0.994682
0.994682
0.994682
0.994682
0.994682
0.994682
0.994682
0.994682
0.994682
0.994682
0.994682
0.994682
0.994682
0.994682
0.994682
0.994682
0.994682
0.994682
0.994682
0.994682
0.981343
0.960000
0.960000
0.960000
0.960000
0.960000
0.960000
0.960000
0.960000
0.960000
0.960000
0.960000
0.960000
0.960000
0.960000
0.960000
0.960000
0.960000
0.974006
1.006688
1.030698
1.033366
1.039369
1.039369
1.039369
1.040036
1.040036
1.073384
1.075385
1.075385
1.075385
1.075385
1.075385
1.075385
1.075385
1.075385
1.075385
1.075385
1.094060
1.094060
1.094060
1.094060
1.094060
1.094060
1.094060
1.094060
1.094060
1.094060
1.080054
1.047372
1.023362
1.020694
1.014691
1.014691
1.014691
1.014024
1.014024
0.980676
0.978675
0.978675
0.978675
0.978675
0.978675
0.978675
0.978675
0.978675
0.978675
0.978675
0.960000
0.960000
0.960000
0.960000
0.960000
0.960000
0.960000
0.960000
0.960000
0.960000
0.960000
0.960000
0.960000
0.960000
0.960000
0.960000
0.960000
0.960000
0.960000
0.960000
0.960000
0.960000
0.960000
0.960000
0.960000
0.960000
0.960000
0.960000
0.960000
0.960000
0.960000
0.960000
0.960000
0.960000
0.960000
0.960000
0.960000
0.960000
0.960000
0.960000
0.960000
0.960000
0.960000
0.960000
0.960000
0.960000
0.960000
0.960000
0.960000
0.960000
0.960000
0.960000
0.960000
0.960000
0.960000
0.960000
0.960000
0.960000
0.960000
0.960000
0.960000
0.960000
0.960000
0.960000
0.960000
0.960000
0.960000
0.960000
0.960000
0.960000
0.960000
0.960000
0.960000
0.960000
0.960000
0.960000
0.960000
0.960000
0.960000
0.960000
0.960000
0.960000
0.960000
0.960000
0.960000
0.960000
0.960000
0.960000
0.960000
0.960000
0.960000
0.960000
0.960000
0.960000
0.960000
0.960000
0.960000
0.960000
0.960000
0.960000
0.960000
0.960000
0.960000
0.960000
0.960000
0.960000
0.960000
0.960000
0.960000
0.960000
0.960000
0.960000
0.960000
0.960000
0.960000
0.960000
0.960000
0.960000
0.960000
0.960000
0.960000
0.960000
0.960000
0.960000
0.960000
0.960000
0.960000
0.960000
0.960000
0.960000
0.960000
0.960000
0.960000
0.960000
0.960000
0.960000
0.960000
0.960000
0.960000
0.960000
0.960000
0.960000
0.960000
0.960000
0.960000
0.960000
0.960000
0.960000
0.960000
0.960000
0.960000
0.960000
0.960000
0.960000
0.960000
0.960000
0.960000
0.960000
0.960000
0.960000
0.960000
0.960000
0.960000
0.960000
0.960000
0.960000
0.960000
0.960000
0.960000
0.960000
0.960000
0.960000
0.960000
0.960000
0.960000
0.960000
0.960000
0.960000
0.960000
0.960000
0.960000
0.960000
0.980676
0.980676
0.980676
0.980676
0.980676
0.980676
0.980676
0.980676
0.980676
0.980676
0.980676
0.980676
0.980676
0.980676
0.980676
0.980676
0.980676
0.980676
0.980676
0.980676
0.980676
0.980676
0.980676
0.980676
0.980676
0.980676
0.980676
0.980676
0.980676
0.980676
0.960000
0.960000
0.960000
0.960000
0.960000
0.960000
0.960000
0.960000
0.960000
0.960000
0.960000
0.960000
0.960000
0.960000
0.960000
0.960000
0.960000
0.960000
0.960000
0.960000
0.960000
0.960000
0.960000
0.960000
0.960000
0.960667
0.960667
0.960667
0.960667
0.960667
0.960667
0.960667
0.960667
0.960667
0.960667
0.960667
0.960667
0.960667
0.960667
0.960667
0.960667
0.960667
0.960667
0.960667
0.960667
0.960667
0.960667
0.960667
0.960667
0.960667
0.960667
0.960667
0.960667
0.960667
0.960667
0.960000
0.960000
0.960000
0.960000
0.960000
0.960000
0.960000
0.960000
0.960000
0.960000
0.960000
0.960000
0.960000
0.960000
0.960000
0.960000
0.960000
0.960000
0.960000
0.960000
0.960000
0.960000
0.960000
0.960000
0.960000
0.960000
0.960000
0.960000
0.960000
0.960000
0.960000
0.960000
0.960000
0.960000
0.960000
0.960000
0.960000
0.960000
0.960000
0.960000
0.960000
0.960000
0.960000
0.960000
0.960000
0.960000
0.960000
0.960000
0.960000
0.960000
0.960000
0.960000
0.960000
0.960000
0.960000
0.960000
0.960000
0.960000
0.960000
0.960000
0.964669
0.984678
0.984678
0.984678
0.984678
0.984678
0.984678
0.984678
0.984678
0.984678
0.984678
1.018026
1.018026
1.018026
1.018026
1.018026
1.020694
1.048706
1.125407
1.125407
1.126074
1.126074
1.126074
1.126074
1.126074
1.126074
1.126074
1.126074
1.126074
1.126074
1.121405
1.101396
1.102730
1.102730
1.102730
1.102730
1.102730
1.102730
1.102730
1.102730
1.102730
1.069382
1.069382
1.069382
1.078053
1.078053
1.075385
1.047372
0.970671
0.974673
0.974006
0.974006
0.974006
0.974006
0.974006
0.974006
0.974006
0.974006
0.974006
0.974006
0.974006
0.974006
0.972672
0.972672
0.972672
0.972672
0.972672
0.972672
0.972672
0.972672
0.972672
0.972672
0.972672
0.972672
0.964002
0.964002
0.964002
0.974006
0.974006
0.970004
0.970004
0.970004
0.970004
0.970004
0.970004
0.972005
0.972005
0.972005
0.978008
0.979342
0.979342
0.979342
0.979342
0.979342
0.979342
0.979342
0.979342
0.999351
0.999351
0.999351
0.999351
1.008688
1.011356
1.011356
1.011356
1.011356
1.011356
1.001352
1.001352
1.001352
1.001352
1.012023
1.012023
1.012023
1.012690
1.010689
1.010689
1.010689
1.004687
1.004020
1.017359
1.018693
1.018693
1.018693
1.018693
1.018693
1.018693
0.998684
0.998684
0.998684
0.998684
0.989346
0.986679
0.986679
0.986679
0.986679
0.986679
0.986679
0.986679
0.986679
0.988013
0.977341
0.977341
0.977341
0.977341
0.978675
0.978675
0.992014
0.992014
0.991347
0.978008
0.990013
0.990013
0.990013
0.990013
0.990013
0.990013
0.990013
0.990013
0.990013
0.990013
0.990013
0.990013
0.990013
0.990013
0.990013
0.990013
0.990013
0.990013
0.990013
0.988679
0.988679
0.988679
0.988679
0.988013
0.986679
0.986679
0.973339
0.973339
0.973339
0.973339
0.960000
0.960000
0.960000
0.960000
0.960000
0.960000
0.960000
0.960000
0.960000
0.960000
0.960000
0.960000
0.960000
0.960000
0.960000
0.960000
0.960000
0.960000
0.960000
0.960000
0.960000
0.960000
0.960000
0.960000
0.960000
0.960000
0.991347
0.992014
0.992014
0.992014
0.992014
0.992014
0.992014
0.992014
0.992014
0.992014
0.992014
0.992014
0.992014
0.992014
0.992014
0.992014
0.992014
0.992014
0.992014
0.992014
0.992014
0.992014
0.992014
0.992014
0.992014
0.992014
0.992014
0.992014
0.992014
0.992014
0.960667
0.960000
0.960000
0.960000
0.960000
0.960000
0.960000
0.960000
0.960000
0.960000
0.960000
0.960000
0.960000
0.960000
0.960000
0.960000
0.960000
0.960000
0.960000
0.960000
0.960000
0.960000
0.960000
0.960000
0.960000
0.960000
0.960000
0.960000
0.960000
0.960000
0.960000
0.960000
0.960000
0.960000
0.960000
0.960000
0.960000
0.960000
0.960000
0.960000
0.960000
0.960000
0.960000
0.960000
0.960000
0.960000
0.960667
0.960667
0.960667
0.960667
0.960667
0.960667
0.960667
0.961334
0.961334
0.961334
0.961334
0.961334
0.961334
0.962001
0.962001
0.962001
0.962001
0.962001
0.962001
0.962001
0.962668
0.962668
0.962668
0.962668
0.962668
0.962668
0.962668
0.962668
0.963335
0.963335
0.962668
0.962668
0.962668
0.962668
0.962668
0.962668
0.962668
0.962001
0.962001
0.962001
0.962001
0.962001
0.962001
0.961334
0.961334
0.961334
0.961334
0.961334
0.961334
0.961334
0.960667
0.960667
0.960667
0.960667
0.960667
0.960667
0.960667
0.960667
0.960000
0.960000
0.960000
0.960000
0.960000
0.960000
0.960000
0.960000
0.960000
0.960000
0.960000
0.960000
0.960000
0.960000
0.960000
0.960000
0.960000
0.960000
0.960000
0.960000
0.960000
0.960000
0.960000
0.960000
0.960000
0.960000
0.960000
0.960000
0.960000
0.960000
0.960000
0.960000
0.960000
0.960000
0.960000
0.960000
0.960000
0.960000
0.960000
0.960000
0.960000
0.960000
0.960000
0.960000
0.960000
0.960000
0.960000
0.960000
0.960000
0.960000
0.960000
0.960000
0.960000
0.960000
0.960000
0.960000
0.960000
0.960000
0.960000
0.960000
0.960000
0.960000
0.960000
0.960000
0.960000
0.960000
0.960000
0.960000
0.960000
0.960000
0.960000
0.960000
0.960000
0.960000
0.960000
0.960000
0.960000
0.960000
0.960000
0.960000
0.960000
0.960000
0.960000
0.960000
0.960000
0.960000
0.960000
0.960000
0.960000
0.960000
0.960000
0.960000
0.960000
0.960000
0.960000
0.960000
0.960000
0.960000
0.960000
0.960000
0.990680
0.990680
0.990680
0.990680
0.990680
0.990680
0.990680
0.990680
0.990680
0.990680
0.990680
0.990680
0.990680
0.990680
0.990680
0.990680
0.990680
0.990680
0.990680
0.990680
0.990680
0.990680
0.990680
0.990680
0.990680
0.990680
0.990680
0.990680
0.990680
0.990680
0.960000
0.960000
0.960000
0.960000
0.960000
0.960000
0.960000
0.960000
0.960000
0.960000
0.960000
0.960000
0.960000
0.960000
0.960000
0.960000
0.960000
0.960000
0.960000
0.960000
0.960000
0.960000
0.960000
0.960000
0.960000
0.960000
0.960000
0.960000
0.960000
0.960000
0.960000
0.960000
0.960000
0.960000
0.960000
0.960000
0.960000
0.960000
0.960000
0.960000
0.960000
0.960000
0.960000
0.960000
0.960000
0.960000
0.960000
0.960000
0.960000
0.960000
0.960000
0.960000
0.960000
0.960000
0.960000
0.960000
0.960000
0.960000
0.960000
0.960000
0.960000
0.960000
0.960000
0.960000
0.960000
0.960000
0.960000
0.960000
0.960000
0.960000
0.960000
0.960000
0.960000
0.960000
0.960000
0.960000
0.960000
0.960000
0.960000
0.960000
0.960000
0.960000
0.960000
0.960000
0.960000
0.960000
0.960000
0.960000
0.960000
0.960000
0.960000
0.960000
0.960000
0.960000
0.960000
0.960000
0.960000
0.960000
0.960000
0.960000
0.960000
0.960000
0.960000
0.960000
0.960000
0.960000
0.960000
0.960000
0.960000
0.960000
0.960000
0.960000
0.960000
0.960000
0.960000
0.960000
0.960000
0.960000
0.960000
0.960000
0.960000
0.960000
0.960000
0.960000
0.960000
0.960000
0.960000
0.960000
0.960000
0.960000
0.960000
0.960000
0.960000
0.960000
0.960000
0.960000
0.960000
0.960000
0.960000
0.960000
0.960000
0.960000
0.960000
0.960000
0.960000
0.960000
0.960000
0.960000
0.960000
0.960000
0.960000
0.960000
0.960000
0.960000
0.960000
0.960000
0.960000
0.960000
0.960000
0.960000
0.960000
0.960000
0.960000
0.960000
0.960000
0.960000
0.960000
0.960000
0.960000
0.960000
0.960000
0.960000
0.960000
0.960000
0.960667
0.960667
0.961334
0.961334
0.961334
0.961334
0.961334
0.961334
0.961334
0.961334
0.961334
0.961334
0.961334
0.961334
0.961334
0.961334
0.961334
0.961334
0.961334
0.961334
0.961334
0.961334
0.961334
0.962001
0.962001
0.962001
0.962001
0.962001
0.962001
0.962001
0.961334
0.961334
0.960667
0.960667
0.960667
0.960667
0.960667
0.960667
0.960667
0.960667
0.960667
0.960667
0.960667
0.961334
0.961334
0.961334
0.961334
0.961334
0.961334
0.961334
0.961334
0.961334
0.961334
0.960667
0.960667
0.960667
0.960667
0.960667
0.960667
0.960667
0.960667
0.960667
0.960667
0.960667
0.960667
0.960667
0.960667
0.960667
0.960667
0.960667
0.960667
0.960667
0.960667
0.960000
0.960000
0.960000
0.960000
0.960000
0.960000
0.960000
0.960000
0.960000
0.960000
0.960000
0.960000
0.960000
0.960000
0.960000
0.960000
0.960000
0.960000
0.960000
0.960000
0.960000
0.960000
0.960000
0.960000
0.960000
0.960000
0.960000
0.960000
0.960000
0.960000
0.960000
0.960000
0.960000
0.960000
0.960000
0.960000
0.960000
0.960000
0.960000
0.960000
0.960000
0.960000
0.960000
0.960000
0.960000
0.960000
0.960000
0.960000
0.960000
0.960000
0.960000
0.960000
0.960000
0.960000
0.960000
0.960000
0.960000
0.960000
0.960000
0.960667
0.960667
0.960667
0.960667
0.960667
0.960667
0.960667
0.960667
0.960667
0.960667
0.960667
0.960667
0.960667
0.960667
0.960667
0.982677
0.987346
0.998684
0.998684
0.998684
0.998684
0.998684
0.998684
0.998684
0.998684
0.998684
0.998684
0.998684
0.998684
0.998684
0.998017
0.998017
0.998017
0.998017
0.998017
0.998017
0.998017
0.998017
0.998017
0.998017
0.998017
0.998017
0.998017
0.998017
0.998017
0.976007
0.971338
0.960000
0.960000
0.960000
0.960000
0.960000
0.960000
0.960000
0.960000
0.960000
0.960000
0.960000
0.960000
0.960000
0.960000
0.960000
0.960000
0.960000
0.960000
0.960000
0.960000
0.960000
0.960000
0.960000
0.960000
0.960000
0.960000
0.960000
0.960000
0.960000
0.960000
0.960000
0.960000
0.960000
0.960000
0.960000
0.960000
0.960000
0.960000
0.960000
0.960000
0.960000
0.960000
0.960000
0.960000
0.960000
0.960000
0.960000
0.960000
0.960000
0.960000
0.960000
0.960000
0.960000
0.960000
0.960000
0.960000
0.960000
0.960000
0.960000
0.977341
0.996016
0.996016
0.996016
0.996016
0.996016
0.996016
0.996016
0.996016
0.996016
0.996016
0.996016
0.996016
0.996016
0.996016
0.996016
0.996016
0.996016
0.996016
0.996016
0.996016
0.996016
0.996016
0.996016
0.996016
0.996016
0.996016
0.996016
0.996016
0.996016
0.978675
0.960000
0.960000
0.987346
0.999351
0.999351
0.999351
0.999351
0.999351
0.999351
0.999351
0.999351
0.999351
0.999351
0.999351
0.999351
0.999351
0.999351
0.999351
0.999351
0.999351
0.999351
0.999351
0.999351
0.999351
0.999351
0.999351
0.999351
0.999351
0.999351
0.999351
0.999351
0.999351
0.972005
0.960000
0.960000
0.960000
0.960000
0.960000
0.960000
0.960000
0.960000
0.960000
0.960000
0.960000
0.960000
0.971338
0.986679
0.986679
0.986679
0.986679
0.986679
0.986679
0.986679
0.986679
0.986679
0.986679
0.986679
0.986679
0.986679
0.986679
0.986679
0.986679
1.046705
1.124073
1.200774
1.277475
1.354843
1.426208
1.464892
1.464892
1.464892
1.464892
1.464892
1.464892
1.464892
1.453554
1.438213
1.438213
1.438213
1.438213
1.438213
1.438213
1.438213
1.438213
1.438213
1.438213
1.438213
1.438213
1.438213
1.438213
1.438213
1.438213
1.378187
1.300819
1.224118
1.147417
1.070049
0.998684
0.960000
0.960000
0.960000
0.960000
0.960000
0.960000
0.960000
0.960000
0.960000
0.960000
0.960000
0.960000
0.960000
0.960000
0.960000
0.960000
0.960000
0.960000
0.960000
0.960000
0.960000
0.960000
0.960000
0.960000
0.960000
0.960000
0.960000
0.960000
0.984011
0.994682
1.000018
1.002686
1.002686
1.002686
1.002686
1.003353
1.011356
1.016025
1.016025
1.016025
1.016025
1.016025
1.016025
1.016025
1.016025
1.016025
1.016025
1.016025
1.016025
1.016025
1.016025
1.016025
1.016025
1.016025
1.016025
1.016025
1.016025
1.016025
0.992014
0.981343
0.976007
0.973339
0.973339
0.973339
0.973339
0.972672
0.964669
0.960000
0.960000
0.960000
0.960000
0.960000
0.960000
0.960000
0.960000
0.960000
0.960000
0.960000
0.960000
0.960000
0.960000
0.960000
0.960000
0.960000
0.960000
0.960000
0.960000
0.960000
0.960000
0.960000
0.960000
0.960000
0.960000
0.960000
0.960000
0.978675
0.978675
0.978675
0.978675
0.978675
0.978675
0.978675
0.978675
0.978675
0.978675
0.978675
0.978675
0.978675
0.978675
0.978675
0.978675
0.978675
0.978675
0.978675
0.978675
0.978675
0.978675
0.978675
0.978675
0.978675
0.978675
0.978675
0.978675
0.978675
0.978675
0.960000
0.960000
0.960000
0.960000
0.960000
0.960000
0.960000
0.960000
0.960000
0.960000
0.960000
0.960000
0.960000
0.960000
0.960000
0.960000
0.960000
0.960000
0.960000
0.960000
0.960000
0.960000
0.960000
0.960000
0.960000
0.960000
0.960000
0.960000
0.960000
0.960000
0.960000
0.960000
0.960000
0.960000
0.960000
0.960000
0.960000
0.960000
0.960000
0.960000
0.960000
0.960000
0.960000
0.960000
0.960000
0.960000
0.960000
0.960000
0.960000
0.960000
0.960000
0.960000
0.960000
0.960000
0.960000
0.960000
0.960000
0.960000
0.960000
0.960000
0.960000
0.960000
0.960000
0.960000
0.960000
0.960000
0.960000
0.960000
0.960000
0.960000
0.960000
0.960000
0.960000
0.960000
0.960000
0.960000
0.960000
0.960000
0.960000
0.960000
0.960000
0.960000
0.960000
0.960000
0.960000
0.960000
0.960000
0.960000
0.960000
0.960000
0.960000
0.960000
0.960000
0.960000
0.960000
0.960000
0.960000
0.960000
0.960000
0.960000
0.960000
0.960000
0.960000
0.960000
0.960000
0.960000
0.960000
0.960000
0.960000
0.960000
0.960000
0.960000
0.960000
0.960000
0.960000
0.960000
0.960000
0.960000
0.960000
0.960000
0.960000
0.960000
0.960000
0.960000
0.960000
0.960000
0.960000
0.960000
0.960000
0.960000
0.960000
0.960000
0.960000
0.960000
0.960000
0.960000
0.960000
0.960000
0.960000
0.960000
0.960000
0.960000
0.960000
0.960000
0.960000
0.960000
0.960000
0.960000
0.960000
0.960000
0.960000
0.960000
0.960000
0.960000
0.960000
0.960000
0.960000
0.960000
0.960000
0.960000
0.960000
0.960000
0.960000
0.960000
0.960000
0.960000
0.960000
0.960000
0.960000
0.960000
0.960000
0.960000
0.960000
0.960000
0.960000
0.960000
0.960000
0.960000
0.960000
0.960000
0.960000
0.960000
0.960000
0.960000
0.960000
0.960000
0.960000
0.960000
0.960000
0.960000
0.960000
0.960000
0.960000
0.960000
0.960000
0.960000
0.960000
0.960000
0.960000
0.960000
0.960000
0.960000
0.960000
0.960000
0.960000
0.960000
0.960000
0.960000
0.960000
0.960000
0.960000
0.960000
0.960000
0.960000
0.960000
0.960000
0.960000
0.960000
0.960000
0.960000
0.960000
0.960000
0.960000
0.960000
0.960000
0.960000
0.960000
0.960000
0.960000
0.960000
0.960000
0.960000
0.960000
0.960000
0.960000
0.960000
0.960000
0.960000
0.960000
0.960000
0.960000
0.960000
0.960000
0.960000
0.960000
0.960000
0.960000
0.960000
0.960000
0.960000
0.960000
0.960000
0.960000
0.960000
0.960000
0.960000
0.960000
0.960000
0.960000
0.960000
0.960000
0.960000
0.960000
0.960000
0.960000
0.960000
0.960000
0.960667
0.960667
0.960667
0.960667
0.960667
0.960667
0.960667
0.960667
0.960667
0.960667
0.960667
0.960667
0.960667
0.960667
0.960667
0.960667
0.960667
0.960667
0.960667
0.960667
0.960667
0.960667
0.960667
0.960667
0.960667
0.960667
0.960667
0.960667
0.960667
0.960667
0.960000
0.960000
0.960000
0.960000
0.960000
0.960000
0.960000
0.960000
0.960000
0.960000
0.960000
0.960000
0.960000
0.960000
0.960000
0.960000
0.960000
0.960000
0.960000
0.960000
0.960000
0.960000
0.968671
0.989346
0.989346
0.989346
0.989346
0.989346
0.989346
0.989346
0.989346
0.989346
0.989346
0.989346
0.989346
0.989346
0.989346
0.989346
0.989346
0.989346
0.989346
0.989346
0.989346
0.989346
0.989346
1.011356
1.011356
1.011356
1.011356
1.011356
1.011356
1.011356
1.002686
0.982010
0.982010
0.982010
0.982010
0.982010
0.982010
0.982010
0.982010
0.982010
0.982010
0.982010
0.982010
0.982010
0.982010
0.982010
0.982010
0.982010
0.982010
0.982010
0.982010
0.982010
0.982010
0.960000
0.960000
0.960000
0.960000
0.960000
0.960000
0.960000
0.960000
0.960000
0.960000
0.960000
0.960000
0.960000
0.960000
0.960000
0.960000
0.960000
0.960000
0.960000
0.960000
0.960000
0.960000
0.960000
0.960000
0.960000
0.960000
0.960000
0.960000
0.960000
0.960000
0.960000
0.960000
0.960000
0.960000
0.960000
0.960000
0.960000
0.960000
0.960000
0.960000
0.960000
0.960000
0.960000
0.960000
0.960000
0.960000
0.960000
0.960000
0.960000
0.960000
0.960000
0.960000
0.963335
0.963335
0.963335
0.963335
0.963335
0.966003
0.970671
0.971338
0.972672
0.994015
1.003353
1.003353
1.003353
1.003353
1.003353
1.026696
1.026696
1.026696
1.026696
1.026696
1.026696
1.026696
1.026696
1.026696
1.026696
1.026696
1.026696
1.040036
1.040036
1.040036
1.037368
1.037368
1.037368
1.037368
1.037368
1.034700
1.030031
1.029364
1.028030
1.006688
0.997350
0.997350
0.997350
0.997350
0.997350
0.974006
0.974006
0.974006
0.974006
0.974006
0.974006
0.974006
0.974006
0.974006
0.974006
0.974006
0.974006
0.960667
0.960667
0.960667
0.960000
0.960000
0.960000
0.960000
0.960000
0.960000
0.960000
0.960000
0.960000
0.960000
0.960000
0.960000
0.960000
0.960000
0.960000
0.960000
0.960000
0.960000
0.960000
0.960000
0.960000
0.960000
0.960000
0.960667
0.960667
0.960667
0.960667
0.960667
0.960667
0.960667
0.960667
0.969338
0.969338
0.981343
0.983344
0.983344
0.984011
0.984011
0.996683
1.009355
1.009355
1.009355
1.028030
1.028030
1.028030
1.028030
1.028030
1.028030
1.028030
1.028030
1.028030
1.028030
1.028030
1.027363
1.027363
1.027363
1.027363
1.027363
1.027363
1.027363
1.027363
1.018693
1.018693
1.006688
1.004687
1.004687
1.004020
1.004020
0.991347
0.978675
0.978675
0.978675
0.960000
0.960000
0.960000
0.960000
0.960000
0.960000
0.960000
0.960000
0.960000
0.960000
0.960000
0.960000
0.960000
0.960000
0.960000
0.960000
0.960000
0.960000
0.960000
0.960000
0.960000
0.960000
0.960000
0.960000
0.960000
0.960000
0.960000
0.960000
0.960000
0.960000
0.960000
0.960000
0.960000
0.960000
0.960000
0.960000
0.960000
0.960000
0.960000
0.960000
0.960000
0.960000
0.960000
0.960000
0.960000
0.960000
0.960000
0.960000
0.960000
0.960000
0.960000
0.960000
0.960000
0.960000
0.960000
0.960000
0.960000
0.960000
0.960000
0.960000
0.960000
0.960000
0.960000
0.960000
0.960000
0.960000
0.960000
0.960000
0.960000
0.960000
0.960000
0.960000
0.960000
0.960000
0.960000
0.960000
0.960000
0.960000
0.960000
0.960000
0.960000
0.960000
0.960000
0.960000
0.960000
0.960000
0.960000
0.960000
0.960000
0.960000
0.960000
0.960000
0.960000
0.960000
0.960000
0.960000
0.960000
0.960000
0.960000
0.960000
0.960000
0.960000
0.960000
0.960000
0.960000
0.960000
0.960000
0.960000
0.960000
0.960000
0.960000
0.960000
0.960000
0.960000
0.960000
0.960000
0.960000
0.960000
0.960000
0.960000
0.960000
0.960000
0.960000
0.960000
0.960000
0.960000
0.960000
0.960000
0.960000
0.960000
0.960000
0.960000
0.960000
0.960000
0.960000
0.960000
0.960000
0.960000
0.960000
0.960000
0.960000
0.960000
0.960000
0.960000
0.960000
0.960000
0.960000
0.960000
0.960000
0.960000
0.960000
0.960000
0.960000
0.960000
0.960000
0.960000
0.960000
0.960000
0.960000
0.960000
0.960000
0.960000
0.960000
0.960000
0.960000
0.960000
0.960000
0.960000
0.960000
0.960000
0.960000
0.960000
0.960000
0.960000
0.960000
0.960000
0.960000
0.960000
0.960000
0.960000
0.960000
0.960000
0.960000
0.960000
0.960000
0.960000
0.960000
0.960000
0.960000
0.960000
0.960000
0.960000
0.960000
0.960000
0.960000
0.960000
0.960000
0.960000
0.960000
0.960000
0.960000
0.960000
0.960000
0.960000
0.960000
0.960000
0.960000
0.960000
0.960000
0.960000
0.960000
0.960000
0.960000
0.960000
0.960000
0.960000
0.960000
0.960000
0.960000
0.960000
0.960000
0.960000
0.960000
0.960000
0.960000
0.960000
0.960000
0.960000
0.960000
0.960000
0.960000
0.960000
0.960000
0.960000
0.960000
0.960000
0.960000
0.960000
0.960000
0.960000
0.960000
0.960000
0.960000
0.960000
0.960000
0.960000
0.960000
0.960000
0.960000
0.960000
0.960000
0.960000
0.960000
0.960000
0.960000
0.960000
0.960000
0.960000
0.960000
0.960000
0.960000
0.960000
0.960000
0.960000
0.960000
0.960000
0.960000
0.960000
0.960000
0.960000
0.960000
0.960000
0.960000
0.960000
0.960000
0.960000
0.960000
0.960000
0.960000
0.960000
0.960000
0.960000
0.960000
0.960000
0.960000
0.960000
0.960000
0.960000
0.960000
0.960000
0.960000
0.960000
0.960000
0.960000
0.960000
0.960000
0.960000
0.960000
0.960000
0.960000
0.960000
0.960000
0.960000
0.960000
0.960000
0.960000
0.960000
0.960000
0.960000
0.960000
0.960000
0.960000
0.960000
0.960000
0.960000
0.960000
0.960000
0.960000
0.960000
0.960000
0.960000
0.960000
0.960000
0.960000
0.960000
0.960000
0.960000
0.960000
0.960000
0.960000
0.960000
0.960000
0.960000
0.960000
0.960000
0.960000
0.960000
0.960000
0.960000
0.960000
0.960000
0.960000
0.960000
0.960000
0.960000
0.960000
0.960000
0.960000
0.960000
0.960000
0.960000
0.960000
0.960000
0.960000
0.960000
0.960000
0.960000
0.960000
0.960000
0.960000
0.960000
0.968004
0.968004
0.968004
0.968004
0.968004
0.968004
0.968004
0.968004
0.968004
0.968004
0.968004
0.968004
0.968004
0.968004
0.968004
0.968004
0.968004
0.968004
0.968004
0.968004
0.968004
0.968004
0.968004
0.968004
0.968004
0.968004
0.968004
0.968004
0.968004
0.968004
0.960000
0.960000
0.960000
0.960000
0.960000
0.960000
0.960000
0.960000
0.960000
0.960000
0.960000
0.960000
0.960000
0.960000
0.960000
0.960000
0.960000
0.960000
0.960000
0.960000
0.960000
0.960000
0.960000
0.960000
0.960000
0.960000
0.960000
0.960000
0.960000
0.960000
0.960000
0.960000
0.960000
0.960000
0.960000
0.960000
0.960000
0.960000
0.960000
0.960000
0.960000
0.960000
0.960000
0.960000
0.960000
0.960000
0.960000
0.960000
0.960000
0.960000
0.960000
0.960000
0.960000
0.960000
0.960000
0.960000
0.960000
0.960000
0.960000
0.960000
0.960000
0.960000
0.960000
0.960000
0.960000
0.960000
0.960000
0.960000
0.960000
0.960000
0.969338
1.015358
1.061379
1.104731
1.150085
1.196105
1.242126
1.286813
1.332166
1.377520
1.422206
1.466893
1.509579
1.552931
1.596284
1.638303
1.683656
1.729010
1.775697
1.820384
1.831722
1.831722
1.831722
1.831722
1.831722
1.831722
1.831722
1.831722
1.831722
1.831722
1.822385
1.776364
1.730344
1.686991
1.641638
1.595617
1.549597
1.504910
1.459556
1.414203
1.369516
1.324830
1.282144
1.238791
1.195438
1.153420
1.108066
1.062713
1.016025
0.971338
0.960000
0.960000
0.960000
0.960000
0.960000
0.960000
0.960000
0.960000
0.960000
0.960000
0.960000
0.960000
0.960000
0.960000
0.960000
0.960000
0.960000
0.960000
0.960000
0.960000
0.960000
0.960000
0.960000
0.960000
0.960000
0.960000
0.960000
0.960000
0.960000
0.960000
0.960000
0.960000
0.960000
0.960000
0.960000
0.960000
0.960000
0.960000
0.960000
0.960000
0.960000
0.960000
0.960000
0.960000
0.960000
0.960000
0.960000
0.960000
0.960000
0.960000
0.960000
0.960000
0.960000
0.960000
0.960000
0.960000
0.960000
0.960000
0.960000
0.960000
0.960000
0.960000
0.960000
0.960000
0.960000
0.960000
0.960000
0.960000
0.960000
0.960000
0.960000
0.960000
0.960000
0.960000
0.960000
0.960000
0.960000
0.960000
0.960000
0.960000
0.960000
0.960000
0.960000
0.960000
0.960000
0.960000
0.960000
0.960000
0.960000
0.960000
0.960000
0.960000
0.960000
0.960000
0.960000
0.960000
0.960000
0.960000
0.960000
0.971338
0.982010
0.982010
0.982010
0.982010
0.982010
0.982010
0.982010
0.982010
0.982010
0.982010
0.982010
0.982010
0.982010
0.982010
0.982010
0.982010
0.982010
0.982010
0.982010
0.982010
0.982010
0.982010
0.982010
0.982010
0.982010
0.982010
0.982010
0.982010
0.982010
0.970671
0.960000
0.960000
0.960000
0.960000
0.960000
0.960000
0.960000
0.960000
0.960000
0.960000
0.960000
0.960000
0.960000
0.960000
0.960000
0.960000
0.960000
0.960000
0.960000
0.960000
0.960000
0.960000
0.960000
0.960000
0.960000
0.960000
0.960000
0.960000
0.960000
0.960000
0.960000
0.960000
0.960000
0.960000
0.960000
0.960000
0.960000
0.960000
0.960000
0.960000
0.960000
0.960000
0.960000
0.960000
0.960000
0.960000
0.960000
0.960000
0.960000
0.960000
0.960000
0.960000
0.960000
0.960000
0.960000
0.960000
0.960000
0.960000
0.960000
0.960000
0.960000
0.960000
0.960000
0.960000
0.960000
0.960000
0.960000
0.960000
0.960000
0.960000
0.960000
0.960000
0.960000
0.960000
0.960000
0.960000
0.960000
0.960000
0.960000
0.960000
0.960000
0.960000
0.960000
0.960000
0.960000
0.960000
0.960000
0.960000
0.960000
0.960000
0.960000
0.960000
0.960000
0.960000
0.960000
0.960000
0.960000
0.960000
0.960000
0.960000
0.960000
0.960000
0.960000
0.960000
0.960000
0.960000
0.960000
0.960000
0.960000
0.960000
0.960000
0.960000
0.960000
0.960000
0.960000
0.960000
0.960000
0.960000
0.960000
0.960000
0.960000
0.960000
0.960000
0.960000
0.960000
0.960000
0.960000
0.960000
0.960000
0.960000
0.960000
0.960000
0.960000
0.960000
0.960000
0.960000
0.960000
0.960000
0.960000
0.960000
0.960000
0.960000
0.968004
0.980009
0.980009
0.980009
0.980009
0.980009
0.980009
0.980009
0.980009
0.980009
0.980009
0.980009
0.980009
0.980009
0.980009
0.980009
0.980009
1.016025
1.016025
1.016025
1.016025
1.026029
1.026029
1.026029
1.026029
1.026029
1.026029
1.026029
1.030698
1.030698
1.022695
1.068715
1.145416
1.208778
1.274140
1.352842
1.428876
1.490904
1.556933
1.622296
1.688325
1.750353
1.751020
1.751020
1.751020
1.751020
1.751020
1.751687
1.826387
1.907089
1.977788
2.041816
2.111848
2.117183
2.117183
2.117183
2.117183
2.117183
2.112515
2.112515
2.114515
2.073164
1.997130
1.933768
1.868406
1.789704
1.713670
1.651642
1.594283
1.528921
1.462891
1.400863
1.403531
1.404198
1.404198
1.404198
1.404198
1.404198
1.329498
1.256132
1.185434
1.111401
1.041370
1.036034
1.036034
1.054042
1.054042
1.054042
1.054042
1.054042
1.052041
1.035367
1.034700
1.034700
1.034700
1.034700
1.034700
1.034700
1.026029
1.026029
1.026029
1.026029
1.022695
1.022028
1.022028
1.022028
1.022028
0.985345
0.985345
0.978008
0.978008
0.978008
0.978008
0.978008
0.978008
0.960000
0.960000
0.960000
0.960000
0.960000
0.960000
0.960000
0.960000
0.960000
0.960000
0.960000
0.960000
0.960000
0.960000
0.960000
0.982010
0.999351
0.999351
0.999351
1.000018
1.000018
1.000018
1.000018
1.000018
1.005354
1.016025
1.018693
1.027363
1.035367
1.039369
1.039369
1.039369
1.039369
1.039369
1.039369
1.039369
1.039369
1.049373
1.051374
1.058044
1.084055
1.092059
1.092059
1.092726
1.092726
1.070716
1.053375
1.053375
1.053375
1.052708
1.052708
1.052708
1.052708
1.052708
1.047372
1.036701
1.034033
1.025363
1.017359
1.013357
1.013357
1.013357
1.013357
1.013357
1.013357
1.013357
1.013357
1.003353
1.001352
0.994682
0.968671
0.960667
0.960667
0.960000
0.960000
0.960000
0.960000
0.960000
0.960000
0.960000
0.960000
0.960000
0.960000
0.960000
0.960000
0.960000
0.960000
0.960000
0.960000
0.960000
0.960000
0.960000
0.960000
0.960000
0.960000
0.960000
0.960000
0.960000
0.960000
0.960000
0.960000
0.960000
0.960667
0.961334
0.961334
0.961334
0.961334
0.968004
0.999351
0.999351
0.999351
0.999351
0.999351
0.999351
0.999351
1.004020
1.044038
1.044038
1.044038
1.044038
1.044038
1.044038
1.044038
1.044038
1.044038
1.044038
1.044038
1.044038
1.044038
1.044038
1.044038
1.044038
1.043371
1.042704
1.042704
1.042704
1.042704
1.036034
1.004687
1.004687
1.005354
1.005354
1.005354
1.005354
1.005354
1.000685
0.960667
0.960667
0.960667
0.960667
0.960667
0.960667
0.960667
0.960667
0.960667
0.960667
0.960667
0.960667
0.960667
0.960667
0.960667
0.960667
0.960667
0.960667
0.960667
0.960667
0.960667
0.960667
0.960667
0.960667
0.960000
0.960000
0.960000
0.960000
0.960000
0.960000
0.960000
0.960000
0.960000
0.960000
0.960000
0.960000
0.960000
0.960000
0.960000
0.960000
0.960000
0.960000
0.960000
0.960000
0.960667
0.960667
0.960667
0.960667
0.960667
0.960667
0.960667
0.960667
0.960667
0.960667
0.960667
0.960667
0.960667
0.960667
0.960667
0.960667
0.960667
0.960667
0.960667
0.960667
0.960667
0.960667
0.960667
0.960667
0.960667
0.960667
0.960667
0.960667
0.960667
0.960667
0.960000
0.960000
0.960000
0.960000
0.960000
0.960000
0.960000
0.960000
0.960000
0.960000
0.960000
0.960000
0.960000
0.960000
0.960000
0.960000
0.960000
0.960000
0.960000
0.960000
0.960000
0.960000
0.960000
0.960000
0.960000
0.960000
0.960000
0.960000
0.960000
0.960000
0.960000
0.960000
0.960667
0.960667
0.960667
0.960667
0.960667
0.960667
0.960667
0.960667
0.960667
0.960667
0.960667
0.960667
0.960667
0.960667
0.960667
0.960667
0.960667
0.960667
0.960667
0.960667
0.960667
0.960667
0.961334
0.961334
0.961334
0.961334
0.961334
0.961334
0.961334
0.961334
0.960667
0.960667
0.960667
0.960667
0.960667
0.960667
0.961334
0.961334
0.961334
0.961334
0.961334
0.961334
0.961334
0.961334
0.961334
0.961334
0.961334
0.961334
0.961334
0.961334
0.961334
0.961334
0.960667
0.960667
0.960667
0.960667
0.960667
0.960667
0.961334
0.961334
0.961334
0.961334
0.961334
0.961334
0.961334
0.988679
0.993348
0.993348
0.993348
0.993348
0.993348
0.993348
0.993348
0.993348
1.030031
1.030031
1.030031
1.030031
1.030031
1.030031
1.030031
1.030031
1.030031
1.030031
1.030031
1.030031
1.030031
1.030031
1.029364
1.029364
1.029364
1.029364
1.029364
1.029364
1.029364
1.002019
0.996683
0.996683
0.996683
0.996683
0.996683
0.996683
0.996683
0.996683
0.960000
0.960000
0.960000
0.960000
0.960000
0.960000
0.960000
0.960000
0.960000
0.960000
0.960000
0.960000
0.960000
0.960000
0.960000
0.960000
0.960000
0.960000
0.960000
0.960000
0.960000
0.960000
0.960000
0.960000
0.960000
0.960000
0.960000
0.960000
0.960000
0.960000
0.960000
0.960000
0.960000
0.960000
0.960000
0.960000
0.960000
0.960000
0.960000
0.960000
0.960000
0.960000
0.960000
0.960000
0.960000
0.960000
0.960000
0.960000
0.960000
0.960000
0.960000
0.960000
0.960000
0.960000
0.960000
0.960000
0.960000
0.960000
0.960000
0.960000
0.960000
0.960000
0.960000
0.960000
0.960000
0.960000
0.960000
0.960000
0.960000
0.960000
0.960000
0.960000
0.960000
0.960000
0.960000
0.960000
0.960000
0.960000
0.960000
0.960000
0.960000
0.960000
0.960000
0.960000
0.960000
0.960000
0.960000
0.960000
0.960000
0.960000
0.960000
0.960000
0.960000
0.960000
0.960000
0.960000
0.960000
0.960000
0.960000
0.960000
0.960000
0.960000
0.960000
0.960000
0.960000
0.960000
0.960000
0.960000
0.960000
0.960000
0.960000
0.960000
0.960000
0.960000
0.960000
0.960000
0.960000
0.960000
0.960000
0.960000
0.960000
0.960000
0.960000
0.960000
0.960000
0.960000
0.960000
0.960000
0.960000
0.960000
0.960000
0.960000
0.960000
0.960000
0.960000
0.960000
0.960000
0.960000
0.960000
0.960000
0.960000
0.960000
0.960000
0.960000
0.960000
0.960000
0.960000
0.960000
0.960000
0.960000
0.960000
0.960000
0.960000
0.960000
0.960000
0.960000
0.960000
0.960000
0.960000
0.960000
0.960000
0.960000
0.960000
0.960000
0.960000
0.960000
0.960000
0.960000
0.960000
0.960000
0.960000
0.960000
0.960000
0.960000
0.960000
0.960000
0.960000
0.960000
0.960000
0.960000
0.960000
0.960000
0.960000
0.960000
0.960000
0.960000
0.960000
0.960000
0.960000
0.960000
0.960000
0.960000
0.960000
0.960000
0.960000
0.960000
0.960000
0.960000
0.960000
0.960000
0.960000
0.960000
0.960000
0.960000
0.960000
0.960000
0.960000
0.960000
0.960000
0.960000
0.960000
0.960000
0.960000
0.960000
0.960000
0.960000
0.960000
0.960000
0.960000
0.960000
0.960000
0.960000
0.960000
0.960000
0.960000
0.960000
0.960000
0.960000
0.960000
0.960000
0.960000
0.960000
0.960000
0.960000
0.960000
0.960000
0.960000
0.960000
0.960000
0.960000
0.960000
0.960000
0.960000
0.960000
0.960000
0.960000
0.960000
0.960000
0.960000
0.960000
0.960000
0.960000
0.960000
0.960000
0.960000
0.960000
0.960000
0.960000
0.960000
0.960000
0.960000
0.960000
0.960000
0.960000
0.960000
0.960000
0.960000
0.960000
0.960000
0.960000
0.960000
0.960000
0.960000
0.960000
0.960000
0.960000
0.960000
0.960000
0.960000
0.960000
0.960000
0.960000
0.960000
0.960000
0.960000
0.960000
0.960000
0.960000
0.960000
0.960000
0.960000
0.960000
0.989346
0.989346
0.989346
0.989346
0.989346
0.989346
0.989346
0.989346
0.989346
0.989346
0.989346
0.989346
0.989346
0.989346
0.989346
0.989346
0.989346
0.989346
0.989346
0.989346
0.989346
0.989346
0.989346
0.989346
0.989346
0.989346
0.989346
0.989346
0.989346
0.989346
0.960000
0.960000
0.960000
0.960000
0.960000
0.960000
0.960000
0.960000
0.960000
0.960000
0.960000
0.960000
0.960000
0.960000
0.960000
0.960000
0.960000
0.960000
0.960000
0.960000
0.960000
0.960000
0.960000
0.960000
0.960000
0.960000
0.960000
0.960000
0.960000
0.960000
0.960000
0.960000
0.960000
0.960000
0.960000
0.960000
0.960000
0.960000
0.960000
0.960000
0.960000
0.960000
0.960000
0.960000
0.960000
0.960000
0.960000
0.960000
0.960000
0.960000
0.960000
0.960000
0.960000
0.960000
0.960000
0.960000
0.960000
0.960000
0.960000
0.960000
0.960000
0.960000
0.960000
0.960000
0.960000
0.960000
0.960000
0.960000
0.960000
0.960000
0.960000
0.960000
0.960000
0.960000
0.960000
0.960000
0.960000
0.960000
0.960000
0.960000
0.960000
0.960000
0.960000
0.960000
0.960000
0.960000
0.960000
0.960000
0.960000
0.960000
0.960000
0.960000
0.960000
0.960000
0.960000
0.960000
0.960000
0.960000
0.960000
0.960000
0.960000
0.960000
0.960000
0.960000
0.960000
0.960000
0.960000
0.960000
0.960000
0.960000
0.960000
0.960000
0.960000
0.960000
0.960000
0.960000
0.960000
0.960000
0.960000
0.960000
0.960000
0.960000
0.960000
0.960000
0.960000
0.960000
0.960000
0.960000
0.960000
