0.960000
0.960000
0.960000
0.960000
0.960000
0.960000
0.960000
0.960000
0.960000
0.960000
0.960000
0.960000
0.960000
0.960000
0.960000
0.960000
0.960000
0.960000
0.960000
0.960000
0.960000
0.960000
0.960000
0.960000
0.960000
0.960000
0.960000
0.960000
0.960000
0.960000
0.960000
0.960000
0.960000
0.960000
0.960000
0.960000
0.960000
0.960000
0.960000
0.960000
0.960000
0.960000
0.960000
0.960000
0.960000
0.960000
0.960000
0.960000
0.960000
0.960000
0.960000
0.960000
0.960000
0.960000
0.960000
0.960000
0.960000
0.960000
0.960000
0.960000
0.960000
0.960000
0.960000
0.960000
0.960000
0.960000
0.960000
0.960000
0.960000
0.960000
0.960000
0.960000
0.960000
0.960000
0.960000
0.960000
0.960000
0.960000
0.960000
0.960000
0.960000
0.960000
0.960000
0.960000
0.960000
0.960000
0.960000
0.960000
0.960000
0.960000
0.963112
1.001150
1.003570
1.003570
1.003570
1.003570
1.003570
1.003570
1.003570
1.003570
1.003570
1.003570
1.003570
1.003570
1.003570
1.003570
1.003570
1.003570
1.003570
1.003570
1.003570
1.003570
1.003570
1.003570
1.003570
1.003570
1.003570
1.003916
1.003916
1.003916
1.000804
0.962766
0.960346
0.960346
0.960346
0.960346
0.960346
0.960346
0.960346
0.960346
0.960346
0.960346
0.960346
0.960346
0.960346
0.960346
0.960346
0.960346
0.960346
0.960346
0.960346
0.960346
0.960346
0.960346
0.960346
0.960346
0.960346
0.960000
0.960000
0.960000
0.960000
0.960000
0.960000
0.960000
0.960000
0.960000
0.960000
0.960000
0.960000
0.960000
0.960000
0.963804
0.998729
1.000804
1.000804
1.000804
1.000804
1.000804
1.000804
1.000804
1.000804
1.000804
1.000804
1.000804
1.000804
1.000804
1.000804
1.000804
1.000804
1.000804
1.000804
1.000804
1.000804
1.000804
1.000804
1.000804
1.000804
1.000804
1.000804
1.000804
1.000804
0.997000
0.962075
0.960000
0.960000
0.960000
0.960000
0.960000
0.960000
0.960000
0.960000
0.960000
0.960000
0.960000
0.960000
0.960000
0.960000
0.960000
0.960000
0.960000
0.960000
0.960000
0.960000
0.960000
0.960000
0.960000
0.960000
0.960000
0.960000
0.960000
0.960000
0.960000
0.960000
0.960000
0.960000
0.960000
0.960000
0.960000
0.960000
0.960000
0.960000
0.960000
0.960000
0.960000
0.960000
0.960000
0.960000
0.960000
0.960000
0.960000
0.960000
0.960000
0.960000
0.960000
0.960000
0.960000
0.960000
0.960000
0.960000
0.960000
0.960000
0.960000
0.960000
0.960000
0.960000
0.960000
0.960000
0.960000
0.960000
0.960000
0.960000
0.960000
0.960000
0.960000
0.960000
0.960000
0.960000
0.960000
0.960000
0.960000
0.960000
0.960000
0.960000
0.960000
0.960000
0.960000
0.960000
0.960000
0.960000
0.960000
0.960000
0.960000
0.960000
0.960000
0.960000
0.960000
0.960000
0.960000
0.960000
0.960000
0.960000
0.960000
0.960000
0.960000
0.960000
0.960000
0.960000
0.960000
0.960000
0.960000
0.960000
0.960000
0.960000
0.960000
0.960000
0.960000
0.960000
0.960000
0.960000
0.960000
0.960000
0.960000
0.960000
0.960000
0.960000
0.960000
0.960000
0.960000
0.960000
0.960000
0.960000
0.960000
0.960000
0.960000
0.960000
0.960000
0.960000
0.960000
0.960000
0.960000
0.960000
0.960000
0.960000
0.960000
0.960000
0.960000
0.960000
0.960000
0.960000
0.960000
0.960000
0.960000
0.960000
0.960000
0.960000
0.960000
0.960000
0.960000
0.960000
0.960000
0.960000
0.960000
0.960000
0.960000
0.960000
0.960000
0.960000
0.960000
0.960000
0.960000
0.960000
0.960000
0.960000
0.960000
0.960000
0.960000
0.960000
0.960000
0.960000
0.960000
0.960000
0.960000
0.960000
0.960000
0.960000
0.960000
0.960000
0.960000
0.960000
0.960000
0.960000
0.960000
0.960000
0.960000
0.960000
0.960000
0.960000
0.960000
0.960000
0.960000
0.960000
0.960000
0.960000
0.960000
0.960000
0.960000
0.960000
0.960000
0.960000
0.960000
0.960000
0.960000
0.960000
0.960000
0.960000
0.960000
0.960000
0.960000
0.960000
0.960000
0.960000
0.960000
0.960000
0.960000
0.960000
0.960000
0.960000
0.960000
0.960000
0.960000
0.960000
0.960000
0.960000
0.960000
0.960000
0.960000
0.960000
0.960000
0.960000
0.960000
0.960000
0.960000
0.960000
0.960000
0.960000
0.960000
0.960000
0.960000
0.960000
0.960000
0.960000
0.960000
0.960000
0.960000
0.960000
0.960000
0.960000
0.960000
0.960000
0.960000
0.960000
0.960000
0.960000
0.960000
0.960000
0.960000
0.960000
0.960000
0.960000
0.960000
0.960000
0.960000
0.960000
0.960000
0.960000
0.960000
0.960000
0.960000
0.960000
0.960000
0.960000
0.960000
0.960000
0.960000
0.960000
0.960000
0.976598
1.003570
1.003570
1.003570
1.003570
1.003570
1.005299
1.005299
1.005299
1.007720
1.007720
1.007720
1.007720
1.007720
1.007720
1.008411
1.008411
1.008411
1.008411
1.008411
1.008411
1.008411
1.008411
1.008411
1.008411
1.008411
1.008411
1.008411
1.008411
1.008411
1.002879
0.984897
0.986972
0.986972
0.986972
0.986972
0.985243
0.985243
0.985243
0.982822
0.984897
0.984897
0.984897
0.987318
0.987664
0.986972
0.986972
0.986972
0.986972
0.986972
0.986972
0.986972
0.986972
0.986972
0.986972
0.986972
0.986972
0.986972
0.986972
1.020514
1.020860
1.013598
1.014290
1.028467
1.028467
1.028467
1.028467
1.028467
1.028467
1.028467
1.026393
1.026393
1.026393
1.023972
1.023626
1.023626
1.023626
1.023626
1.023626
1.023626
1.023626
1.023626
1.023626
1.035729
1.040224
1.040570
1.040570
1.040570
1.040570
1.007028
0.995617
0.993888
0.991122
0.976944
0.976944
0.976944
0.977290
0.977290
0.977290
0.977290
0.977290
0.977290
0.977290
0.977290
0.977290
0.977290
0.977290
0.977290
0.977290
0.977290
0.977290
0.977290
0.977290
0.965187
0.960692
0.960346
0.960346
0.960346
0.960346
0.960346
0.960346
0.960346
0.960346
0.960346
0.960346
0.960346
0.960000
0.960000
0.960000
0.960000
0.960000
0.960000
0.960000
0.960000
0.960000
0.960000
0.960000
0.960000
0.960000
0.960000
0.960000
0.960000
0.960000
0.960000
0.960000
0.960000
0.960000
0.960000
0.960000
0.960000
0.960000
0.960000
0.960000
0.960000
0.960000
0.960000
0.960000
0.960000
0.960000
0.960000
0.960000
0.960000
0.960000
0.960000
0.960000
0.960000
0.960000
0.960000
0.960000
0.960000
0.960000
0.960000
0.960000
0.960000
0.960000
0.960000
0.960000
0.960000
0.960000
0.960000
0.960000
0.960000
0.960000
0.960000
0.960000
0.960000
0.960000
0.960000
0.960000
0.960000
0.960000
0.960000
0.960000
0.960000
0.960000
0.960000
0.960000
0.960000
0.960000
0.960000
0.960000
0.960000
0.960000
0.960000
0.960000
0.960000
0.960000
0.960000
0.960000
0.960000
0.960000
0.960000
0.960000
0.960000
0.964841
1.001495
1.001495
1.001495
1.001495
1.001495
1.001495
1.003224
1.010832
1.010832
1.010832
1.010832
1.010832
1.010832
1.018785
1.019131
1.019477
1.019477
1.019477
1.031234
1.081720
1.090019
1.090019
1.090019
1.090019
1.090019
1.090019
1.090019
1.090019
1.090019
1.085178
1.048523
1.048523
1.048523
1.048523
1.048523
1.048523
1.046794
1.039187
1.039187
1.039187
1.039187
1.039187
1.039187
1.031234
1.030888
1.030542
1.030542
1.030542
1.018785
0.968299
0.960000
0.960000
0.960000
0.960000
0.960000
0.960000
0.960000
0.960000
0.960000
0.960000
0.960000
0.960000
0.960000
0.960000
0.960000
0.960000
0.960000
0.960000
0.960000
0.960000
0.960000
0.960000
0.960000
0.960000
0.960000
0.960000
0.960000
0.960000
0.960000
0.960000
0.960000
0.960000
0.960000
0.960000
0.960000
0.960000
0.960000
0.960000
0.960000
0.960000
0.960000
0.960000
0.960000
0.993196
1.002533
1.002533
1.002533
1.002533
1.002533
1.002533
1.002533
1.002533
1.002533
1.002533
1.002533
1.002533
1.002533
1.002533
1.002533
1.002533
1.002533
1.002533
1.002533
1.002533
1.002533
1.002533
1.002533
1.002533
1.002533
1.002533
1.002533
1.002533
1.002879
0.969682
0.960346
0.960346
0.960346
0.960346
0.960346
0.960346
0.960346
0.960346
0.960346
0.960346
0.960346
0.960346
0.960346
0.960346
0.960346
0.960346
0.960346
0.960346
0.960346
0.960346
0.960346
0.960346
0.960346
0.960346
0.960346
0.960346
0.960346
0.960346
0.960000
0.960000
0.960000
0.960000
0.960000
0.960000
0.960000
0.960000
0.960000
0.960000
0.960000
0.960000
0.960000
0.960000
0.960000
0.960000
0.960000
0.960000
0.960000
0.960000
0.960000
0.960000
0.960000
0.960000
0.960000
0.960000
0.960000
0.960000
0.960000
0.960000
0.960000
0.960000
0.960000
0.960000
0.960000
0.960000
0.960000
0.960000
0.960000
0.960000
0.960000
0.960000
0.960000
0.960000
0.960000
0.960000
0.960000
0.960000
0.960000
0.960000
0.960000
0.960000
0.960000
0.960000
0.960000
0.960000
0.960000
0.960000
0.960000
0.960000
0.960000
0.960000
0.960000
0.960000
0.960000
0.960000
0.960000
0.960000
0.960000
0.960000
0.960000
0.960000
0.960000
0.960000
0.960000
0.960000
0.960000
0.960000
0.960000
0.960000
0.990776
1.044720
1.096935
1.148458
1.188224
1.188224
1.188224
1.188224
1.188224
1.188224
1.188224
1.188224
1.188224
1.188224
1.188224
1.188224
1.188224
1.188224
1.188224
1.188224
1.211393
1.240094
1.240094
1.240094
1.240094
1.240094
1.240094
1.240094
1.240094
1.240094
1.209318
1.155374
1.103159
1.051636
1.011869
1.011869
1.011869
1.011869
1.011869
1.011869
1.011869
1.011869
1.011869
1.011869
1.011869
1.011869
1.011869
1.011869
1.011869
1.011869
0.988701
0.960000
0.960000
0.960000
0.960000
0.960000
0.960000
0.960000
0.960000
0.960000
0.960000
0.960000
0.960000
0.960000
0.960000
0.960000
0.960000
0.960000
0.960000
0.960000
0.960000
0.960000
0.960000
0.960000
0.960000
0.962421
0.962421
0.962421
0.962421
0.962421
0.962421
0.962421
0.962421
0.962421
0.962421
0.962421
0.962421
0.962421
0.962421
0.962421
0.962421
0.962421
0.962421
0.965879
0.982477
0.983514
0.985589
1.022243
1.026393
1.026393
1.026393
1.026393
1.026393
1.026393
1.026393
1.023972
1.023972
1.023972
1.023972
1.023972
1.023972
1.023972
1.025355
1.036766
1.036766
1.036766
1.037112
1.037112
1.037112
1.037112
1.037112
1.037112
1.037112
1.034692
1.020860
1.022243
1.024664
0.992159
0.989393
0.989393
0.989393
0.989393
0.989393
0.989393
0.989393
0.989393
0.989393
0.989393
0.989393
0.989393
0.989393
0.989393
0.988009
0.976598
0.976598
0.976598
0.976252
0.976252
0.976252
0.976252
0.976252
0.976252
0.976252
0.975215
0.972449
0.970028
0.965533
0.961383
0.960000
0.960000
0.960000
0.960000
0.960000
0.960000
0.960000
0.960000
0.960000
0.960000
0.960000
0.960000
0.960000
0.960000
0.960000
0.960000
0.960000
0.960000
0.960000
0.960000
0.960346
0.960346
0.960346
0.960346
0.960346
0.960346
0.960346
0.960346
0.960346
0.960346
0.960346
0.960346
0.960346
0.960346
0.960346
0.960346
0.960346
0.960346
0.960346
0.960346
0.960346
0.960346
0.960346
0.960346
0.960346
0.960346
0.960346
0.960346
0.960346
0.960346
0.960000
0.960000
0.960000
0.960000
0.960000
0.999075
1.041608
1.053019
1.054402
1.066505
1.066851
1.068580
1.074804
1.074804
1.074804
1.074804
1.074804
1.074804
1.082757
1.094514
1.096589
1.096589
1.099355
1.104542
1.104542
1.104542
1.104542
1.106617
1.128056
1.147766
1.168860
1.189953
1.199636
1.204131
1.207589
1.168514
1.125981
1.114570
1.113187
1.101084
1.100738
1.099009
1.094168
1.094168
1.094168
1.094168
1.094168
1.094168
1.086215
1.074458
1.072383
1.072383
1.069617
1.064430
1.064430
1.064430
1.064430
1.062355
1.040916
1.021206
1.000112
0.981093
0.971411
0.966916
0.963458
0.963458
0.963458
0.963458
0.963458
0.963458
0.963458
0.963458
0.962075
0.962075
0.962075
0.962075
0.962075
0.962075
0.962075
0.962075
0.962075
0.962075
0.962075
0.962075
0.962075
0.962075
0.962075
0.962075
0.962075
0.962075
0.962075
0.960000
0.960000
0.960000
0.984206
1.003570
1.003570
1.003570
1.003570
1.003570
1.003916
1.004953
1.005991
1.007374
1.008757
1.009794
1.010832
1.011869
1.012907
1.013598
1.014290
1.014981
1.015673
1.016019
1.016710
1.016710
1.016710
1.016710
1.016710
1.016710
1.016710
1.016710
1.016710
1.016710
1.003570
1.016365
1.016365
1.016365
1.016365
1.016365
1.016019
1.014981
1.013944
1.012561
1.011178
1.010140
1.009103
1.008065
1.007028
1.006336
1.005645
1.009449
1.023626
1.037458
1.050944
1.062009
1.062009
1.062009
1.063047
1.099355
1.106617
1.106617
1.106617
1.106617
1.095551
1.063393
1.063393
1.063393
1.063393
1.063393
1.063393
1.063393
1.063393
1.063393
1.063393
1.063393
1.063393
1.063393
1.063393
1.063393
1.063393
1.058897
1.044028
1.029851
1.015673
1.004608
1.004608
1.004953
1.008065
0.971757
0.964495
0.964495
0.964495
0.964495
0.966570
0.966570
0.966570
0.966570
0.966570
0.966570
0.966570
0.966570
0.966570
0.966570
0.966570
0.966570
0.966570
0.966570
0.966570
0.966570
0.966570
0.966570
0.966570
0.966570
0.966570
0.966570
0.966570
0.966224
0.962075
0.962075
0.962075
0.962075
0.962075
0.963804
0.961729
0.961729
0.961729
0.965187
0.965533
0.965533
0.965533
0.965533
0.965533
0.965533
0.965533
0.965879
0.965879
0.965879
0.965879
0.965879
0.965879
0.965879
0.965879
0.965879
0.965879
0.965879
0.965879
0.965879
0.965879
0.965879
0.965879
0.965879
0.965879
0.964150
0.964150
0.969336
1.006336
1.003916
1.003570
1.003570
1.003570
1.003570
1.003570
1.003570
1.003570
1.003224
1.003224
1.003224
1.003224
1.003224
1.003224
1.003224
1.003224
1.003224
1.003224
1.003224
1.003224
1.003224
1.003224
1.003224
1.003224
1.003224
1.003224
1.003224
1.003224
0.998037
0.961037
0.960000
0.960000
0.960000
0.960000
0.960000
0.960000
0.960000
0.960000
0.960000
0.960000
0.960000
0.960000
0.960000
0.960000
0.960000
0.960000
0.960000
0.960000
0.960000
0.960000
0.960000
0.960000
0.960000
0.960000
0.960000
0.960000
0.960000
0.960000
0.960000
0.960000
0.960000
0.960000
0.960000
0.960000
0.960000
0.960000
0.960000
0.960000
0.960000
0.960000
0.960000
0.960000
0.960000
0.960000
0.960000
0.960000
0.960000
0.960000
0.960000
0.960000
0.960000
0.960000
0.960000
0.960000
0.960000
0.960000
0.960000
0.960000
0.960000
0.960000
0.960000
0.960000
0.960000
0.960000
0.960000
0.960000
0.960000
0.960000
0.960000
0.960000
0.960000
0.960000
0.960000
0.960000
0.960000
0.960000
0.960000
0.960000
0.960000
0.960000
0.960000
0.960000
0.960000
0.960000
0.960000
0.960000
0.960000
0.960000
0.960000
0.960000
0.960000
0.960000
0.960000
0.960000
0.960000
0.960000
0.960000
0.960000
0.960000
0.960000
0.960000
0.960000
0.960000
0.960000
0.960000
0.960000
0.960000
0.960000
0.960000
0.960000
0.960000
0.960000
0.960000
0.960000
0.960000
0.960000
0.960000
0.960000
0.960000
0.960000
0.960000
0.960000
0.960000
0.960000
0.960000
0.960000
0.960000
0.960000
0.960000
0.960000
0.960000
0.960000
0.960000
0.960000
0.960000
0.960000
0.960000
0.960000
0.960000
0.960000
0.960000
0.960000
0.960000
0.960000
0.960000
0.960000
0.960000
0.960000
0.960000
0.960000
0.960000
0.960000
0.960000
0.960000
0.960000
0.960000
0.960000
0.960000
0.960000
0.960000
0.960000
0.960000
0.960000
0.960000
0.960000
0.960000
0.960000
0.960000
0.960000
0.960000
0.960000
0.960000
0.960000
0.960000
0.960000
0.960000
0.960000
0.960000
0.960000
0.960000
0.960000
0.960000
0.960000
0.960000
0.960000
0.960000
0.960000
0.960000
0.960000
0.960000
0.960000
0.960000
0.960000
0.960000
0.960000
0.960000
0.960000
0.960000
0.960000
0.960000
0.960000
0.960000
0.960000
0.960000
0.960000
0.960000
0.960000
0.960000
0.960000
0.960000
0.960000
0.960000
0.960000
0.960000
0.960000
0.960000
0.960000
0.960000
0.960000
0.960000
0.960000
0.960000
0.960000
0.960000
0.960000
0.960000
0.960000
0.960000
0.960000
0.960000
0.960000
0.960000
0.960000
0.960000
0.960000
0.960000
0.960000
0.960000
0.960000
0.960000
0.960000
0.960000
0.960000
0.960000
0.960000
0.960000
0.960000
0.960000
0.960000
0.960000
0.960000
0.960000
0.960000
0.960000
0.960000
0.960000
0.960000
0.960000
0.960000
0.960000
0.960000
0.960000
0.960000
0.960000
0.960000
0.960000
0.960000
0.960000
0.960000
0.960000
0.960000
0.960000
0.960000
0.960000
0.961037
0.961037
0.961037
0.961037
0.961037
0.961037
0.961037
0.961037
0.961037
0.961037
0.961037
0.964495
1.000804
1.002879
1.002879
1.002879
1.002879
1.002879
1.002879
1.002879
1.002879
1.002879
1.002879
1.002879
1.002879
1.002879
1.002879
1.002879
1.002879
1.002879
1.001841
1.001841
1.001841
1.001841
1.001841
1.001841
1.001841
1.001841
1.001841
1.001841
1.001841
0.998383
0.962075
0.960000
0.960000
0.960000
0.960000
0.960000
0.960000
0.960000
0.960000
0.960000
0.960000
0.960000
0.960000
0.960000
0.960000
0.960000
0.960000
0.960000
0.960000
0.960000
0.960000
0.960000
0.960000
0.960000
0.960000
0.960000
0.960000
0.960000
0.960000
0.960000
0.960000
0.960000
0.960000
0.960000
0.960000
0.960000
0.960000
0.960000
0.960000
0.960000
0.960000
0.960000
0.990430
1.004953
1.004953
1.004953
1.006682
1.006682
1.006682
1.006682
1.018093
1.021551
1.021551
1.022935
1.022935
1.022935
1.050598
1.086907
1.129439
1.159524
1.189608
1.220729
1.250467
1.280206
1.310636
1.340374
1.369767
1.399159
1.428552
1.457944
1.487337
1.516729
1.515692
1.530215
1.559608
1.588655
1.616318
1.645365
1.674412
1.703458
1.720748
1.745991
1.785758
1.821374
1.854225
1.893991
1.895720
1.888459
1.876010
1.874627
1.873935
1.871515
1.872898
1.872898
1.871169
1.870477
1.870131
1.869094
1.868403
1.867711
1.868057
1.867019
1.856645
1.827599
1.798206
1.769159
1.739767
1.710720
1.681673
1.652627
1.623926
1.595225
1.555458
1.518458
1.485608
1.445841
1.416449
1.387402
1.357318
1.328617
1.299225
1.270524
1.239402
1.209664
1.180963
1.151916
1.122869
1.094514
1.065813
1.037112
1.007374
0.979019
0.960000
0.960000
0.960000
0.960000
0.960000
0.960000
0.960000
0.960000
0.960000
0.960000
0.960000
0.960000
0.960000
0.960000
0.960000
0.960000
0.960000
0.960000
0.960000
0.960000
0.960000
0.960000
0.960000
0.960000
0.960000
0.961729
0.961729
0.963804
0.970028
0.970028
0.970028
0.970028
0.970028
0.970028
0.970028
0.970028
0.970028
0.970028
0.970028
0.970028
0.970028
0.970028
0.970028
0.970028
0.970028
0.970028
0.970028
0.970028
0.970028
0.970028
0.970028
0.970028
0.970028
0.970028
0.970028
0.968299
0.968299
0.966224
0.960000
0.960000
0.960000
0.960000
0.960000
0.960000
0.960000
0.960000
0.960000
0.960000
0.960000
0.960000
0.961729
0.976598
0.979364
0.979364
0.988355
1.022935
1.022935
1.022935
1.024318
1.024318
1.024318
1.024318
1.024318
1.024318
1.024318
1.024318
1.024318
1.024318
1.024318
1.024318
1.024318
1.024318
1.024318
1.024318
1.024318
1.024318
1.024318
1.024318
1.024318
1.024318
1.022589
1.007720
1.004953
1.004953
0.995963
0.961383
0.961383
0.961383
0.960000
0.960000
0.960000
0.960000
0.960000
0.960000
0.960000
0.960000
0.960000
0.960000
0.960000
0.960000
0.960000
0.960000
0.960000
0.960000
0.960000
0.960000
0.960000
0.960000
0.960000
0.960000
0.960000
0.960000
0.960000
0.960000
0.960000
0.960000
0.960000
0.960000
0.960000
0.960000
0.960000
0.960000
0.960000
0.960000
0.960000
0.960000
0.960000
0.960000
0.960000
0.960000
0.960000
0.960000
0.960000
0.960000
0.960000
0.960000
0.960000
0.960000
0.960000
0.960000
0.960000
0.960000
0.960000
0.960000
0.960000
0.960000
0.960000
0.960000
0.960000
0.960000
0.960000
0.960000
0.960000
0.960000
0.960000
0.960000
0.960000
0.960000
0.960000
0.960000
0.960000
0.960000
0.960000
0.960000
0.960000
0.960000
0.960000
0.976252
0.976598
0.976598
0.976598
0.976598
0.976598
0.976598
0.976598
0.976598
0.976598
0.976598
0.976598
0.976598
0.976598
0.976598
0.976598
0.976598
0.976598
0.976598
0.976598
0.976598
0.976598
0.976598
0.976598
0.976598
0.976598
0.976598
0.976598
0.976598
0.976598
0.960346
0.960000
0.960000
0.960000
0.960000
0.960000
0.960000
0.960000
0.960000
0.960000
0.960000
0.960000
0.960000
0.960000
0.960000
0.960000
0.960000
0.960000
0.960000
0.960000
0.960000
0.960000
0.960000
0.960000
0.960000
0.960000
0.960000
0.960000
0.960000
0.960000
0.960000
0.960000
0.960000
0.960000
0.960000
0.960000
0.960000
0.960000
0.960000
0.960000
0.960000
0.960000
0.960000
0.960000
0.960000
0.960000
0.960000
0.960000
0.960000
0.960000
0.960000
0.960000
0.960000
0.960000
0.960000
0.960000
0.960000
0.960000
0.960000
0.960000
0.960000
0.960000
0.960000
0.960000
0.960000
0.960000
0.960000
0.960000
0.960000
0.960000
0.960000
0.960000
0.960000
0.960000
0.960000
0.960000
0.960000
0.960000
0.960000
0.960000
0.960000
0.960000
0.960000
0.960000
0.960000
0.960000
0.960000
0.960000
0.960000
0.960000
0.960000
0.960000
0.960000
0.960000
0.960000
0.960000
0.960000
0.960000
0.960000
0.960000
0.960000
0.960000
0.960000
0.960000
0.960000
0.960000
0.960000
0.960000
0.960000
0.960000
0.960000
0.960000
0.960000
0.960000
0.960000
0.960000
0.960000
0.960000
0.960000
0.960000
0.960000
0.960000
0.960000
0.960000
0.960000
0.960000
0.960000
0.960000
0.960000
0.960000
0.960000
0.960000
0.960000
0.960000
0.960000
0.960000
0.960000
0.960000
0.960000
0.960000
0.960000
0.960000
0.960000
0.960000
0.960000
0.960000
0.960000
0.960000
0.960000
0.960000
0.960000
0.960000
0.960000
0.960000
0.960000
0.960000
0.960000
0.960000
0.960000
0.960000
0.960000
0.960000
0.960000
0.960000
0.960000
0.960000
0.960000
0.960346
0.960346
0.960346
0.960346
0.960346
0.960346
0.960346
0.960346
0.960346
0.960346
0.960346
0.960346
0.960346
0.960346
0.960346
0.960346
0.960346
0.960346
0.960346
0.960346
0.960346
0.960346
0.960346
0.960346
0.960346
0.960346
0.960346
0.960346
0.960346
0.960346
0.960000
0.960000
0.960000
0.960000
0.960000
0.960000
0.960000
0.960000
0.960000
0.960000
0.960000
0.960000
0.960000
0.960000
0.960000
0.960000
0.960000
0.960000
0.960000
0.960000
0.960000
0.960000
0.960000
0.960000
0.960000
0.960000
0.960000
0.960000
0.960000
0.960000
0.960000
0.960000
0.960000
0.960000
0.960000
0.960000
0.960000
0.960000
0.960000
0.960000
0.960000
0.960000
0.960000
0.960000
0.960000
0.960000
0.960000
0.960000
0.960000
0.960000
0.960000
0.960000
0.960000
0.960000
0.960000
0.960000
0.960000
0.960000
0.960000
0.960000
0.960000
0.960000
0.960000
0.960000
0.960000
0.960000
0.960000
0.960000
0.960000
0.960000
0.960000
0.960000
0.960000
0.960000
0.960000
0.960000
0.960000
0.960000
0.960000
0.960000
0.960000
0.960000
0.987664
1.002187
1.002187
1.002187
1.002187
1.002187
1.002187
1.002187
1.002187
1.002187
1.002187
1.002187
1.002187
1.002187
1.002187
1.002187
1.002187
1.002187
1.002187
1.002187
1.002187
1.002187
1.002187
1.002187
1.002187
1.002187
1.002187
1.002187
1.002187
1.002187
0.974523
0.960000
0.960000
0.960000
0.960000
0.960000
0.960000
0.960000
0.960000
0.960000
0.960000
0.960000
0.960000
0.960000
0.960000
0.960000
0.960000
0.960000
0.960000
0.960000
0.960000
0.960000
0.960000
0.960000
0.960000
0.960000
0.960000
0.960000
0.960000
0.960000
0.960000
0.960000
0.960000
0.960000
0.960000
0.960000
0.960000
0.960000
0.960000
0.960000
0.960000
0.960000
0.960000
0.960000
0.960000
0.960000
0.960000
0.960000
0.960000
0.960000
0.960000
0.960000
0.960000
0.960000
0.960000
0.960000
0.960000
0.960000
0.960000
0.960000
0.960000
0.960000
0.960000
0.960000
0.960000
0.960000
0.960000
0.960000
0.960000
0.960000
0.960000
0.960000
0.960000
0.960000
0.960000
0.960000
0.960000
0.960000
0.971411
1.020860
1.035037
1.042645
1.042645
1.042645
1.042645
1.042645
1.042645
1.042645
1.042645
1.042645
1.042645
1.042645
1.042645
1.042645
1.042645
1.042645
1.042645
1.042645
1.042645
1.042645
1.042645
1.042645
1.042645
1.042645
1.042645
1.042645
1.042645
1.042645
1.031234
0.981785
0.967607
0.960000
0.960000
0.960000
0.960000
0.960000
0.960000
0.960000
0.960000
0.960000
0.960000
0.960000
0.960000
0.960000
0.960000
0.960000
0.960000
0.960000
0.960000
0.960000
0.960000
0.960000
0.960000
0.960000
0.960000
0.960000
0.960000
0.960000
0.960000
0.960000
0.960000
0.960000
0.960000
0.960000
0.960000
0.960000
0.960000
0.960000
0.960000
0.960000
0.960000
0.960000
0.960000
0.960000
0.960000
0.960692
0.962421
0.964150
0.968645
0.974523
0.977290
0.980056
0.981785
0.983168
0.993196
1.004953
1.012561
1.016365
1.017402
1.018439
1.019477
1.020168
1.022589
1.023280
1.025701
1.026047
1.027776
1.028122
1.028467
1.028813
1.029159
1.029159
1.029159
1.029505
1.029851
1.029159
1.027430
1.025701
1.021206
1.015327
1.012561
1.009794
1.008065
1.006682
0.996654
0.984897
0.977290
0.973486
0.972449
0.971411
0.970720
0.970374
0.967953
0.967262
0.964841
0.964495
0.962766
0.962421
0.962075
0.961729
0.961729
0.962075
0.962075
0.961729
0.961383
0.961383
0.961383
0.961383
0.961383
0.961383
0.961383
0.961383
0.961383
0.961383
0.961383
0.961383
0.961383
0.961383
0.961383
0.961383
0.961037
0.960692
0.960692
0.960692
0.960692
0.960692
0.960692
0.960692
0.960692
0.960692
0.960346
0.960346
0.960346
0.960346
0.960346
0.960346
0.960692
0.960692
0.960692
0.960692
0.960692
0.960692
0.960692
0.960692
0.975215
1.000804
1.000804
1.000804
1.000804
1.000804
1.000804
1.000804
1.000804
1.000804
1.002533
1.002533
1.002533
1.002533
1.002533
1.002533
1.002533
1.002187
1.002879
1.002879
1.002879
1.004953
1.008757
1.008757
1.008757
1.008757
1.008757
1.008757
1.008757
1.008757
0.995271
0.969682
0.969682
0.969682
0.969682
0.969682
0.969682
0.969682
0.969682
0.969682
0.967953
0.967953
0.967953
0.967953
0.967953
0.967953
0.967953
0.975215
0.975907
0.975907
0.975907
0.973832
0.969682
0.969682
0.969682
0.969682
0.969682
0.969682
0.969682
0.978673
1.010832
1.010832
1.010832
1.049561
1.092785
1.106617
1.120795
1.134626
1.148804
1.162636
1.176467
1.190645
1.204477
1.218309
1.227991
1.241131
1.245281
1.238710
1.237327
1.237327
1.237327
1.237327
1.237327
1.237327
1.237327
1.237327
1.237327
1.237327
1.237327
1.228337
1.195140
1.195140
1.195140
1.156411
1.113187
1.099355
1.085178
1.071346
1.057168
1.043337
1.029505
1.015327
1.001495
0.992159
0.996654
0.997346
1.006682
1.010832
1.037458
1.054748
1.058206
1.058206
1.091402
1.100393
1.100393
1.100393
1.100393
1.100393
1.100393
1.100393
1.100393
1.100393
1.100393
1.100393
1.100393
1.100393
1.100393
1.100393
1.100393
1.100393
1.100393
1.100393
1.100393
1.095897
1.081720
1.067888
1.054402
1.049561
1.022935
1.005645
1.002187
1.002187
0.968991
0.960000
0.960000
0.960000
0.960000
0.962075
0.962075
0.962075
0.962075
0.962075
0.962075
0.962075
0.962075
0.962075
0.962075
0.962075
0.962075
0.962075
0.962075
0.962075
0.962075
0.962075
0.962075
0.962075
0.962075
0.962075
0.962075
0.962075
0.962075
0.962421
0.965879
0.965879
0.965879
0.965879
0.965879
0.963804
0.963804
0.963804
0.963804
0.963804
0.963804
0.963804
0.963804
0.963804
0.963804
0.963804
0.963804
0.963804
0.963804
0.963804
0.963804
0.963804
0.963804
0.963804
0.963804
0.963804
0.963804
0.963804
0.963804
0.963458
0.960000
0.960000
0.960000
0.960000
0.960000
0.960000
0.960000
0.960000
0.960000
0.960000
0.960000
0.960000
0.960000
0.960000
0.960000
0.960000
0.960000
0.960000
0.960000
0.960000
0.960000
0.960000
0.960000
0.960000
0.960000
0.960000
0.960000
0.960000
0.960000
0.960000
0.960000
0.960000
0.960000
0.960000
0.960000
0.960000
0.960000
0.960000
0.960000
0.960000
0.960000
0.960000
0.960000
0.960000
0.960000
0.960000
0.960000
0.960000
0.960000
0.960000
0.960000
0.960000
0.960000
0.960000
0.960000
0.960000
0.960000
0.960000
0.960000
0.960000
0.960000
0.960000
0.960000
0.960000
0.960000
0.960000
0.960000
0.960000
0.960000
0.960000
0.960000
0.960000
0.960000
0.960000
0.960000
0.960000
0.960000
0.960000
0.960000
0.960000
0.960000
0.960000
0.960000
0.960000
0.960000
0.960000
0.960000
0.960000
0.960000
0.960000
0.960000
0.960000
0.960000
0.960000
0.960000
0.960000
0.960000
0.960000
0.960000
0.960000
0.960000
0.960000
0.960000
0.960000
0.960000
0.960000
0.960000
0.960000
0.960000
0.960000
0.960000
0.960000
0.960000
0.960000
0.960000
0.960000
0.960000
0.960000
0.960000
0.960000
0.960000
0.960000
0.960000
0.960000
0.960000
0.960000
0.960000
0.960000
0.960000
0.960000
0.960000
0.960000
0.960000
0.960000
0.960000
0.960000
0.960000
0.960000
0.960000
0.960000
0.960000
0.960000
0.960000
0.960000
0.960000
0.960000
0.960000
0.960000
0.980402
1.002533
1.002533
1.002533
1.002533
1.002533
1.002533
1.002533
1.002533
1.002533
1.002533
1.002533
1.002533
1.002533
1.002533
1.002533
1.002533
1.002533
1.002533
1.002533
1.002533
1.002533
1.002533
1.002533
1.002533
1.002533
1.002533
1.002533
1.002533
1.002533
0.982131
0.960000
0.960000
0.960000
0.960000
0.960000
0.960000
0.960000
0.960000
0.960000
0.960000
0.960000
0.960000
0.960000
0.960000
0.960000
0.960000
0.960000
0.960000
0.960000
0.960000
0.960000
0.960000
0.960000
0.960000
0.960000
0.960000
0.960000
0.960000
0.960000
0.960000
0.960000
0.960000
0.960000
0.960000
0.960000
0.960000
0.960000
0.960000
0.960000
0.960000
0.960000
0.960000
0.960000
0.960000
0.960000
0.960000
0.960000
0.960000
0.960000
0.960000
0.960000
0.960000
0.960000
0.960000
0.960000
0.960000
0.960000
0.960000
0.960000
0.960000
0.960000
0.960000
0.960000
0.960000
0.960000
0.960000
0.960000
0.960000
0.960000
0.960000
0.960000
0.960000
0.960000
0.960000
0.960000
0.960000
0.960000
0.960000
0.960000
0.960000
0.960000
0.960000
0.960000
0.960000
0.960000
0.960000
0.960000
0.960000
0.960000
0.960000
0.960000
0.960000
0.960000
0.960000
0.960000
0.960000
0.960000
0.960000
0.960000
0.960000
0.960000
0.960000
0.960000
0.960000
0.960000
0.960000
0.960000
0.960000
0.960000
0.960000
0.960000
0.960000
0.960000
0.960000
0.960000
0.960000
0.960000
0.960000
0.960000
0.960000
0.960000
0.960000
0.960000
0.960000
0.960000
0.960000
0.960000
0.960000
0.960000
0.960000
0.960000
0.960000
0.960000
0.960000
0.960000
0.970720
1.002879
1.002879
1.002879
1.004953
1.004953
1.037458
1.075495
1.113187
1.150533
1.190645
1.227991
1.265337
1.302337
1.339337
1.379795
1.417486
1.454141
1.491141
1.527795
1.564449
1.601103
1.639832
1.677178
1.713832
1.750487
1.787141
1.823795
1.860449
1.897103
1.923038
1.927533
1.963842
2.000496
2.035076
2.071730
2.075533
2.074150
2.073113
2.072421
2.068963
2.068272
2.067234
2.066889
2.066543
2.062393
2.061356
2.061010
2.060664
2.060319
2.059973
2.059627
2.057206
2.056169
2.055823
2.055477
2.054786
2.027468
2.007066
1.977328
1.944477
1.917160
1.880851
1.844197
1.807543
1.774692
1.738730
1.702075
1.665421
1.628767
1.592113
1.555458
1.519150
1.482496
1.445841
1.409533
1.372879
1.336570
1.299916
1.263608
1.227299
1.190991
1.154682
1.118374
1.082066
1.045757
1.009794
1.000458
0.984206
0.977290
0.973486
0.964150
0.964150
0.964150
0.964150
0.960346
0.960000
0.960000
0.960000
0.960000
0.960000
0.960000
0.960000
0.960000
0.960000
0.960000
0.960000
0.960000
0.960000
0.960000
0.960000
0.960000
0.960000
0.960000
0.960000
0.960000
0.960000
0.960000
0.960000
0.960000
0.960000
0.960000
0.960000
0.960000
0.960000
0.960000
0.960000
0.960000
0.960000
0.960000
0.960000
0.960000
0.960000
0.960000
0.960000
0.960000
0.960000
0.960000
0.960000
0.960000
0.960000
0.960000
0.960000
0.960000
0.960000
0.960000
0.960000
0.960000
0.960000
0.960000
0.960000
0.960000
0.960000
0.960000
0.960000
0.960000
0.960000
0.960000
0.960000
0.960000
0.960000
0.960000
0.960000
0.960000
0.960000
0.960000
0.960000
0.960000
0.960000
0.960000
0.960000
0.962075
0.962075
0.962075
0.962075
0.962075
0.962075
0.962075
0.962075
0.968299
0.968299
0.968299
0.968299
0.968299
0.968299
0.968299
0.968299
0.968299
0.968299
0.968299
0.968299
0.968299
0.968299
0.968299
0.968299
0.968299
0.968299
0.968299
0.968299
0.968299
0.968299
0.966224
0.966570
0.966570
0.966570
0.966570
0.966570
0.966570
0.966570
0.960346
0.960346
0.960346
0.960346
0.960692
0.967607
0.981439
0.981439
0.981785
0.997346
1.030196
1.041953
1.041953
1.041953
1.041953
1.041953
1.042299
1.042299
1.042299
1.042299
1.042299
1.042299
1.042299
1.041953
1.041953
1.041953
1.041953
1.041953
1.041953
1.041953
1.041953
1.041953
1.041953
1.041953
1.041608
1.034692
1.020860
1.020860
1.020514
1.004953
0.972103
0.960346
0.960346
0.960346
0.960346
0.960346
0.960000
0.960000
0.960000
0.960000
0.960000
0.960000
0.960000
0.960000
0.960000
0.960000
0.960000
0.960000
0.960000
0.960000
0.960000
0.960000
0.960000
0.960000
0.960000
0.960000
0.960000
0.960000
0.960000
0.960000
0.960000
0.960000
0.960000
0.960000
0.960000
0.960000
0.960000
0.960000
0.960000
0.960000
0.960000
0.960000
0.960000
0.960000
0.960000
0.960000
0.960000
0.960000
0.960000
0.960000
0.960346
0.960346
0.960346
0.960346
0.960346
0.960346
0.960346
0.960346
0.960346
0.960346
0.960346
0.960346
0.960346
0.960346
0.960346
0.960346
0.960346
0.960346
0.960346
0.960346
0.960346
0.960346
0.960346
0.960346
0.960346
0.960346
0.960346
0.960346
0.960346
0.960346
0.960000
0.960000
0.960000
0.960000
0.960000
0.960000
0.960000
0.960000
0.960000
0.960000
0.960000
0.960000
0.960346
0.960346
0.960346
0.960346
0.960346
0.960346
0.960346
0.960346
0.960346
0.960346
0.960346
0.960346
0.960346
0.960346
0.960346
0.960346
0.960346
0.960346
0.960346
0.960346
0.960346
0.960346
0.960346
0.960346
0.960346
0.960346
0.960346
0.960346
0.960346
0.960346
0.960000
0.960000
0.960000
0.960000
0.960000
0.960000
0.960000
0.960000
0.960000
0.960000
0.960000
0.960000
0.960000
0.960000
0.960000
0.960000
0.960000
0.960000
0.960000
0.960000
0.960000
0.960000
0.960000
0.960000
0.960000
0.960000
0.960000
0.960000
0.960000
0.960000
0.960000
0.960000
0.960000
0.960000
0.960000
0.960000
0.960000
0.960000
0.960000
0.960000
0.960000
0.960000
0.960000
0.960000
0.960000
0.960000
0.960000
0.960000
0.960000
0.960000
0.960000
0.960000
0.960000
0.960000
0.960000
0.960000
0.960000
0.960000
0.960000
0.960000
0.960000
0.960000
0.960000
0.960000
0.960000
0.960000
0.960000
0.960000
0.960000
0.960000
0.960000
0.960000
0.960000
0.960000
0.960000
0.960000
0.960000
0.960000
0.960000
0.960000
0.960000
0.960000
0.960000
0.960000
0.960000
0.960000
0.960000
0.960000
0.960000
0.960000
0.960000
0.960000
0.960000
0.960000
0.960000
0.960000
0.960000
0.960000
0.960000
0.960000
0.960000
0.960000
0.960000
0.960000
0.960000
0.960000
0.960000
0.960000
0.960000
0.960000
0.960000
0.960000
0.960000
0.960000
0.960000
0.960000
0.960000
0.960000
0.960000
0.960000
0.960000
0.960000
0.960000
0.960000
0.960000
0.960000
0.960000
0.960000
0.960000
0.960000
0.960000
0.960000
0.960000
0.960000
0.960000
0.960000
0.960000
0.960000
0.960000
0.960000
0.960000
0.960000
0.960000
0.960000
0.960000
0.960000
0.960000
0.960000
0.960000
0.960000
0.960000
0.960000
0.960000
0.960000
0.960000
0.960000
0.960000
0.960000
0.960000
0.960000
0.960000
0.960000
0.960000
0.960000
0.960000
0.960000
0.960000
0.960000
0.960000
0.960000
0.960000
0.960000
0.960000
0.960000
0.960000
0.960000
0.960000
0.960000
0.960000
0.960000
0.960000
0.960000
0.960000
0.960000
0.960000
0.960000
0.960000
0.960000
0.960000
0.960000
0.960000
0.960000
0.960000
0.960000
0.960000
0.960000
0.960000
0.960000
0.960000
0.960000
0.960000
0.960000
0.960000
0.960000
0.960000
0.960000
0.960000
0.960346
0.960346
0.960692
0.961729
0.962421
0.963458
0.964150
0.965187
0.965879
0.966570
0.967607
0.968299
0.968991
0.969336
0.970028
0.970720
0.971065
0.971411
0.971757
0.972449
0.972794
0.973140
0.973486
0.973486
0.973486
0.973486
0.973486
0.973486
0.973486
0.973486
0.973140
0.973486
0.973140
0.972103
0.971411
0.970374
0.969682
0.968645
0.967953
0.967262
0.966224
0.965533
0.964841
0.964495
0.963804
0.963112
0.962766
0.962421
0.962075
0.961383
0.961037
0.960692
0.960692
0.960692
0.961037
0.961037
0.961037
0.961037
0.961037
0.961037
0.961037
0.960692
0.960692
0.960692
0.960692
0.960692
0.960692
0.960692
0.960692
0.960692
0.960692
0.960692
0.960692
0.965533
1.017402
1.032963
1.047140
1.061318
1.075495
1.089327
1.089327
1.089327
1.088981
1.091748
1.094860
1.094860
1.095551
1.096935
1.096935
1.096935
1.096935
1.096935
1.096935
1.096935
1.096935
1.096935
1.096935
1.096935
1.096935
1.096935
1.096935
1.096935
1.096935
1.092094
1.040224
1.024664
1.010486
0.996308
0.982131
0.968299
0.968299
0.968299
0.968299
0.965533
0.962075
0.962075
0.961383
0.960000
0.960000
0.960000
0.960000
0.960000
0.960000
0.960000
0.960000
0.960000
0.960000
0.960000
0.960000
0.960000
0.960000
0.960000
0.960000
0.960000
0.960000
0.960000
0.960000
0.960000
0.960000
0.960000
0.960000
0.960000
0.960000
0.960000
0.960000
0.960000
0.960000
0.960000
0.960000
0.960000
0.960000
0.960000
0.960000
0.960000
0.960000
0.960000
0.960000
0.960000
0.960000
0.960000
0.960000
0.960000
0.960000
0.960000
0.960000
0.960000
0.960000
0.960000
0.960000
0.960000
0.960000
0.960000
0.960000
0.960000
0.960000
0.960000
0.960000
0.960000
0.960000
0.960000
0.960000
0.960000
0.960000
0.960000
0.960000
0.960000
0.960000
0.960000
0.960000
0.960000
0.979019
1.002533
1.003570
1.004608
1.005645
1.006682
1.007720
1.008757
1.009794
1.010486
1.011523
1.012215
1.013252
1.013944
1.014290
1.014981
1.015673
1.016019
1.016365
1.017056
1.017056
1.017056
1.017402
1.017748
1.017748
1.017748
1.017748
1.017748
1.017748
1.017748
0.998729
0.975215
0.974178
0.973140
0.972103
0.971065
0.970028
0.968991
0.967953
0.967262
0.966224
0.965533
0.964495
0.963804
0.963458
0.962766
0.962075
0.961729
0.961383
0.960692
0.960692
0.960692
0.960346
0.960000
0.960000
0.960000
0.960000
0.960000
0.960000
0.960000
0.960000
0.960000
0.960000
0.960000
0.960000
0.960000
0.960000
0.960000
0.960000
0.960000
0.960000
0.960000
0.960000
0.960000
0.960000
0.960000
0.960000
0.960000
0.960000
0.960000
0.960000
0.960000
0.960000
0.960000
0.960000
0.960000
0.960000
0.960000
0.960000
0.960000
0.960000
0.960000
0.960000
0.960000
0.960000
0.960000
0.960000
0.960000
0.960000
0.960000
0.960000
0.960000
0.960000
0.960000
0.960000
0.960000
0.960000
0.960346
0.960346
0.960346
0.960346
0.960346
0.960346
0.960346
0.960346
0.960346
0.960346
0.960346
0.960692
0.960692
0.960692
0.960692
0.961037
0.961037
0.961037
0.961037
0.961037
0.961037
0.961037
0.961037
0.961037
0.961037
0.961037
0.961037
0.961037
0.961037
0.961037
0.960692
0.960692
0.960692
0.960692
0.960692
0.960692
0.960692
0.960692
0.960692
0.960692
0.960692
0.960346
0.960346
0.960346
0.960346
0.960000
0.960000
0.960000
0.960000
0.960000
0.960000
0.960000
0.960000
0.960000
0.960000
0.960000
0.960000
0.960000
0.960000
0.960000
0.960000
0.960000
0.960000
0.960000
0.960000
0.960000
0.960000
0.960000
0.960000
0.960000
0.960000
0.960000
0.960000
0.960000
0.960000
0.960000
0.960000
0.960000
0.960000
0.960000
0.960000
0.960000
0.960000
0.960000
0.960000
0.960000
0.960000
0.960000
0.962075
0.962075
0.970028
0.983860
0.997692
1.048869
1.104542
1.124252
1.143963
1.168860
1.182346
1.195486
1.208972
1.222112
1.235598
1.239056
1.239056
1.251851
1.280206
1.280552
1.280552
1.280552
1.281935
1.286084
1.286084
1.286084
1.286084
1.296112
1.316168
1.337608
1.356972
1.378066
1.382561
1.368729
1.354897
1.303720
1.248047
1.228337
1.208626
1.183729
1.170243
1.157103
1.143617
1.130477
1.116991
1.113533
1.113533
1.100738
1.075150
1.074804
1.074804
1.074804
1.073421
1.069271
1.069271
1.069271
1.069271
1.059243
1.039187
1.017748
0.996308
0.975215
0.962766
0.962766
0.962766
0.962766
0.963458
0.979364
1.006336
1.006336
1.006336
1.006336
1.006336
1.006336
1.006336
1.006336
1.006336
1.006336
1.003570
1.003570
1.003570
1.003570
1.003570
1.003570
1.003570
1.003570
1.003570
1.020168
1.020168
1.020168
1.020168
1.020168
1.020168
1.020168
1.020168
1.020168
1.019477
1.003570
0.976598
0.976598
0.976598
0.976598
0.976598
0.976598
0.976598
0.976598
0.976598
0.976598
0.976598
0.976598
0.976598
0.976598
0.976598
0.976598
0.976598
0.976598
0.976598
0.960000
0.960000
0.960000
0.960000
0.960000
0.960000
0.960000
0.960000
0.960000
0.960000
0.960000
0.960000
0.960000
0.960000
0.960000
0.960000
0.960000
0.960000
0.960000
0.960000
0.960000
0.960000
0.960000
0.960000
0.960000
0.960000
0.960000
0.960000
0.960000
0.960000
0.960000
0.960000
0.960000
0.960000
0.960000
0.960000
0.960000
0.960000
0.962766
0.962766
0.962766
0.962766
0.962766
0.962766
0.962766
0.962766
0.962766
0.962766
0.962766
0.962766
0.962766
0.962766
0.962766
0.962766
0.962766
0.990776
1.006336
1.007028
1.010486
1.010486
1.010486
1.010486
1.010486
1.010486
1.010486
1.010486
1.010486
1.010486
1.007720
1.007720
1.007720
1.007720
1.007720
1.007720
1.007720
1.007720
1.007720
1.007720
1.007720
1.007720
1.007720
1.007720
1.007720
1.007720
1.007720
0.979710
0.964150
0.963458
0.960000
0.960000
0.960000
0.960000
0.960000
0.960000
0.960000
0.960000
0.960000
0.960000
0.960000
0.960000
0.960000
0.960000
0.960000
0.960000
0.960000
0.960000
0.960000
0.960000
0.960000
0.960000
0.960000
0.960000
0.960000
0.960000
0.960000
0.960000
0.960000
0.960000
0.960000
0.960000
0.960000
0.960000
0.960000
0.960000
0.960000
0.960000
0.960000
0.960000
0.960000
0.960000
0.960000
0.960000
0.960000
0.960000
0.960000
0.960000
0.960000
0.960000
0.960000
0.960000
0.960000
0.960000
0.960000
0.960000
0.960000
0.960000
0.960000
0.960000
0.960000
0.960000
0.960000
0.960000
0.960000
0.960000
0.960000
0.960000
0.960000
0.960000
0.960000
0.960000
0.960000
0.960000
0.960000
0.960000
0.960000
0.960000
0.960000
0.960000
0.960000
0.960000
0.960000
0.960000
0.960000
0.960000
0.960000
0.960000
0.960000
0.960000
0.960000
0.960000
0.960000
0.960000
0.960000
0.960000
0.960000
0.960000
0.960000
0.960000
0.960000
0.960000
0.960000
0.960000
0.960000
0.960000
0.960000
0.960000
0.960000
0.960000
0.960000
0.960000
0.960000
0.960000
0.960000
0.960000
0.960000
0.960000
0.960000
0.960000
0.960000
0.960000
0.960000
0.960000
0.960000
0.960000
0.960000
0.960000
0.960000
0.960000
0.960000
0.960000
0.960000
0.960000
0.960000
0.960000
0.960000
0.960000
0.960000
0.960000
0.960000
0.960000
0.960000
0.960000
0.960000
0.960000
0.960000
0.960000
0.960000
0.960000
0.960000
0.960000
0.960000
0.960000
0.960000
0.960000
0.960000
0.960000
0.960000
0.960000
0.960000
0.960000
0.960000
0.960000
0.960000
0.960000
0.960000
0.960000
0.960000
0.960000
0.960000
0.960000
0.960000
0.960000
0.960000
0.960000
0.960000
0.960000
0.960000
0.960000
0.960000
0.960000
0.960000
0.960000
0.960000
0.960000
0.960000
0.960000
0.960000
0.960000
0.960000
0.960000
0.960000
0.960000
0.960000
0.960000
0.960000
0.960000
0.960000
0.960000
0.960000
0.960000
0.960000
0.960000
0.960000
0.960000
0.960000
0.960000
0.960000
0.960000
0.960000
0.960000
0.960000
0.960000
0.960000
0.960000
0.960000
0.960000
0.960000
0.960000
0.960000
0.960000
0.960000
0.960000
0.960000
0.960000
0.960000
0.960000
0.960000
0.960000
0.960000
0.960000
0.960000
0.960000
0.960000
0.960000
0.960000
0.960000
0.960000
0.960000
0.960000
0.960000
0.960000
0.960000
0.960000
0.960000
0.960000
0.960000
0.960000
0.960000
0.960000
0.960000
0.960000
0.960000
0.960000
0.960000
0.960000
0.960000
0.960000
0.960000
0.960000
0.960000
0.960000
0.960000
0.960000
0.960000
0.960000
0.960000
0.960000
0.960000
0.960000
0.960000
0.960000
0.960000
0.960000
0.960000
0.960000
0.960000
0.960000
0.960000
0.978327
1.002879
1.002879
1.002879
1.002879
1.002879
1.002879
1.002879
1.002879
1.002879
1.002879
1.002879
1.002879
1.002879
1.002879
1.002879
1.002879
1.002879
1.002879
1.002879
1.002879
1.002879
1.002879
1.002879
1.002879
1.002879
1.002879
1.002879
1.002879
1.002879
0.984551
0.960000
0.960000
0.960000
0.960000
0.960000
0.960000
0.960000
0.960000
0.960000
0.960000
0.960000
0.960000
0.960000
0.960000
0.960000
0.960000
0.960000
0.960000
0.960000
0.960000
0.960000
0.960000
0.960000
0.960000
0.960000
0.960000
0.960000
0.960000
0.960000
0.960000
0.960000
0.960000
0.992159
1.005645
1.005645
1.005645
1.005645
1.005645
1.005645
1.005645
1.005645
1.006682
1.006682
1.006682
1.017056
1.050252
1.081374
1.111804
1.142234
1.173701
1.204477
1.235944
1.267066
1.297496
1.327234
1.356972
1.387056
1.417141
1.447225
1.476963
1.507393
1.537477
1.535402
1.552000
1.581739
1.611823
1.641561
1.671300
1.701038
1.730776
1.760860
1.789561
1.819300
1.849038
1.868748
1.865290
1.868748
1.871169
1.877739
1.878431
1.877047
1.875318
1.873589
1.872898
1.872552
1.873244
1.872552
1.872206
1.873244
1.872898
1.871860
1.877393
1.876702
1.871169
1.841431
1.812730
1.782991
1.753599
1.723860
1.694122
1.664038
1.634300
1.604561
1.574823
1.544739
1.515000
1.480421
1.447570
1.410570
1.378412
1.349019
1.319281
1.289888
1.260150
1.230757
1.200327
1.170935
1.141196
1.114224
1.099701
1.070308
1.034692
1.005299
0.980748
0.980748
0.979364
0.979364
0.979019
0.979019
0.979019
0.979019
0.979019
0.979019
0.979019
0.979019
0.979019
0.979019
0.979019
0.979019
0.979019
0.979019
0.979019
0.979019
0.979019
0.979019
0.979019
0.979019
0.979019
0.974869
0.960000
0.960000
0.960000
0.960000
0.960000
0.960000
0.960000
0.960000
0.960000
0.960000
0.960000
0.960000
0.960000
0.960000
0.960000
0.960000
0.960000
0.960000
0.960000
0.965187
0.982131
0.997000
0.997000
0.997000
0.997000
0.997000
0.997000
0.997000
0.997000
0.997000
0.997000
0.997000
0.997000
0.997000
1.029505
1.041262
1.042299
1.042299
1.042299
1.042299
1.042299
1.042299
1.042299
1.042299
1.042299
1.042299
1.042299
1.042299
1.042299
1.037112
1.020168
1.005299
1.005299
1.005299
1.005299
1.005299
1.005299
1.005299
1.005299
1.005299
1.005299
1.005299
1.005299
1.005299
0.972794
0.961037
0.960000
0.960000
0.960000
0.960000
0.960000
0.960000
0.960000
0.960000
0.960000
0.960000
0.960000
0.960000
0.960000
0.960000
0.960000
0.960000
0.960000
0.960000
0.960000
0.960000
0.960000
0.960000
0.960000
0.960000
0.960000
0.960000
0.960000
0.960000
0.960000
0.960000
0.960000
0.960000
0.960000
0.960000
0.960000
0.960000
0.960000
0.960000
0.960000
0.960000
0.960000
0.960000
0.960000
0.960346
0.960346
0.960346
0.960692
0.960692
0.960692
0.960692
0.960692
0.960692
0.960692
0.960692
0.960692
0.960692
0.960692
0.960692
0.960692
0.960692
0.960692
0.960692
0.960692
0.960692
0.960692
0.960692
0.960692
0.960692
0.960692
0.960692
0.960692
0.960692
0.960692
0.960346
0.960346
0.960346
0.960000
0.960000
0.960000
0.960000
0.960000
0.960000
0.960000
0.960000
0.960000
0.960000
0.960000
0.960000
0.960000
0.960000
0.960000
0.960000
0.960000
0.960000
0.960000
0.960000
0.960000
0.960000
0.960000
0.960000
0.960000
0.960000
0.960000
0.960000
0.960000
0.960000
0.960000
0.960000
0.960000
0.960000
0.960000
0.960000
0.960000
0.960000
0.960000
0.960000
0.960000
0.960000
0.960000
0.960000
0.960000
0.960000
0.960000
0.960000
0.960000
0.960000
0.960000
0.960000
0.971757
1.003916
1.004262
1.004262
1.004262
1.004262
1.004262
1.004262
1.004262
1.004262
1.004262
1.004262
1.004608
1.004953
1.004953
1.004953
1.004953
1.004953
1.004953
1.004953
1.004953
1.004953
1.004953
1.004953
1.004953
1.004953
1.004953
1.004953
1.004953
1.004953
0.993196
0.961037
0.960692
0.960692
0.960692
0.960692
0.960692
0.960692
0.960692
0.964150
0.973832
0.973832
0.973486
0.973140
0.973140
0.973140
0.973140
0.973140
0.973140
0.973140
0.973140
0.973140
0.973140
0.973140
0.973140
0.973140
0.973140
0.973140
0.973140
0.973140
0.973140
0.980748
0.989047
0.989047
0.989047
0.989047
0.989047
0.989393
0.989393
0.985935
0.976252
0.976252
0.976252
0.976252
0.976252
0.976252
0.976252
0.976252
0.976252
0.976252
0.976252
0.976252
0.976252
0.976252
0.976252
0.976252
0.976252
0.976252
0.976252
0.976252
0.976252
0.968645
0.960346
0.960346
0.962766
0.962766
0.962766
0.962421
0.962421
0.962421
0.962421
0.962421
0.962421
0.962421
0.962421
0.962421
0.962421
0.962421
0.962421
0.962421
0.962421
0.962421
0.962421
0.962421
0.962421
0.962421
0.962421
0.962421
0.962421
0.962421
0.962421
0.962421
0.962421
0.962421
0.960000
0.960000
0.960000
0.960000
0.960000
0.960000
0.960000
0.960000
0.960000
0.960000
0.960000
0.960000
0.960000
0.960000
0.960346
0.960346
0.960346
0.960346
0.960346
0.960346
0.960346
0.960346
0.960346
0.960346
0.960346
0.960346
0.960346
0.960346
0.960346
0.960346
0.960346
0.960346
0.960346
0.960346
0.960346
0.960346
0.960346
0.984206
1.025701
1.039879
1.054056
1.067888
1.081720
1.095551
1.105234
1.105234
1.105234
1.105234
1.105234
1.105234
1.105234
1.105234
1.105234
1.105234
1.105234
1.105234
1.105234
1.105234
1.105234
1.105234
1.105234
1.105234
1.105234
1.105234
1.105234
1.105234
1.105234
1.081374
1.039879
1.025701
1.013252
0.999421
0.987318
0.973486
0.966916
0.967262
0.967262
0.967262
0.967262
0.967262
0.967262
0.967262
0.967262
0.967262
0.967262
0.967262
0.967262
0.967607
0.967607
0.967607
0.967607
0.967607
0.967607
0.967607
0.967607
0.967607
0.967607
0.967607
0.967607
0.967607
0.965879
0.965879
0.964150
0.964150
0.960692
0.960346
0.960346
0.960346
0.960346
0.960346
0.960346
0.960346
0.960346
0.960346
0.960346
0.960346
0.960346
0.960000
0.960000
0.960000
0.960000
0.960000
0.960000
0.960000
0.960000
0.960000
0.960000
0.960000
0.960000
0.960000
0.960000
0.960000
0.960000
0.960000
0.960000
0.960000
0.960000
0.960000
0.960000
0.960000
0.960000
0.960000
0.960000
0.960000
0.960000
0.960000
0.961037
0.961037
0.961037
0.961037
0.961037
0.961037
0.961037
0.961037
0.961037
0.961037
0.961037
0.961037
0.961037
0.994579
1.003224
1.003224
1.003224
1.003224
1.003224
1.003224
1.003224
1.003224
1.003224
1.003224
1.003224
1.003224
1.003224
1.003224
1.003224
1.003224
1.002187
1.002187
1.002187
1.002187
1.002187
1.002187
1.002187
1.002187
1.002187
1.002187
1.002187
1.002187
1.002187
0.968645
0.960000
0.960000
0.960000
0.960000
0.960000
0.960000
0.960000
0.960000
0.960000
0.960000
0.960000
0.960000
0.960000
0.960000
0.960000
0.960000
0.960000
0.960000
0.960000
0.960000
0.960000
0.960000
0.960000
0.960000
0.960000
0.960000
0.960000
0.960000
0.960000
0.960000
0.960000
0.960000
0.960000
0.960000
0.960000
0.960000
0.960000
0.966224
0.966224
0.966224
0.966224
0.966224
0.966224
0.966224
0.966224
0.966224
0.966224
0.966224
0.966224
0.966224
0.966224
0.966224
0.966224
0.966224
0.966224
0.966224
0.966224
0.966224
0.966224
0.966224
0.966224
0.966224
0.966224
0.966224
0.966224
0.966224
0.966224
0.960000
0.960000
0.960000
0.960000
0.960000
0.960000
0.960000
0.960000
0.960000
0.960000
0.960000
0.960000
0.960000
0.960000
0.960000
0.960000
0.960000
0.960000
0.960000
0.960000
0.960000
0.960000
0.960000
0.960000
0.960000
0.960000
0.960000
0.960000
0.960000
0.960000
0.960000
0.960000
0.960000
0.960000
0.960000
0.960000
0.960000
0.960000
0.960000
0.960000
0.960000
0.960000
0.960000
0.960000
0.960000
0.960000
0.960000
0.960000
0.960000
0.960000
0.960000
0.960000
0.960000
0.960000
0.960000
0.960000
0.960000
0.960000
0.960000
0.960000
0.960000
0.960000
0.960000
0.960000
0.960000
0.960000
0.960000
0.960000
0.960000
0.960000
0.960000
0.960000
0.960000
0.960000
0.960000
0.960000
0.960000
0.960000
0.960000
0.960000
0.960000
0.960000
0.960000
0.960000
0.960000
0.960000
0.960000
0.960000
0.960000
0.960000
0.960000
0.960000
0.960000
0.960000
0.960000
0.960000
0.960000
0.960000
0.960000
0.960000
0.960000
0.960000
0.960000
0.960000
0.960000
0.960000
0.960000
0.960000
0.960000
0.960000
0.960000
0.960000
0.960000
0.960000
0.960000
0.960000
0.960000
0.960000
0.960000
0.960000
0.960000
0.960000
0.960000
0.960000
0.960000
0.960000
0.960000
0.960000
0.960000
0.960000
0.960000
0.960000
0.960000
0.960000
0.960000
0.960000
0.960000
0.960000
0.960000
0.960000
0.960000
0.960000
0.960000
0.960000
0.960000
0.960000
0.960000
0.960000
0.960000
0.960000
0.960000
0.960000
0.960000
0.960000
0.960000
0.960000
0.960000
0.960000
0.960000
0.960000
0.960000
0.960000
0.960000
0.960000
0.960000
0.960000
0.960000
0.960000
0.960000
0.960000
0.960000
0.960000
0.960000
0.960000
0.960000
0.960000
0.960000
0.960000
0.960000
0.960000
0.960000
0.960000
0.960000
0.960000
0.960000
0.960000
0.960000
0.960000
0.960000
0.960000
0.960000
0.960000
0.960000
0.960000
0.960000
0.960000
0.960000
0.960000
0.960000
0.960000
0.960000
0.960000
0.960000
0.960000
0.960000
0.960000
0.960000
0.960000
0.960000
0.960000
0.960000
0.960000
0.960000
0.960000
0.960000
0.960000
0.960000
0.960000
0.960000
0.960000
0.960000
0.960000
0.960000
0.960000
0.960000
0.960000
0.960000
0.960000
0.960000
0.960000
0.960000
0.960000
0.960000
0.960000
0.960000
0.960000
0.960000
0.960692
0.961383
0.962075
0.963112
0.963804
0.964495
0.965533
0.966224
0.967262
0.967953
0.968645
0.969336
0.969682
0.970374
0.970720
0.970720
0.971065
0.971065
0.971411
0.971411
0.971411
0.971411
0.973486
0.973832
0.986972
1.001150
1.014981
1.031234
1.045411
1.059243
1.068234
1.067888
1.067196
1.066159
1.065467
1.064776
1.063738
1.063047
1.062009
1.061318
1.060626
1.059935
1.059589
1.058897
1.058551
1.058551
1.058206
1.058206
1.057860
1.057860
1.057860
1.057860
1.055785
1.055439
1.042299
1.028122
1.014290
0.998037
0.983860
0.970028
0.960346
0.960000
0.960000
0.960000
0.960000
0.960000
0.960000
0.960000
0.960000
0.960000
0.960000
0.960000
0.960000
0.960000
0.960000
0.960000
0.960000
0.960000
0.960000
0.960000
0.960000
0.960000
0.960000
0.960000
0.960000
0.960000
0.960000
0.960000
0.960000
0.960000
0.960000
0.960000
0.960000
0.960000
0.974869
1.012907
1.042299
1.056131
1.069617
1.083103
1.093477
1.093477
1.093477
1.093477
1.093477
1.093477
1.093477
1.093477
1.093477
1.093477
1.093477
1.093477
1.093477
1.093477
1.093477
1.093477
1.093477
1.093477
1.093477
1.093477
1.095206
1.096243
1.096243
1.096243
1.099355
1.087252
1.058206
1.044374
1.030888
1.017402
1.007028
1.007374
1.010832
1.010832
1.010832
1.010832
1.010832
1.010832
1.010832
1.010832
1.010832
1.010832
1.010832
1.010832
1.010832
1.010832
1.010832
1.010832
1.010832
1.010832
1.009103
1.008065
1.008065
1.008065
0.990084
0.964150
0.963804
0.963804
0.963804
0.963804
0.963804
0.963458
0.960000
0.960000
0.960000
0.960000
0.960000
0.960000
0.960000
0.960000
0.960000
0.960000
0.960000
0.960000
0.960000
0.960000
0.960000
0.960000
0.960000
0.960000
0.960000
0.960000
0.960000
0.960000
0.960000
0.960000
0.960000
0.960000
0.960000
0.960000
0.960000
0.960000
0.960000
0.960000
0.960000
0.960000
0.960000
0.960000
0.960000
0.960000
0.960000
0.960000
0.960000
0.960000
0.960000
0.960000
0.960000
0.960000
0.960000
0.960000
0.960000
0.960000
0.960000
0.960000
0.960000
0.960000
0.960000
0.960000
0.960000
0.960000
0.960000
0.960000
0.960000
0.960000
0.960000
0.960000
0.960000
0.960000
0.960000
0.960000
0.960000
0.960000
0.960000
0.960000
0.960000
0.960000
0.960000
0.960000
0.960000
0.960000
0.960000
0.960000
0.960000
0.960000
0.960000
0.960000
0.960000
0.960000
0.960000
0.960000
0.960000
0.960000
0.960000
0.960000
0.960000
0.960000
0.960000
0.960000
0.960000
0.960000
0.960000
0.960000
0.960000
0.960000
0.960000
0.960000
0.960000
0.960000
0.960000
0.960000
0.960000
0.960000
0.960000
0.960000
0.960000
0.960000
0.960000
0.960000
0.960000
0.960000
0.965533
0.975907
0.975907
0.975907
0.975907
0.975907
0.975907
0.975907
0.975907
0.975907
0.975907
0.975907
0.975907
0.975907
0.975907
0.975907
0.975907
0.975907
0.975907
0.975907
0.975907
0.975907
0.975907
0.975907
0.975907
0.975907
0.975907
0.975907
0.975907
0.975907
0.970374
0.960000
0.960000
0.960000
0.960000
0.960000
0.960000
0.960000
0.960000
0.960000
0.960000
0.960000
0.960000
0.960000
0.960000
0.960000
0.960000
0.960000
0.960000
0.960000
0.960000
0.960000
0.960000
0.960000
0.960000
0.960000
0.960000
0.960000
0.960000
0.960000
0.960000
0.960000
0.960000
0.960000
0.960000
0.960000
0.960000
0.960000
0.960000
0.960000
0.960000
0.960000
0.960000
0.960000
0.960000
0.960000
0.960000
0.960000
0.960000
0.960000
0.960000
0.960000
0.960000
0.960000
0.960000
0.960000
0.960000
0.960000
0.960000
0.960000
0.960000
0.960000
0.960000
0.960000
0.960000
0.960000
0.960000
0.960000
0.960000
0.960000
0.960000
0.960000
0.960000
0.960000
0.960000
0.960000
0.960000
0.960000
0.960000
0.960000
0.960000
0.960000
0.960000
0.960000
0.960000
0.960000
0.960000
0.960000
0.960000
0.960000
0.960000
0.960000
0.960000
0.960000
0.960000
0.960000
0.960000
0.960000
0.960000
0.960000
0.960000
0.960000
0.960000
0.960000
0.960000
0.960000
0.960000
0.960000
0.960000
0.960000
0.960000
0.960000
0.960000
0.960000
0.960000
0.960000
0.960000
0.960000
0.960000
0.960000
0.960000
0.960000
0.960000
0.960000
0.960000
0.960000
0.960000
0.960000
0.960000
0.960000
0.960000
0.960000
0.960000
0.960000
0.960000
0.960000
0.960000
0.960000
0.960000
0.960000
0.960000
0.960000
0.960000
0.960000
0.960000
0.960000
0.960000
0.960000
0.960000
0.960000
0.960000
0.960000
0.960000
0.960000
0.960000
0.960346
0.997346
1.004608
1.004608
1.004608
1.004608
1.004608
1.007374
1.007374
1.016365
1.032617
1.036421
1.036421
1.036421
1.036421
1.036421
1.036421
1.036421
1.036421
1.036766
1.075495
1.113533
1.152608
1.190299
1.227645
1.264645
1.301991
1.339683
1.376683
1.413683
1.450337
1.451374
1.483187
1.519842
1.556496
1.593150
1.630150
1.664038
1.700692
1.728010
1.748066
1.780916
1.816879
1.853188
1.889150
1.925113
1.961421
1.997384
2.033347
2.069309
2.066543
2.064468
2.061702
2.059973
2.058590
2.057552
2.056169
2.061702
2.068272
2.081758
2.091440
2.090403
2.086945
2.086253
2.085562
2.084870
2.083487
2.082795
2.081758
2.081412
2.082449
2.081412
2.083141
2.080720
2.044758
2.008795
1.972487
1.936524
1.900561
1.864253
1.828290
1.792328
1.756019
1.720057
1.684094
1.648131
1.612169
1.568944
1.525374
1.474888
1.428206
1.391206
1.355589
1.319626
1.283664
1.247701
1.212084
1.176122
1.140505
1.104542
1.067196
1.031579
0.993888
0.960000
0.960000
0.960000
0.960000
0.960000
0.960000
0.960000
0.960000
0.960000
0.960000
0.960000
0.960000
0.960000
0.960000
0.960346
0.960346
0.960346
0.960346
0.960346
0.960346
0.960346
0.960346
0.960346
0.960346
0.960346
0.960346
0.960346
0.960346
0.960346
0.960346
0.960346
0.960346
0.960346
0.960346
0.960346
0.960346
0.960346
0.960346
0.960346
0.960346
0.960346
0.960346
0.960346
0.960346
0.960000
0.960000
0.960000
0.960000
0.960000
0.960000
0.960000
0.960000
0.960000
0.960000
0.960000
0.960000
0.960000
0.960000
0.960000
0.960000
0.960000
0.960000
0.960000
0.960000
0.960000
0.960000
0.960000
0.960000
0.960000
0.960000
0.960000
0.960000
0.960000
0.960000
0.960000
0.960000
0.960000
0.960000
0.960000
0.960000
0.960000
0.960000
0.960000
0.960000
0.960000
0.960000
0.960000
0.960000
0.960000
0.960000
0.960000
0.960000
0.960000
0.960000
0.960000
0.960000
0.960000
0.960000
0.960000
0.960000
0.960000
0.960000
0.960000
0.960000
0.960000
0.960000
0.960000
0.960000
0.960000
0.960000
0.960000
0.960000
0.960000
0.960000
0.960000
0.960000
0.980056
1.024318
1.038495
1.052327
1.061664
1.062009
1.062009
1.062009
1.062009
1.062009
1.065813
1.067888
1.068925
1.068925
1.076187
1.079299
1.079645
1.079991
1.079991
1.080337
1.080337
1.082757
1.082757
1.085178
1.085178
1.087598
1.087598
1.087598
1.087598
1.087598
1.067542
1.023280
1.009103
0.995271
0.985935
0.985589
0.988009
0.988355
0.988355
0.988355
0.984551
0.982477
0.981439
0.981439
0.974178
0.971065
0.970720
0.970374
0.970374
0.970028
0.970028
0.967607
0.967607
0.965187
0.965187
0.962766
0.962766
0.962766
0.962766
0.962766
0.962766
0.962766
0.962766
0.962766
0.962766
0.962766
0.960346
0.960000
0.960000
0.968991
0.976598
0.976598
0.976598
1.001150
1.019822
1.019822
1.019822
1.019822
1.019822
1.019822
1.020514
1.020860
1.020860
1.020860
1.020860
1.020860
1.020860
1.020860
1.020860
1.020860
1.020860
1.020860
1.020860
1.020860
1.020860
1.020860
1.020860
1.020860
1.020860
1.011869
1.004262
1.004262
1.004262
0.979710
0.961037
0.961037
0.961037
0.961037
0.961037
0.961037
0.960346
0.960000
0.960000
0.960000
0.960000
0.960000
0.960000
0.960000
0.960000
0.960000
0.960000
0.960000
0.960000
0.960000
0.960000
0.960000
0.960000
0.960000
0.960000
0.960000
0.960000
0.960000
0.960000
0.960000
0.960000
0.960000
0.960000
0.960000
0.960000
0.960000
0.960000
0.960000
0.960000
0.960000
0.960000
0.960000
0.960000
0.960000
0.960000
0.960000
0.960000
0.960000
0.960000
0.960000
0.960000
0.960000
0.960000
0.960000
0.960000
0.960000
0.960000
0.960000
0.960000
0.960000
0.960000
0.960000
0.960000
0.960000
0.960000
0.960000
0.960000
0.960000
0.960000
0.960000
0.960000
0.960000
0.960000
0.960000
0.960000
0.960000
0.960000
0.960000
0.960000
0.960000
0.960000
0.960000
0.960000
0.960000
0.960000
0.960000
0.960000
0.960000
0.960000
0.960000
0.960000
0.960000
0.960000
0.960000
0.960000
0.960000
0.960000
0.960000
0.960000
0.960000
0.960000
0.960000
0.960000
0.960000
0.960000
0.960000
0.960000
0.960000
0.960000
0.960000
0.960000
0.960000
0.960000
0.960000
0.960000
0.960000
0.960000
0.960000
0.960000
0.960000
0.960000
0.960000
0.960000
0.960000
0.960000
0.960000
0.960000
0.960000
0.960000
0.960000
0.960000
0.960000
0.960000
0.960000
0.960000
0.960000
0.960000
0.960000
0.960000
0.960000
0.960000
0.960000
0.960000
0.960000
0.960000
0.960000
0.960000
0.960000
0.960000
0.960000
0.960000
0.960000
0.960000
0.960000
0.960000
0.960000
0.960000
0.960000
0.960000
0.960000
0.960000
0.960000
0.960000
0.960000
0.960000
0.960000
0.960000
0.960000
0.960000
0.960000
0.960000
0.960000
0.960000
0.960000
0.960000
0.960000
0.960000
0.960000
0.960000
0.960000
0.960000
0.960000
0.960000
0.960000
0.960000
0.960000
0.960000
0.960000
0.960000
0.960000
0.960000
0.960000
0.960000
0.960000
0.960000
0.960000
0.960000
0.960000
0.960000
0.960000
0.960000
0.960000
0.960000
0.960000
0.960000
0.960000
0.960000
0.960000
0.960000
0.960000
0.960000
0.960000
0.960000
0.960000
0.960000
0.960000
0.960000
0.960000
0.960000
0.960000
0.960000
0.960000
0.960000
0.960000
0.960000
0.960000
0.960000
0.960000
0.960000
0.960000
0.960000
0.960000
0.960000
0.960000
0.960000
0.960000
0.960000
0.960000
0.960000
0.960000
0.960000
0.960000
0.960000
0.960000
0.960000
0.960000
0.960000
0.960000
0.960000
0.960000
0.960000
0.960000
0.960000
0.960000
0.960000
0.960000
0.960000
0.960000
0.960000
0.960000
0.960000
0.960000
0.960000
0.960000
0.960000
0.960000
0.960000
0.960000
0.960000
0.960000
0.960000
0.960000
0.960000
0.960000
0.960000
0.960000
0.960000
0.960000
0.960000
0.960000
0.960000
0.960000
0.960000
0.960000
0.960000
0.960000
0.960000
0.960000
0.960000
0.960000
0.960000
0.960000
0.960000
0.960000
0.960000
0.960000
0.960000
0.960000
0.960000
0.960000
0.960000
0.960000
0.960000
0.960000
0.960000
0.960000
0.960000
0.960000
0.960000
0.960000
0.960000
0.960000
0.960000
0.960000
0.960000
0.960000
0.960000
0.960000
0.960000
0.960000
0.960000
0.960000
0.960000
0.960000
0.960000
0.960000
0.960000
0.960000
0.960000
0.960000
0.960000
0.960000
0.960000
0.960000
0.960000
0.960000
0.960000
0.960000
0.960000
0.960000
0.960000
0.960000
0.960000
0.960000
0.960000
0.960000
0.960000
0.960000
0.960000
0.960000
0.960000
0.960000
0.960000
0.960000
0.960000
0.960000
0.960000
0.960000
0.960000
0.960000
0.975907
0.975907
0.975907
0.975907
0.975907
0.975907
0.993196
1.018093
1.018093
1.021206
1.021206
1.021206
1.021206
1.021206
1.021206
1.021206
1.021206
1.021206
1.021206
1.021206
1.021206
1.021206
1.021206
1.021206
1.021206
1.021206
1.021206
1.021206
1.021206
1.021206
1.005299
1.005299
1.005299
1.005299
1.029505
1.048523
1.031234
1.009794
1.025355
1.022243
1.022243
1.022589
1.023280
1.024664
1.025701
1.027084
1.028122
1.029505
1.030542
1.031925
1.032963
1.034000
1.034692
1.035729
1.036766
1.037458
1.038150
1.038841
1.039533
1.039879
1.040224
1.040916
1.041262
1.041608
1.017402
0.998383
0.998383
0.994925
0.979364
0.979364
0.979364
0.979364
0.978673
0.977636
0.976598
0.975215
0.974523
0.973486
0.972449
0.971065
0.970028
0.969336
0.968645
0.967607
0.966570
0.965879
0.966224
0.965879
0.965187
0.964841
0.964841
0.965533
0.965187
0.964841
0.964841
0.964841
0.964841
0.964841
0.964841
0.964841
0.964841
0.964495
0.964495
0.964150
0.964150
0.964150
0.963804
0.963458
0.963458
0.963458
0.963458
0.963112
0.963112
0.963112
0.963112
0.963112
0.962075
0.961729
0.961729
0.961729
0.961383
0.960000
0.960000
0.960346
0.960692
0.961037
0.961383
0.961729
0.961729
0.961729
0.963804
0.972449
0.972449
0.972449
0.972449
0.972449
0.976252
0.976252
0.976252
0.976252
0.976252
0.976252
0.976252
0.976252
0.976252
0.978327
1.030888
1.048178
1.062355
1.066159
1.066159
1.066159
1.066159
1.065813
1.065467
1.065122
1.064776
1.064430
1.064430
1.064430
1.062355
1.053710
1.053710
1.053710
1.053710
1.053710
1.050598
1.050598
1.050598
1.050598
1.050598
1.050598
1.050598
1.050598
1.050598
1.048523
0.995963
0.978673
0.964495
0.960692
0.961037
0.961037
0.961037
0.961037
0.961037
0.961037
0.961037
0.961037
0.961037
0.961037
0.961037
0.961037
0.961037
0.961037
0.961037
0.961037
0.960346
0.960346
0.960346
0.960346
0.960346
0.960346
0.960346
0.960346
0.960346
0.960346
0.960346
0.960346
0.960346
0.960346
0.960000
0.960000
0.960000
0.960000
0.962766
0.963112
0.963112
0.963112
0.963112
0.963804
0.963804
0.963804
0.963804
0.963804
0.963804
0.963804
0.963804
0.963804
0.963804
0.963804
0.963804
0.963804
0.963804
0.963804
0.963804
0.963804
0.963804
0.963804
0.963804
0.963804
0.963804
0.963804
0.963804
0.963804
0.961037
0.960692
0.960692
0.960692
0.960692
0.960000
0.960000
0.960000
0.960000
0.960000
0.960000
0.973832
0.988701
0.989047
0.997692
0.998729
0.998729
0.998729
1.012215
1.026047
1.039533
1.053365
1.066851
1.080337
1.094168
1.109037
1.114224
1.154337
1.165748
1.166094
1.166094
1.166094
1.169552
1.169552
1.174738
1.180617
1.195140
1.195486
1.195832
1.195832
1.195832
1.183383
1.176467
1.177851
1.169206
1.168168
1.168168
1.168168
1.154682
1.140851
1.127365
1.113533
1.100047
1.086561
1.072729
1.057860
1.054402
1.014290
1.002879
1.002533
1.002533
1.002533
0.999075
0.999075
0.993888
0.988701
1.011869
1.016365
1.016019
1.016019
1.016019
1.014636
1.006682
1.004953
1.004953
1.004953
1.004953
1.004953
1.004953
1.004953
1.004953
1.004953
1.004953
1.004953
1.004953
1.004953
1.003224
1.003224
1.006682
1.029505
1.060626
1.060626
1.060626
1.060626
1.060626
1.059935
1.022243
1.017402
1.023280
1.029159
1.029159
1.029159
1.029159
1.029159
1.029159
1.029159
1.029159
1.029159
1.029159
1.029159
1.029159
1.029159
1.029159
1.029159
1.029159
1.029159
1.029159
1.029159
1.025701
1.002879
0.971757
0.971757
0.971757
0.971757
0.971757
0.971757
0.971757
0.971757
0.965879
0.960000
0.960000
0.960000
0.960000
0.960000
0.960000
0.960000
0.960000
0.960000
0.960000
0.960000
0.960000
0.960000
0.960000
0.960000
0.960000
0.960000
0.960000
0.960000
0.960000
0.960000
0.960000
0.960000
0.960000
0.960000
0.960000
0.960000
0.960000
0.960000
0.960000
0.960000
0.960000
0.960000
0.960000
0.960000
0.960000
0.960000
0.960000
0.960000
0.960000
0.960000
0.960000
0.960000
0.960000
0.960000
0.960000
0.960000
0.960000
0.960000
0.960000
0.960000
0.960000
0.960000
0.960000
0.960000
0.960000
0.960000
0.960000
0.960000
0.960000
0.960000
0.960000
0.960000
0.960000
0.960000
0.960000
0.960000
0.960000
0.960000
0.960000
0.960000
0.960000
0.960000
0.960000
0.960000
0.960000
0.960000
0.960000
0.960000
0.960000
0.960000
0.960000
0.960000
0.960000
0.960000
0.960000
0.960000
0.960000
0.960000
0.960000
0.960000
0.960000
0.960000
0.960000
0.960000
0.960000
0.960000
0.960000
0.960000
0.960000
0.960000
0.960000
0.960000
0.960000
0.960000
0.960000
0.960000
0.960000
0.960000
0.960000
0.960000
0.960000
0.960000
0.960000
0.960000
0.960000
0.960000
0.960000
0.960000
0.960000
0.960000
0.960000
0.960000
0.960000
0.960000
0.960000
0.960000
0.960000
0.960000
0.960000
0.960000
0.960000
0.960000
0.960000
0.960000
0.960000
0.960000
0.960000
0.960000
0.960000
0.960000
0.960000
0.960000
0.960000
0.960000
0.960000
0.960000
0.960000
0.960000
0.960000
0.960000
0.960000
0.960000
0.960000
0.960000
0.960000
0.960000
0.960000
0.960000
0.960000
0.960000
0.960000
0.960000
0.960000
0.960000
0.960000
0.960000
0.960000
0.960000
0.960000
0.960000
0.960000
0.960000
0.960000
0.960000
0.960000
0.960000
0.960000
0.960000
0.960000
0.960000
0.960000
0.960000
0.960000
0.960000
0.960000
0.960000
0.960000
0.960000
0.960000
0.960000
0.960000
0.960000
0.960000
0.960000
0.960000
0.960000
0.960000
0.960000
0.960000
0.960000
0.960000
0.960000
0.960000
0.960000
0.960000
0.960000
0.960000
0.960000
0.960000
0.960000
0.960000
0.960000
0.960000
0.960000
0.960000
0.960000
0.960000
0.960000
0.960000
0.960000
0.960000
0.960000
0.960000
0.960000
0.960000
0.960000
0.960000
0.960000
0.960000
0.960000
0.960000
0.960000
0.960000
0.960000
0.960000
0.960000
0.960000
0.960000
0.960000
0.960000
0.960000
0.960000
0.960000
0.960000
0.960000
0.960000
0.960000
0.960000
0.960000
0.960000
0.960000
0.960000
0.960000
0.960000
0.960000
0.960000
0.960000
0.960000
0.960000
0.960000
0.960000
0.960000
0.960000
0.960000
0.960000
0.960000
0.960000
0.960000
0.960000
0.960000
0.960000
0.960000
0.960000
0.960000
0.960000
0.960000
0.960000
0.960000
0.960000
0.960000
0.960000
0.960000
0.960000
0.960000
0.960000
0.960000
0.960000
0.960000
0.960000
0.960000
0.960000
0.960000
0.960000
0.960000
0.960000
0.960000
0.960000
0.960000
0.960000
0.960000
0.960000
0.960000
0.960000
0.960000
0.963458
0.999421
1.003570
1.003570
1.003570
1.003570
1.003570
1.003570
1.005645
1.016019
1.016710
1.016710
1.016710
1.016710
1.016710
1.016710
1.018093
1.018093
1.020168
1.020168
1.022243
1.022243
1.022243
1.022243
1.022243
1.022243
1.022243
1.022243
1.022243
1.022243
1.018785
0.982822
0.978673
0.978673
0.978673
0.978673
0.978673
0.978673
0.976598
0.966224
0.965533
0.965533
0.965533
0.965533
0.965533
0.970374
0.985935
0.999421
1.004608
1.004608
1.004953
1.004953
1.007720
1.007720
1.007720
1.007720
1.007720
1.007720
1.007720
1.007720
1.007720
1.007720
1.007720
1.007720
1.007720
1.007720
1.007720
1.007720
1.007720
1.007720
1.007720
1.007720
1.007720
1.007720
1.007720
1.002879
0.985935
0.972449
0.965187
0.965187
0.962766
0.962766
0.960000
0.960000
0.960000
0.960000
0.960000
0.960000
0.960000
0.960000
0.960000
0.960000
0.960000
0.960000
0.960000
0.960000
0.960000
0.960000
0.960000
0.960000
0.960000
0.960000
0.960000
0.960000
0.960000
0.960000
0.960000
0.960000
0.960000
0.960000
0.960000
0.960000
0.960000
0.960000
0.960000
0.960692
0.960692
0.962421
0.962421
0.962421
0.962421
0.962421
0.962421
0.977290
1.002533
1.002533
1.002533
1.002533
1.002533
1.002533
1.002533
1.002533
1.002533
1.002533
1.002533
1.002533
1.002533
1.002533
1.002533
1.002533
1.002533
1.002533
1.002533
1.002533
1.002533
1.001841
1.001841
1.000112
1.000112
1.000112
1.000112
1.000112
1.000112
0.985243
0.960000
0.960000
0.960000
0.960000
0.960000
0.960000
0.960000
0.960000
0.960000
0.960000
0.960000
0.960000
0.960000
0.960000
0.960000
0.960000
0.960000
0.960000
0.960000
0.960000
0.960000
0.960000
0.960000
0.960000
0.960000
0.960000
0.960000
0.960000
0.960000
0.960000
0.960000
0.960000
0.960000
0.960000
0.960000
0.960000
0.960000
0.960000
0.960000
0.960000
0.960000
0.960000
0.960000
0.960000
0.960000
0.960000
0.960000
0.960000
0.960000
0.960000
0.960000
0.960000
0.960000
0.960000
0.960000
0.960000
0.960000
0.960000
0.960000
0.960000
0.960000
0.960000
0.960000
0.960000
0.960000
0.960000
0.960000
0.960000
0.960000
0.960000
0.960000
0.960000
0.960000
0.960000
0.960000
0.960000
0.960000
0.960000
0.960000
0.960000
0.960000
0.960000
0.960000
0.960000
0.960000
0.960000
0.960000
0.960000
0.960000
0.960000
0.960000
0.960000
0.960000
0.960000
0.960000
0.960000
0.960000
0.960000
0.960000
0.960000
0.960000
0.960000
0.960000
0.960000
0.960000
0.960000
0.960000
0.960000
0.960000
0.960000
0.960000
0.960000
0.960000
0.960000
0.960000
0.960000
0.960000
0.960000
0.960000
0.960000
0.960000
0.960000
0.960000
0.960000
0.960000
0.960000
0.960000
0.960000
0.960000
0.960000
0.960000
0.960000
0.960000
0.960000
0.960000
0.960000
0.960000
0.960000
0.960000
0.960000
0.960000
0.960000
0.960000
0.960000
0.960000
0.960000
0.960000
0.960000
0.960000
0.960000
0.960000
0.968645
1.003224
1.003570
1.003570
1.003570
1.003570
1.005299
1.005299
1.005299
1.005299
1.005299
1.005299
1.005299
1.005299
1.005299
1.005299
1.005299
1.005299
1.005645
1.005645
1.005645
1.005645
1.005645
1.005645
1.005645
1.005645
1.005645
1.005645
1.005645
1.005645
0.997000
0.962421
0.962075
0.962075
0.962075
0.962075
0.960346
0.960346
0.960346
0.960346
0.960346
0.960346
0.960346
0.960346
0.960346
0.960346
0.960346
0.960346
0.960000
0.960000
0.960000
0.960000
0.960000
0.960000
0.960000
0.960000
0.960000
0.960000
0.960000
0.960000
0.960000
0.960000
0.960000
0.960000
0.960000
0.960000
0.960000
0.960000
0.960000
0.960000
0.960000
0.960000
0.960000
0.960000
0.960000
0.960000
0.960000
0.960000
0.960000
0.960000
0.960000
0.960000
0.960000
0.960000
0.960000
0.960000
0.960000
0.960000
0.960000
0.960000
0.960000
0.960000
0.960000
0.960000
0.960000
0.960000
0.960000
0.960000
0.960000
0.960000
0.960000
0.960000
0.960000
0.960000
0.960000
0.960000
0.960000
0.960000
0.960000
0.960000
0.960000
0.960000
0.960000
0.960000
0.960000
0.960000
0.960000
0.960000
0.960000
0.960000
0.960000
0.960000
0.960000
0.960000
0.960000
0.960000
0.960000
0.960000
0.960000
0.960000
0.960000
0.960000
0.960000
0.960000
0.960000
0.960000
0.960000
0.960000
0.960000
0.960000
0.960000
0.960000
0.960000
0.960000
0.960000
0.960000
0.960000
0.960000
0.960000
0.960000
0.960000
0.960000
0.960000
0.960000
0.960000
0.960000
0.960000
0.960000
0.960000
0.960000
0.960000
0.960000
0.960000
0.960000
0.960000
0.960000
0.960000
0.960000
0.960000
0.960000
0.960000
0.960000
0.960000
0.960000
0.960000
0.960000
0.960000
0.960000
0.960000
0.960000
0.960000
0.960000
0.960000
0.960000
0.960000
0.960000
0.960000
0.960000
0.960000
0.960000
0.960000
0.960000
0.960000
0.960000
0.960000
0.960000
0.960000
0.960000
0.960000
0.960000
0.960000
0.960000
0.960000
0.960000
0.960000
0.960000
0.960000
0.960000
0.960000
0.960000
0.960000
0.960000
0.960000
0.960000
0.960000
0.960000
0.960000
0.960000
0.960000
0.960000
0.960000
0.960000
0.960000
0.960000
0.960000
0.960000
0.960000
0.960000
0.960000
0.960000
0.960000
0.960000
0.960000
0.960000
0.960000
0.960000
0.960000
0.960000
0.960000
0.960000
0.960000
0.960000
0.960000
0.960000
0.960000
0.960000
0.960346
0.960346
0.960346
0.960346
0.960346
0.960346
0.960346
0.960346
0.960346
0.960346
0.960346
0.960346
0.960346
0.960346
0.960346
0.960346
0.960346
0.960346
0.960346
0.960346
0.960346
0.960346
0.960346
0.963458
1.016365
1.033654
1.043337
1.043337
1.043337
1.043337
1.046794
1.046794
1.046794
1.046794
1.046794
1.046794
1.046794
1.046794
1.046794
1.046794
1.046794
1.046794
1.046794
1.046794
1.046794
1.046794
1.046794
1.046794
1.046794
1.047140
1.047140
1.047140
1.047140
1.044028
0.991122
0.973832
0.964150
0.964150
0.964495
0.964495
0.960692
0.966916
0.967953
0.967953
0.968991
0.970720
0.970720
0.970720
0.970720
0.970720
0.970720
0.970720
1.005991
1.007028
1.013598
1.013944
1.013944
1.013944
1.013944
1.013598
1.013598
1.014981
1.027430
1.029159
1.029159
1.029159
1.029159
1.029159
1.028813
1.028813
1.028813
1.022589
1.021897
1.021897
1.031925
1.062355
1.062355
1.065813
1.066159
1.066159
1.066159
1.066159
1.045065
1.070654
1.064084
1.063738
1.063738
1.063738
1.063738
1.063738
1.063738
1.062355
1.049907
1.048178
1.048178
1.048178
1.048178
1.048178
1.048178
1.048178
1.048178
1.048178
1.047832
1.047832
1.036766
1.004608
1.004608
1.001150
1.000804
1.000804
1.000804
1.000804
0.986626
0.960000
0.960000
0.960000
0.960000
0.960000
0.960000
0.960000
0.960000
0.960000
0.960000
0.960000
0.960000
0.960000
0.960000
0.960000
0.960000
0.960000
0.960000
0.960000
0.960000
0.960000
0.960000
0.960000
0.960000
0.960000
0.960000
0.960000
0.960000
0.960000
0.960000
0.960000
0.960000
0.960000
0.960000
0.960000
0.960000
0.960000
0.960000
0.960000
0.960000
0.960000
0.960000
0.960000
0.960000
0.960000
0.960000
0.960000
0.960000
0.960000
0.960000
0.960000
0.960000
0.960000
0.960000
0.960000
0.960000
0.960000
0.960000
0.960000
0.960000
0.960000
0.960000
0.960000
0.960000
0.960000
0.960000
0.960000
0.960000
0.960000
0.960000
0.960000
0.960000
0.960000
0.960000
0.960000
0.960000
0.960000
0.960000
0.960000
0.960000
0.960000
0.960000
0.960000
0.960000
0.960000
0.960000
0.960000
0.960000
0.960000
0.960000
0.960000
0.960000
0.960000
0.960000
0.960000
0.960000
0.960000
0.960000
0.960000
0.960000
0.960000
0.960000
0.960000
0.960000
0.960000
0.960000
0.960000
0.960000
0.960000
0.960000
0.960000
0.960000
0.960000
0.960000
0.960000
0.960000
0.960000
0.960000
0.960000
0.960000
0.960000
0.960000
0.960000
0.960000
0.960000
0.960000
0.960000
0.960000
0.960000
0.960000
0.960000
0.960000
0.960000
0.960000
0.960000
0.960000
0.960000
0.960000
0.960000
0.960000
0.960000
0.960000
0.960000
0.960000
0.960000
0.960000
0.960000
0.960000
0.960000
0.960000
0.960000
0.960000
0.960000
0.960000
0.960000
0.960000
0.960000
0.960000
0.960000
0.960000
0.960000
0.960000
0.960000
0.960000
0.960000
0.960000
0.960000
0.960000
0.960000
0.960000
0.960000
0.960000
0.960000
0.960000
0.960000
0.960000
0.960000
0.960000
0.960000
0.960000
0.960000
0.960000
0.960000
0.960000
0.960000
0.960000
0.960000
0.960000
0.960000
0.960000
0.960000
0.960000
0.960000
0.960000
0.960000
0.960000
0.960000
0.960000
0.960000
0.960000
0.960000
0.960000
0.960000
0.960346
0.960346
0.960346
0.960346
0.960346
0.960346
0.960346
0.960346
0.960346
0.960346
0.960346
0.960346
0.960346
0.960346
0.960346
0.960346
0.960346
0.960346
0.960346
0.960346
0.960346
0.960346
0.960346
0.960346
0.960346
0.960346
0.960346
0.960346
0.960346
0.960346
0.960000
0.960000
0.960000
0.960000
0.960000
0.960000
0.960000
0.960000
0.960000
0.960000
0.960000
0.960000
0.960000
0.960000
0.960000
0.960000
0.960000
0.960000
0.960000
0.960000
0.960000
0.960000
0.960000
0.960000
0.960000
0.960000
0.960000
0.960000
0.960000
0.960000
0.960000
0.960000
0.960000
0.960000
0.960000
0.960000
0.960000
0.960000
0.960000
0.960000
0.960000
0.960000
0.960000
0.960000
0.960000
0.960000
0.960000
0.960000
0.960000
0.960000
0.960000
0.960000
0.960000
0.960000
0.960000
0.960000
0.960000
0.960000
0.960000
0.960000
0.960000
0.960000
0.960000
0.960000
0.960000
0.960000
0.960000
0.960000
0.960000
0.960000
0.960000
0.960000
0.960000
0.960000
0.960000
0.960000
0.960000
0.960000
0.960000
0.960000
0.960000
0.960000
0.960000
0.960000
0.960000
0.960000
0.960000
0.960000
0.960000
0.960000
0.960000
0.960000
0.960000
0.960000
0.960000
0.960000
0.960000
0.960000
0.960000
0.960000
0.960000
0.960000
0.960000
0.960000
0.960000
0.960000
0.960000
0.960000
0.960000
0.960000
0.960000
0.960000
0.960000
0.960000
0.960000
0.960000
0.960000
0.960000
0.960000
0.960000
0.960000
0.960000
0.960000
0.960000
0.960000
0.960000
0.960000
0.960000
0.960000
0.960000
0.960000
0.960000
0.960000
0.960000
0.960000
0.960000
0.960000
0.960000
0.960000
0.960000
0.960000
0.960000
0.960000
0.960000
0.960000
0.960000
0.960000
0.960000
0.960000
0.960000
0.960000
0.960000
0.960000
0.960000
0.960000
0.960000
0.960000
0.960000
0.960000
0.960000
0.960000
0.960000
0.960000
0.960000
0.960000
0.960000
0.960000
0.960000
0.960000
0.960000
0.960000
0.960000
0.960000
0.960000
0.960000
0.960000
0.960000
0.960000
0.960000
0.960000
0.960000
0.960000
0.960000
0.960000
0.960000
0.960000
0.960000
0.960000
0.960000
0.960000
0.960000
0.960000
0.960000
0.960000
0.960000
0.960000
0.960000
0.960346
0.960346
0.960346
0.960346
0.960346
0.960346
0.960346
0.960346
0.960346
0.960346
0.960346
0.960346
0.960346
0.960346
0.960346
0.960346
0.960346
0.960346
0.960346
0.960346
0.960346
0.960346
0.960346
0.960346
0.960346
0.960346
0.960346
0.960346
0.960346
0.960346
0.960000
0.960000
0.960000
0.960000
0.960000
0.960000
0.960000
0.960000
0.960000
0.960000
0.960000
0.960000
0.960000
0.960000
0.960000
0.960000
0.960000
0.960000
0.960000
0.960000
0.960000
0.960000
0.960000
0.960000
0.960000
0.960000
0.960000
0.960000
0.960000
0.960000
0.960000
0.960000
0.960000
0.960000
0.960000
0.960000
0.960000
0.960000
0.960000
0.960000
0.960000
0.960000
0.960000
0.960000
0.960000
0.960000
0.960000
0.960000
0.960000
0.960000
0.960000
0.960000
0.960000
0.960000
0.960000
0.960000
0.960000
0.960000
0.960000
0.960000
0.960000
0.960000
0.960000
0.960000
0.960000
0.960000
0.960000
0.960000
0.960000
0.960000
0.960000
0.960000
0.960000
0.960000
0.960000
0.960000
0.960000
0.960000
0.960000
0.960000
0.960000
0.960000
0.960000
0.960000
0.960000
0.960000
0.960000
0.960000
0.960000
0.960000
0.960000
0.960000
0.960000
0.960000
0.960000
0.960000
0.960000
0.960000
0.960000
0.960000
0.960000
0.960000
0.960000
0.960000
0.960000
0.960000
0.960000
0.960000
0.960000
0.960346
0.960346
0.960346
0.960346
0.960346
0.960346
0.960346
0.960346
0.960346
0.960346
0.960346
0.960346
0.960346
0.960346
0.960346
0.960346
0.960346
0.960346
0.960346
0.960346
0.960346
0.960346
0.960346
0.960346
0.960346
0.960692
0.960692
0.960692
0.960692
0.960692
0.960346
0.960346
0.960346
0.960346
0.960346
0.960346
0.960346
0.960346
0.960346
0.960346
0.960346
0.960346
0.960346
0.960346
0.960346
0.960346
0.960346
0.960346
0.960346
0.960346
0.960346
0.960346
0.960346
0.960346
0.960346
0.960346
0.960346
0.960346
0.960346
0.960346
0.960346
0.960346
0.960346
0.960346
0.960346
0.960346
0.960346
0.960346
0.960346
0.960692
0.960692
0.960692
0.960692
0.960692
0.960692
0.960692
0.960692
0.960692
0.960692
0.960692
0.960692
0.960692
0.960692
0.960692
0.960692
0.960346
0.960346
0.960346
0.960346
0.960346
0.960346
0.960346
0.960346
0.960346
0.960346
0.960346
0.960346
0.960346
0.960346
0.960000
0.960000
0.960000
0.960000
0.960000
0.960000
0.960000
0.960000
0.960000
0.960000
0.960000
0.960000
0.960000
0.960000
0.960000
0.960000
0.960346
0.960346
0.960346
0.960346
0.960346
0.960346
0.960346
0.960346
0.960346
0.960346
0.960346
0.960346
0.960346
0.960346
0.960692
0.960692
0.960692
0.960692
0.960692
0.960692
0.960692
0.960692
0.960692
0.960692
0.960692
0.960692
0.960692
0.960692
0.960692
0.960692
0.960346
0.960346
0.960346
0.960346
0.960346
0.960346
0.960346
0.960346
0.960346
0.960346
0.960346
0.960346
0.960346
0.960346
0.960000
0.960000
0.960000
0.960000
0.960000
0.960000
0.960000
0.960000
0.960000
0.960000
0.960000
0.960000
0.960000
0.960000
0.960000
0.960000
0.960000
0.960000
0.960000
0.960000
0.960000
0.960000
0.960000
0.960000
0.960000
0.960000
0.960000
0.960000
0.960000
0.960000
0.960000
0.960000
0.960000
0.960000
0.960000
0.960000
0.960000
0.960000
0.960346
0.960346
0.960346
0.960346
0.960346
0.960346
0.960346
0.960346
0.960346
0.960346
0.960346
0.960346
0.960346
0.960346
0.960346
0.960346
0.960346
0.960346
0.960346
0.960346
0.960346
0.960346
0.960346
0.960346
0.960346
0.960346
0.960346
0.960346
0.960346
0.960346
0.960000
0.960000
0.960000
0.960000
0.960000
0.960000
0.960000
0.960000
0.960000
0.960000
0.960000
0.960000
0.960000
0.960000
0.960000
0.960000
0.960000
0.960000
0.960000
0.960000
0.960000
0.960000
0.960000
0.960000
0.960000
0.960000
0.960000
0.960000
0.960000
0.960000
0.960000
0.960000
0.960000
0.960000
0.960000
0.960000
0.960000
0.960000
0.960000
0.960000
0.960000
0.960000
0.960000
0.960000
0.960000
0.960000
0.960000
0.960000
0.960000
0.960000
0.960000
0.960000
0.960000
0.960000
0.960000
0.960000
0.960000
0.960000
0.960000
0.960000
0.960000
0.960000
0.960000
0.960000
0.960000
0.960000
0.960000
0.960000
0.960000
0.960000
0.960000
0.960000
0.960000
0.960000
0.960000
0.960000
0.960000
0.960000
0.960000
0.960000
0.960000
0.960000
0.960000
0.960000
0.960000
0.960000
0.960000
0.960000
0.960000
0.960000
0.960000
0.960000
0.960000
0.960000
0.960000
0.960000
0.960000
0.960000
0.960000
0.960000
0.969336
0.976252
0.976252
0.976252
0.976252
0.976252
0.976252
0.976598
0.976598
0.976598
0.976598
0.976598
0.976598
0.976598
0.976598
0.976598
0.976598
0.976598
0.976598
0.976598
0.976598
0.976944
0.976944
0.976944
0.976944
0.976944
0.976944
0.976944
0.976944
0.976944
0.967607
0.960692
0.960692
0.960692
0.960692
0.960692
0.960692
0.960346
0.960346
0.960346
0.960346
0.960346
0.960346
0.960346
0.960346
0.960346
0.960346
0.960346
0.960346
0.960346
0.960346
0.960000
0.960000
0.960000
0.960000
0.960000
0.960000
0.960000
0.960000
0.960000
0.960000
0.960000
0.960000
0.960000
0.960000
0.960000
0.960000
0.960000
0.960000
0.960000
0.960000
0.960000
0.960000
0.960000
0.960000
0.960000
0.960000
0.960000
0.960000
0.960000
0.960000
0.960000
0.960000
0.960000
0.960000
0.960000
0.960000
0.960000
0.960000
0.960000
0.960000
0.960000
0.960000
0.960000
0.960000
0.960000
0.960000
0.960000
0.960000
0.960000
0.960000
0.960000
0.960000
0.960000
0.960000
0.960000
0.960000
0.960000
0.960000
0.960000
0.960000
0.960000
0.960000
0.960000
0.960000
0.960000
0.960000
0.960000
0.960000
0.960000
0.960000
0.960000
0.960000
0.960000
0.960000
0.960000
0.960000
0.960000
0.960000
0.960000
0.960000
0.960000
0.960000
0.960000
0.960000
0.960000
0.960000
0.960000
0.960000
0.960000
0.960000
0.960000
0.960000
0.960000
0.960000
0.960000
0.960000
0.960000
0.960000
0.960000
0.960000
0.960000
0.960000
0.960000
0.960000
0.960000
0.960000
0.960000
0.960000
0.960000
0.960000
0.960000
0.960000
0.960000
0.960000
0.960000
0.960000
0.960000
0.960000
0.960000
0.960000
0.960000
0.960000
0.960000
0.960000
0.960000
0.960000
0.960000
0.960000
0.960000
0.960000
0.960000
0.960000
0.960000
0.960000
0.960000
0.960000
0.960000
0.960000
0.960000
0.960000
0.960000
0.960000
0.960000
0.960000
0.960000
0.960000
0.960000
0.960000
0.960000
0.960000
0.960000
0.960000
0.960000
0.960000
0.960000
0.960000
0.960000
0.960000
0.960000
0.960000
0.960000
0.960000
0.960000
0.960000
0.960000
0.960000
0.960000
0.960000
0.960000
0.960000
0.960000
0.960000
0.960000
0.960000
0.960000
0.960000
0.960000
0.960000
0.960000
0.960000
0.960000
0.960000
0.960000
0.960000
0.960000
0.960000
0.960000
0.960000
0.960000
0.960000
0.960000
0.960000
0.960000
0.960000
0.960000
0.960000
0.960000
0.960000
0.960000
0.960000
0.960000
0.960000
0.960000
0.960000
0.960000
0.960000
0.960000
0.960000
0.960000
0.960000
0.960000
0.960000
0.960000
0.960000
0.960000
0.960000
0.960000
0.960000
0.960000
0.960000
0.960000
0.960000
0.960000
0.960000
0.960000
0.960000
0.960000
0.960000
0.960000
0.960000
0.960000
0.960000
0.960000
0.960000
0.960000
0.960000
0.960000
0.960000
0.960000
0.960000
0.960000
0.960000
0.960000
0.960000
0.960000
0.960000
0.960000
0.960000
0.960000
0.960000
0.960000
0.960000
0.960000
0.960000
0.960000
0.960000
0.960000
0.960000
0.960000
0.960000
0.960000
0.960000
0.960000
0.960000
0.960000
0.960000
0.960000
0.960000
0.960000
0.960000
0.960000
0.960000
0.960000
0.960000
0.960000
0.960000
0.960000
0.960000
0.960000
0.960000
0.960000
0.960000
0.960000
0.960000
0.960000
0.960000
0.960000
0.960000
0.960000
0.960000
0.960000
0.960000
0.960000
0.960000
0.960000
0.960000
0.960000
0.960000
0.960000
0.960000
0.960000
0.960000
0.960000
0.960000
0.960000
0.960000
0.960000
0.960000
0.960000
0.960000
0.960000
0.960000
0.960000
0.960000
0.960000
0.960000
0.960000
0.960000
0.960000
0.960000
0.960000
0.960000
0.960000
0.960000
0.960000
0.960000
0.960000
0.960000
0.960000
0.960000
0.960000
0.960000
0.960000
0.960000
0.960000
0.960000
0.960000
0.960000
0.960000
0.960000
0.960000
0.960000
0.960000
0.960000
0.960000
0.960000
0.960000
0.960000
0.960000
0.960000
0.960000
0.960000
0.960000
0.960000
0.960000
0.960000
0.960000
0.960000
0.960000
0.960000
0.960000
0.960000
0.960000
0.960000
0.960000
0.960000
0.960000
0.960000
0.960000
0.960000
0.960000
0.960000
0.960000
0.960000
0.960000
0.960000
0.960000
0.960000
0.960000
0.960000
0.960000
0.960000
0.960000
0.960000
0.960000
0.960000
0.960000
0.960000
0.960000
0.960000
0.960000
0.960000
0.960000
0.960000
0.960000
0.960000
0.960000
0.960000
0.960000
0.960000
0.960000
0.960000
0.960000
0.960000
0.960000
0.960000
0.960000
0.960000
0.960000
0.960000
0.960000
0.960000
0.960000
0.960000
0.960000
0.960000
0.960000
0.960000
0.960000
0.960000
0.960000
0.960000
0.960000
0.960000
0.960000
0.960000
0.960000
0.960000
0.960000
0.960000
0.960000
0.960000
0.960000
0.960000
0.960000
0.960000
0.960000
0.960000
0.960000
0.960000
0.960000
0.960000
0.960000
0.960000
0.960000
0.960000
0.960000
0.960000
0.960000
0.960000
0.960000
0.960000
0.960000
0.960000
0.960000
0.960000
0.960000
0.960000
0.960000
0.960000
0.960000
0.960000
0.960000
0.960000
0.960000
0.960000
0.960000
0.960000
0.960000
0.960000
0.960000
0.960000
0.960000
0.960000
0.960000
0.960000
0.960000
0.960000
0.960000
0.960000
0.960000
0.960000
0.960000
0.960000
0.960000
0.960000
0.960000
0.960000
0.960000
0.960000
0.960000
0.960000
0.960000
0.960000
0.960000
0.960000
0.960000
0.960000
0.960000
0.960000
0.960000
0.960000
0.960000
0.960000
0.960000
0.960000
0.960000
0.960000
0.960000
0.960000
0.960000
0.960000
0.960000
0.960000
0.960000
0.960000
0.960000
0.960000
0.960000
0.960000
0.960000
0.960000
0.960000
0.960000
0.960000
0.960000
0.960000
0.960000
0.960000
0.960000
0.960000
0.960000
0.960000
0.960000
0.960000
0.960000
0.960000
0.960000
0.960000
0.960000
0.960000
0.960000
0.960000
0.960000
0.960000
0.960000
0.960000
0.960000
0.960000
0.960000
0.960000
0.960000
0.960000
0.960000
0.960000
0.960000
0.960000
0.960000
0.960000
0.960000
0.960000
0.960000
0.960000
0.960000
0.960000
0.960000
0.960000
0.960000
0.960000
0.960000
0.960000
0.960000
0.960000
0.960000
0.960000
0.960000
0.960000
0.960000
0.960000
0.960000
0.960000
0.960000
0.960000
0.960000
0.960000
0.960000
0.960000
0.960000
0.960000
0.960000
0.960000
0.960000
0.960000
0.960000
0.960000
0.960000
0.960000
0.960000
0.960000
0.960000
0.960000
0.960000
0.960000
0.960000
0.960000
0.960000
0.960000
0.960000
0.960000
0.960000
0.960000
0.960000
0.960000
0.960000
0.960000
0.960000
0.967607
0.981093
0.997000
1.022243
1.031579
1.031579
1.077916
1.114570
1.216580
1.245281
1.258767
1.272253
1.285739
1.299570
1.308561
1.317897
1.331383
1.333804
1.333804
1.335879
1.337954
1.340028
1.342103
1.356281
1.386365
1.416103
1.430972
1.445841
1.460365
1.500131
1.560299
1.609057
1.607328
1.595916
1.600757
1.614589
1.582085
1.559262
1.470739
1.448954
1.436159
1.424748
1.445496
1.438580
1.432355
1.425094
1.411954
1.409533
1.409533
1.407458
1.405383
1.403309
1.401234
1.387056
1.356972
1.327234
1.312365
1.297496
1.282972
1.243206
1.175430
1.113187
1.099009
1.085178
1.071000
1.057168
1.043337
1.029505
1.019477
1.064776
1.077916
1.088290
1.066505
1.071692
1.081720
1.092094
1.100738
1.100738
1.100738
1.100738
1.100738
1.100738
1.100738
1.100738
1.100738
1.100738
1.100738
1.100738
1.100738
1.100738
1.100738
1.100738
1.100738
1.100738
1.100738
1.100738
1.100738
1.100738
1.097280
1.045065
1.031234
1.018785
1.006336
0.994234
0.981439
0.968991
0.960000
0.960346
0.960346
0.960346
0.960346
0.960346
0.960346
0.960346
0.960346
0.960346
0.960346
0.960346
0.960346
0.960346
0.960692
0.960692
0.960692
0.960692
0.960692
0.960692
0.960692
0.960692
0.960692
0.960692
0.960692
0.960692
0.960692
0.960692
0.964150
0.964150
0.964150
0.963804
0.963804
0.963804
0.963804
0.963804
0.963804
0.963804
0.963804
0.963804
0.963804
0.963804
0.963804
0.963804
0.963458
0.963458
0.963458
0.963458
0.963458
0.963458
0.963458
0.963458
0.963458
0.963458
0.963458
0.963458
0.963458
0.963458
0.960000
0.960000
0.960000
0.960000
0.960000
0.960000
0.960000
0.960000
0.960000
0.960346
0.960346
0.960346
0.960346
0.960346
0.960346
0.960346
0.974869
1.017748
1.048523
1.048523
1.065467
1.065813
1.065813
1.065813
1.071000
1.071346
1.074112
1.074112
1.074112
1.074112
1.074112
1.074112
1.074112
1.074112
1.080682
1.081028
1.081028
1.081028
1.082066
1.103851
1.123907
1.145346
1.166785
1.187187
1.187187
1.187187
1.172664
1.129785
1.099009
1.125636
1.123907
1.123561
1.123561
1.123561
1.118374
1.118374
1.118374
1.119757
1.119757
1.119757
1.119757
1.119757
1.119757
1.119757
1.113187
1.112841
1.112841
1.112841
1.111804
1.089673
1.069617
1.048178
1.026738
1.006336
1.006336
1.006336
1.006336
1.006336
1.006336
0.979710
0.964495
0.964495
0.964495
0.964495
0.964495
0.964150
0.961383
0.960000
0.960000
0.960000
0.960000
0.960000
0.960000
0.960000
0.981093
1.003570
1.003570
1.003570
1.006336
1.009103
1.009103
1.009103
1.009103
1.009103
1.009103
1.009103
1.009103
1.009103
1.009103
1.009103
1.009103
1.009103
1.009103
1.009103
1.009449
1.009449
1.009449
1.009449
1.009449
1.009449
1.009449
1.009449
1.009449
1.009449
0.988355
0.965879
0.965879
0.965879
0.963112
0.960346
0.960346
0.960346
0.960346
0.960346
0.960346
0.960346
0.960346
0.960346
0.960346
0.960346
0.960346
0.960346
0.960346
0.960346
0.960000
0.960000
0.960000
0.960000
0.960000
0.960000
0.960000
0.960000
0.960000
0.960000
0.960000
0.960000
0.972449
1.001841
1.001841
1.001841
1.001841
1.001841
1.001841
1.001841
1.001841
1.001841
1.001841
1.001841
1.001841
1.001841
1.001841
1.001841
1.001841
1.001841
1.001841
1.001841
1.001841
1.001841
1.001841
1.001841
1.001841
1.001841
1.001841
1.001841
1.001841
1.001841
0.989393
0.960000
0.960000
0.960000
0.960000
0.960000
0.960000
0.960000
0.960000
0.960000
0.960000
0.960000
0.960000
0.960000
0.960000
0.960000
0.960000
0.960000
0.960000
0.960000
0.960000
0.960000
0.960000
0.960000
0.960000
0.960000
0.960000
0.960000
0.960000
0.960000
0.960000
0.960000
0.960000
0.960000
0.960000
0.960000
0.960000
0.960000
0.960000
0.960000
0.960000
0.960000
0.960000
0.960000
0.960000
0.960000
0.960000
0.960000
0.960000
0.960000
0.960000
0.960000
0.960000
0.960000
0.960000
0.960000
0.960000
0.960000
0.960000
0.960000
0.960000
0.960000
0.960000
0.960000
0.960000
