1.103003
1.123538
1.141657
1.157763
1.171871
1.184856
1.210022
1.242573
1.267042
1.289472
1.307808
1.313010
1.317614
1.322094
1.326067
1.329967
1.345878
1.362172
1.378274
1.395143
1.411053
1.418721
1.423897
1.433865
1.447283
1.465494
1.481213
1.496932
1.492140
1.476421
1.461085
1.447475
1.431756
1.416037
1.400510
1.384792
1.360830
1.336293
1.308114
1.279935
1.253674
1.237571
1.221661
1.205559
1.189648
1.177571
1.161853
1.146901
1.130990
1.114121
1.098211
1.082300
1.066390
1.050671
1.034760
1.016549
1.000831
0.985112
0.977061
0.977061
0.976677
0.974569
0.974569
0.974569
0.974569
0.974569
0.973419
0.965751
0.965751
0.965751
0.965751
0.965751
0.965751
0.965751
0.965751
0.961725
0.961534
0.960192
0.960000
0.960000
0.960000
0.960000
0.960000
0.960000
0.960000
0.960000
0.960000
0.960000
0.960000
0.960000
0.960000
0.960000
0.960000
0.960000
0.960000
0.960000
0.960000
0.960000
0.960000
0.960000
0.960000
0.960000
0.960000
0.960000
0.960000
0.960000
0.960000
0.960000
0.960000
0.960000
0.960000
0.960000
0.960000
0.960000
0.960000
0.960000
0.960000
0.960000
0.960000
0.960000
0.960000
0.960000
0.960000
0.960000
0.960000
0.960000
0.960000
0.960000
0.960000
0.960000
0.960000
0.960000
0.960000
0.960000
0.960000
0.960000
0.960000
0.960000
0.960000
0.960000
0.960000
0.962875
0.962875
0.962875
0.962875
0.962875
0.962875
0.962875
0.962875
0.962875
0.962875
0.962875
0.962875
0.962875
0.962875
0.962875
0.962875
0.962875
0.962875
0.962875
0.962875
0.962875
0.962875
0.962875
0.962875
0.962875
0.962875
0.962875
0.962875
0.962875
0.962875
0.960000
0.960000
0.960000
0.960000
0.960000
0.960000
0.960000
0.960000
0.960000
0.960000
0.960000
0.960000
0.960000
0.960000
0.960000
0.960000
0.960000
0.960000
0.960000
0.960000
0.960000
0.960000
0.960000
0.960000
0.960000
0.960000
0.960000
0.960000
0.960000
0.960000
0.960000
0.960000
0.960000
0.960000
0.960000
0.960000
0.960000
0.960000
0.960000
0.960000
0.960000
0.960000
0.960000
0.960000
0.960000
0.960000
0.960000
0.960000
0.960000
0.960000
0.960000
0.960000
0.960000
0.960000
0.960000
0.960000
0.960000
0.960000
0.960000
0.960000
0.960000
0.960000
0.960000
0.960000
0.960000
0.960000
0.960000
0.960000
0.960000
0.960000
0.960000
0.960000
0.960000
0.960000
0.960000
0.960000
0.960000
0.960000
0.960000
0.960000
0.960000
0.960000
0.960000
0.960000
0.960000
0.960000
0.960000
0.960000
0.960000
0.960000
0.960000
0.960000
0.960000
0.960000
0.960000
0.960000
0.960000
0.960000
0.960000
0.960000
0.960000
0.960000
0.960000
0.960000
0.960000
0.960000
0.960000
0.960000
0.960000
0.960000
0.960000
0.960000
0.960000
0.960000
0.960000
0.960000
0.960000
0.960000
0.960000
0.960000
0.960000
0.960000
0.960000
0.960000
0.960000
0.960000
0.960000
0.960000
0.960000
0.960000
0.960000
0.960000
0.960000
0.960000
0.960000
0.960000
0.960000
0.960000
0.960000
0.960000
0.960000
0.960000
0.960000
0.960000
0.960000
0.960000
0.960000
0.960000
0.960000
0.960000
0.960000
0.960000
0.960000
0.960000
0.960000
0.960000
0.960000
0.960000
0.960000
0.960000
0.960000
0.960000
0.960000
0.960000
0.960000
0.960000
0.960000
0.960000
0.960000
0.960000
0.960000
0.960000
0.960000
0.960000
0.960000
0.960000
0.960000
0.960000
0.960000
0.960000
0.960000
0.960000
0.960000
0.960000
0.960000
0.960000
0.960000
0.960000
0.960000
0.960000
0.960000
0.960000
0.960000
0.960000
0.960000
0.960000
0.960000
0.960000
0.960000
0.960000
0.960000
0.960000
0.960000
0.960000
0.960000
0.960000
0.960000
0.960000
0.960000
0.960000
0.960000
0.960000
0.960000
0.960000
0.960000
0.960000
0.960000
0.960000
0.960000
0.960000
0.960000
0.960000
0.960000
0.960000
0.960000
0.960000
0.960000
0.960000
0.960000
0.960000
0.960000
0.960000
0.960000
0.960000
0.960000
0.960000
0.960000
0.960000
0.960000
0.960000
0.960000
0.960000
0.960000
0.960000
0.960000
0.960000
0.960000
0.969968
0.971502
0.972077
0.972077
0.972077
0.978211
0.995463
1.012524
1.029393
1.046262
1.063131
1.080000
1.096869
1.113929
1.130798
1.147476
1.164345
1.181214
1.198083
1.214952
1.231629
1.248498
1.265367
1.282236
1.299105
1.315782
1.333226
1.350478
1.368881
1.382875
1.373098
1.371565
1.370990
1.370990
1.370990
1.364855
1.347603
1.330542
1.313673
1.296804
1.279935
1.263067
1.246198
1.229137
1.212268
1.195591
1.178722
1.161853
1.144984
1.128115
1.111437
1.094568
1.077699
1.060830
1.043962
1.027284
1.009840
0.992588
0.974185
0.960192
0.960000
0.971502
0.971502
0.971502
0.971502
0.971502
0.971502
0.973227
0.974952
0.975144
0.975144
0.975144
0.975144
0.975144
0.975144
0.975144
0.975144
0.975144
0.975144
0.975144
0.975144
0.975911
0.976869
0.976869
0.976869
0.976869
0.976869
0.976869
0.976869
0.976869
0.977636
0.966134
0.967668
0.968626
0.968626
0.968626
0.968626
0.966901
0.965176
0.964984
0.964984
0.967093
0.970735
0.970735
0.971885
0.971885
0.971885
0.983770
0.983770
0.983770
0.984537
1.001022
1.001214
1.001789
1.002172
1.002364
1.002364
1.002364
1.002364
1.004473
1.003706
1.004089
1.006581
1.010224
1.012140
1.014057
1.016358
1.025367
1.026709
1.029201
1.037636
1.036869
1.033227
1.033227
1.034952
1.034952
1.034952
1.023834
1.023834
1.024792
1.028243
1.015016
1.024601
1.029009
1.030160
1.037444
1.040703
1.042620
1.044728
1.043003
1.043962
1.043578
1.039553
1.034952
1.045112
1.066198
1.080958
1.086709
1.093418
1.090926
1.082492
1.081150
1.095144
1.095144
1.092268
1.094760
1.097827
1.103003
1.117380
1.131182
1.142492
1.153226
1.157827
1.159169
1.157635
1.150159
1.146901
1.144984
1.142875
1.142492
1.142300
1.142300
1.142300
1.142300
1.130223
1.107220
1.090159
1.076358
1.068498
1.068498
1.068498
1.068498
1.054505
1.054505
1.054505
1.052013
1.048946
1.043003
1.028626
1.013866
0.998339
0.983578
0.968243
0.961917
0.961917
0.961917
0.961917
0.961917
0.961917
0.961917
0.961150
0.961150
0.961150
0.961150
0.961150
0.961150
0.961150
0.960192
0.960000
0.960000
0.960000
0.960000
0.960000
0.960000
0.960000
0.960000
0.960000
0.960000
0.960000
0.960000
0.960000
0.960000
0.960000
0.960000
0.960000
0.960000
0.960000
0.960000
0.960000
0.960000
0.960000
0.960000
0.960000
0.960000
0.960000
0.960000
0.960000
0.960000
0.960000
0.960000
0.960000
0.960000
0.960000
0.960000
0.960000
0.960000
0.960000
0.960000
0.960000
0.960000
0.960000
0.960000
0.960000
0.960000
0.960000
0.960000
0.960000
0.960000
0.960000
0.960000
0.960000
0.960000
0.960000
0.960000
0.960000
0.960000
0.960000
0.960000
0.960000
0.960000
0.960000
0.960000
0.960000
0.960000
0.960000
0.960000
0.960000
0.960000
0.960000
0.960000
0.960000
0.960000
0.960000
0.960000
0.960000
0.960000
0.960000
0.960000
0.960000
0.960000
0.960000
0.960000
0.960000
0.960000
0.960000
0.960000
0.960000
0.960000
0.960000
0.960000
0.960000
0.960000
0.960000
0.960000
0.960000
0.960000
0.960000
0.960000
0.960000
0.960000
0.960000
0.960000
0.960000
0.960000
0.960000
0.960000
0.960000
0.960000
0.960000
0.960000
0.960000
0.960000
0.960000
0.960000
0.960000
0.960000
0.961150
0.964026
0.965942
0.967859
0.967859
0.974569
0.989329
0.990479
0.990479
0.990479
0.990479
0.990479
0.990479
0.990479
0.990479
0.990479
0.990479
0.990479
0.990479
0.990479
0.990479
0.990479
0.990479
0.990479
0.990479
0.990479
0.990479
0.990479
0.990479
0.990479
0.990479
0.988179
0.986262
0.984345
0.984345
0.977636
0.964026
0.962875
0.962875
0.962875
0.962875
0.962875
0.962875
0.962875
0.962875
0.962875
0.962875
0.962875
0.962875
0.976102
0.988946
0.988946
0.988946
0.988946
0.988946
0.991821
1.003323
1.015016
1.016358
1.016358
1.015208
1.014632
1.014632
1.014632
1.014632
1.014632
1.013482
1.013482
1.013482
1.013482
1.013482
1.013482
1.013482
1.013482
1.013482
1.013482
1.013482
1.013482
1.013482
1.000256
0.987412
0.987412
0.987412
0.987412
0.987412
0.992013
0.980511
0.968818
0.967476
0.967476
0.967476
0.967476
0.967476
0.967476
0.967476
0.967476
0.967476
0.967476
0.967476
0.967476
0.967476
0.967476
0.967476
0.967476
0.967476
0.967476
0.967476
0.967476
0.967476
0.967476
0.967476
0.967476
0.967476
0.967476
0.967476
0.960000
0.960000
0.960767
0.965751
0.965751
0.965751
0.969010
0.979169
0.987604
0.987604
0.988371
0.996805
1.002748
1.014057
1.014632
1.014632
1.014632
1.021533
1.028243
1.034760
1.040511
1.047795
1.059680
1.066773
1.070990
1.070990
1.075591
1.079425
1.079808
1.083067
1.083642
1.089393
1.091501
1.089201
1.089584
1.090735
1.089201
1.079041
1.070607
1.070607
1.069840
1.061406
1.055463
1.044153
1.043578
1.043578
1.043578
1.036677
1.029968
1.023450
1.017700
1.010415
0.998530
0.991438
0.987220
0.988946
0.984345
0.982811
0.982428
0.979169
0.978594
0.972843
0.969968
0.967284
0.966901
0.965751
0.964026
0.964026
0.964026
0.964026
0.964026
0.964026
0.964026
0.964026
0.964026
0.964026
0.964026
0.965176
0.968243
0.969968
0.969968
0.974569
0.974569
0.974569
0.974569
0.972843
0.972843
0.973035
0.973419
0.973610
0.973610
0.973610
0.973610
0.973610
0.973610
0.974760
0.975719
0.975719
0.975719
0.975719
0.975719
0.975719
0.975719
0.975719
0.975719
0.975719
0.977636
0.976486
0.974185
0.972460
0.972460
0.967859
0.967859
0.967859
0.967859
0.967859
0.967859
0.965367
0.965367
0.965176
0.965176
0.965176
0.965176
0.965176
0.967859
0.966709
0.965942
0.967093
0.967093
0.967093
0.968818
0.969010
0.969010
0.970160
0.971310
0.971310
0.969393
0.970160
0.969393
0.969393
0.969393
0.970160
0.970926
0.970926
0.972268
0.972268
0.972652
0.977636
0.979169
0.981086
0.981086
0.981278
0.985303
0.985303
0.986070
0.986262
0.987795
0.986837
0.986837
0.986837
0.993738
1.008307
1.011757
1.010607
1.009457
1.012140
1.012140
1.011374
1.020958
1.022875
1.022875
1.022109
1.021342
1.021342
1.020000
1.020000
1.019616
1.015974
1.014057
1.012140
1.012140
1.011949
1.008498
1.008498
1.005048
1.004856
1.003131
1.002939
1.002939
1.004281
0.995655
0.983962
0.988562
0.989712
0.989712
0.987029
0.987029
0.987029
0.977444
0.975527
0.975527
0.975527
0.975527
0.975527
0.975527
0.975527
0.975527
0.974185
0.974185
0.974185
0.974185
0.974185
0.973610
0.984728
0.984728
0.985495
0.985495
0.985495
0.998339
0.996997
0.996997
0.993930
0.988179
0.992013
0.996422
1.002939
1.002939
1.009265
1.009265
1.011374
1.019425
1.025176
1.030351
1.033035
1.034377
1.034569
1.034569
1.039936
1.044537
1.044537
1.046070
1.046070
1.046070
1.034952
1.034952
1.034185
1.034185
1.034185
1.021342
1.021342
1.021533
1.022875
1.020575
1.021533
1.024601
1.018083
1.018850
1.012524
1.012524
1.010799
1.002748
0.998530
0.993930
0.993163
0.991821
0.991629
0.991629
0.986262
0.981661
0.981661
0.980128
0.980128
0.980128
0.980128
0.980128
0.980128
0.980128
0.983195
0.986070
0.994888
0.996997
0.999872
1.003514
0.997955
0.991821
0.991821
0.992396
0.992396
0.992396
0.992013
0.992013
0.990479
0.989904
0.987987
0.987987
0.987987
0.987987
0.988371
0.988371
0.988371
0.988371
0.988371
0.988371
0.988371
0.988371
0.988371
0.988371
0.985303
0.982428
0.973610
0.971310
0.967093
0.963450
0.963067
0.961725
0.961725
0.960383
0.960383
0.960383
0.960383
0.960383
0.960958
0.980319
0.996613
1.012716
1.028818
1.044728
1.060447
1.076358
1.092268
1.108370
1.124281
1.140191
1.156102
1.172012
1.187923
1.204217
1.220319
1.236230
1.241597
1.241597
1.243514
1.251373
1.252715
1.252715
1.252715
1.252715
1.252715
1.252715
1.269201
1.275910
1.282428
1.265175
1.248881
1.242364
1.230287
1.234313
1.218402
1.202492
1.186581
1.170479
1.157827
1.141917
1.126965
1.111054
1.095144
1.078850
1.062747
1.046837
1.055080
1.056997
1.055080
1.047220
1.045878
1.045878
1.045878
1.045878
1.045878
1.045878
1.029393
1.022684
1.015591
1.013482
1.013482
1.003898
1.010224
1.006006
1.021725
1.037636
1.053354
1.070799
1.083642
1.099744
1.099169
1.099169
1.099169
1.099169
1.099169
1.099361
1.085751
1.083834
1.083834
1.083834
1.084409
1.085942
1.086326
1.086326
1.086326
1.086326
1.088818
1.089009
1.089009
1.089009
1.089009
1.089009
1.082300
1.072332
1.056422
1.040511
1.024792
1.007348
0.991246
0.975144
0.974760
0.974760
0.974760
0.974760
0.974760
0.974569
0.974569
0.974569
0.974569
0.974569
0.973994
0.975335
0.976102
0.976102
0.976102
0.976102
0.973610
0.973419
0.973419
0.974185
0.974569
0.975335
0.985687
0.979936
0.979936
0.979936
0.979936
0.979936
0.979936
0.979936
0.979936
0.979936
0.979936
0.979936
0.979936
0.979936
0.979936
0.979936
0.979936
0.979936
0.979936
0.977061
0.975911
0.975911
0.975911
0.975911
0.975911
0.975911
0.975911
0.975144
0.974760
0.973994
0.960000
0.960000
0.960000
0.960000
0.960000
0.960000
0.960000
0.960000
0.960000
0.960000
0.960000
0.960000
0.960000
0.960000
0.960000
0.960000
0.960000
0.960000
0.960000
0.960000
0.960000
0.960000
0.960000
0.960000
0.960000
0.960000
0.960000
0.960000
0.960000
0.960000
0.960000
0.960000
0.960000
0.960000
0.960000
0.960000
0.960000
0.960000
0.960000
0.960000
0.960000
0.960000
0.960000
0.960000
0.960000
0.960000
0.960000
0.960000
0.960000
0.960000
0.960000
0.960000
0.960000
0.960000
0.960000
0.960000
0.960000
0.960000
0.960000
0.960000
0.960000
0.960000
0.960000
0.960000
0.960000
0.960000
0.960000
0.960000
0.960000
0.960000
0.960000
0.960000
0.960000
0.960000
0.960000
0.960000
0.960000
0.960000
0.960000
0.960000
0.960000
0.960000
0.960000
0.960000
0.960000
0.960000
0.960000
0.960000
0.960000
0.960000
0.960000
0.960000
0.960000
0.960000
0.960000
0.960000
0.960000
0.960000
0.960000
0.960000
0.960000
0.960000
0.960000
0.960000
0.960000
0.960000
0.960000
0.960000
0.960000
0.960000
0.960000
0.960000
0.960000
0.960000
0.960000
0.960000
0.960000
0.960000
0.960000
0.960000
0.960000
0.960000
0.960000
0.960000
0.960000
0.960000
0.960000
0.960000
0.960000
0.960000
0.960000
0.960000
0.960000
0.960000
0.960000
0.960000
0.960000
0.960000
0.960000
0.960000
0.960000
0.960000
0.964026
0.964026
0.964026
0.964026
0.964026
0.964026
0.964026
0.964026
0.964026
0.964026
0.964026
0.964026
0.964026
0.964026
0.964026
0.964026
0.964026
0.964026
0.964026
0.964026
0.964026
0.964026
0.964026
0.964026
0.964026
0.964026
0.964026
0.964026
0.964026
0.964026
0.960000
0.960000
0.960000
0.960000
0.960000
0.960000
0.960000
0.960000
0.960000
0.960000
0.960000
0.960000
0.960000
0.960000
0.960000
0.960000
0.960000
0.960000
0.960000
0.960000
0.960000
0.960000
0.960000
0.960000
0.960000
0.960000
0.960000
0.960000
0.960000
0.960000
0.960000
0.960000
0.960000
0.960000
0.960000
0.960000
0.960000
0.960000
0.960000
0.960000
0.960000
0.960000
0.960000
0.960000
0.960000
0.960000
0.960000
0.960000
0.960000
0.960000
0.960000
0.960000
0.960000
0.960000
0.960000
0.960000
0.960000
0.960000
0.960000
0.960000
0.960000
0.960000
0.960000
0.960000
0.960000
0.960000
0.960000
0.960000
0.960000
0.960000
0.960000
0.960000
0.960000
0.960000
0.960000
0.960000
0.960000
0.960000
0.960000
0.960000
0.960000
0.960000
0.960000
0.960000
0.960000
0.960000
0.960000
0.960000
0.960000
0.960000
0.960000
0.960000
0.960000
0.960000
0.960000
0.960000
0.960000
0.960000
0.960000
0.960000
0.960000
0.960000
0.960000
0.960000
0.960000
0.960000
0.960000
0.960000
0.960000
0.960000
0.960000
0.960000
0.960000
0.960000
0.960000
0.960000
0.960000
0.960000
0.960000
0.960000
0.960000
0.960000
0.960000
0.960000
0.960000
0.960000
0.960000
0.960000
0.960000
0.960000
0.960000
0.960000
0.960000
0.960000
0.960000
0.960000
0.960000
0.960000
0.960000
0.960000
0.960000
0.960000
0.960000
0.960000
0.960000
0.960000
0.960000
0.960000
0.960000
0.960000
0.960000
0.960000
0.960000
0.960000
0.960000
0.960000
0.960000
0.960000
0.960000
0.960000
0.960000
0.960000
0.960000
0.960000
0.960000
0.960000
0.960000
0.960000
0.960000
0.960000
0.960000
0.960000
0.960000
0.960000
0.960000
0.960000
0.960000
0.960000
0.960000
0.960000
0.960000
0.960000
0.960000
0.960000
0.960000
0.960000
0.960000
0.960000
0.960000
0.960000
0.960000
0.960000
0.960000
0.960000
0.960000
0.960000
0.960000
0.960000
0.960000
0.960000
0.960000
0.960000
0.960000
0.960000
0.960000
0.960000
0.960000
0.960000
0.960000
0.960000
0.960000
0.960000
0.960000
0.960000
0.960000
0.960000
0.960000
0.960000
0.960000
0.960000
0.960000
0.960000
0.960000
0.960000
0.960000
0.960000
0.960000
0.960000
0.960000
0.960000
0.960000
0.960000
0.960000
0.960000
0.960000
0.960000
0.960000
0.960000
0.960000
0.960000
0.961725
0.977636
0.985687
0.993930
0.998722
1.001597
1.002939
1.003706
1.003706
1.003706
1.003706
1.003706
1.003706
1.003706
1.003706
1.016741
1.017124
1.017124
1.017124
1.017124
1.017124
1.018083
1.018083
1.018083
1.032460
1.032460
1.032460
1.032460
1.032460
1.032460
1.030735
1.014824
1.006773
0.998530
0.994313
0.993355
0.992013
0.991246
0.994888
1.003706
1.003898
1.006006
1.006006
1.014824
1.018466
1.005431
1.005048
1.005048
1.005048
1.005048
1.005048
1.004089
1.004089
1.004089
0.989712
0.989712
0.989712
0.989712
0.989712
0.989712
0.989712
0.990863
0.990863
0.990863
0.990479
0.988562
0.988562
0.988562
0.984920
0.976102
0.975911
0.973802
0.973802
0.964984
0.961342
0.961342
0.961342
0.961342
0.961342
0.961342
0.961342
0.961342
0.961342
0.961342
0.961342
0.961342
0.961342
0.961342
0.961342
0.961342
0.961342
0.960192
0.960192
0.960192
0.960000
0.960000
0.960000
0.960000
0.960000
0.960000
0.960000
0.960958
0.960958
0.960958
0.960958
0.960958
0.960958
0.960958
0.960958
0.973802
0.975144
0.975144
0.975144
0.975144
0.976294
0.976486
0.980895
0.981086
0.982236
0.982236
0.982236
0.982236
0.983003
0.983003
0.983003
0.983003
0.983578
0.983770
0.983962
0.984728
0.984920
0.983962
0.985303
0.985303
0.985303
0.985303
0.987987
0.991054
0.994888
0.982045
0.980703
0.980703
0.982236
0.983578
0.982428
0.982236
0.977827
0.977636
0.976486
0.976486
0.976486
0.976486
0.975719
0.975719
0.975911
0.975911
0.975335
0.975911
0.975719
0.974952
0.974760
0.974760
0.974760
0.974760
0.974760
0.974760
0.972077
0.970160
0.966326
0.966326
0.966326
0.966326
0.964792
0.963450
0.963450
0.963450
0.963450
0.963450
0.963450
0.963450
0.964601
0.967284
0.967668
0.970543
0.970735
0.970735
0.971310
0.970543
0.970543
0.970543
0.970543
0.970543
0.969201
0.970543
0.975911
0.982428
0.986262
0.985112
0.985112
0.985112
0.985303
0.985879
0.986837
0.987412
0.987412
0.987412
0.987412
0.987412
0.987412
0.987412
0.986262
0.983578
0.983195
0.980319
0.979936
0.979936
0.979361
0.979361
0.981661
0.981661
0.981661
0.981661
0.981661
0.980319
0.975911
0.974377
0.970543
0.972268
0.973419
0.977061
0.976869
0.976869
0.975911
0.975335
0.975335
0.976869
0.976869
0.976869
0.977444
0.977444
0.977444
0.977444
0.977444
0.977444
0.977444
0.977444
0.977444
0.977444
0.977252
0.978211
0.978211
0.978211
0.978211
0.989904
0.988946
0.993355
0.998722
0.997380
0.996230
0.992588
0.992588
0.992013
0.996422
0.996422
0.996422
0.994888
0.994888
0.994888
0.994313
0.994313
0.994313
0.994313
0.999489
1.003898
1.010607
1.013099
1.014632
1.014632
1.012524
1.011565
1.011565
1.011949
1.013099
1.001406
1.001406
0.992013
0.986645
0.986262
0.986262
0.986262
0.986262
0.987412
0.984728
0.984920
0.984920
0.984920
0.984920
0.984920
0.984920
0.984920
0.984920
0.984920
0.989329
0.989137
0.982428
0.979936
0.978403
0.978403
0.978403
0.978403
0.978403
0.978019
0.976869
0.976869
0.976869
0.976869
0.976869
0.976869
0.976869
0.976869
0.976869
0.975719
0.973994
0.973802
0.973802
0.987220
0.999297
1.014249
1.025176
1.025176
1.025176
1.025367
1.016741
1.012524
1.012524
1.012524
1.012524
1.012524
1.012524
1.012524
1.012524
1.012524
1.023259
1.040128
1.063322
1.078466
1.093610
1.108945
1.124089
1.139233
1.154377
1.169520
1.184472
1.199616
1.214760
1.216485
1.219361
1.219552
1.223769
1.238722
1.241597
1.241405
1.240447
1.240447
1.249648
1.252715
1.252715
1.252715
1.252715
1.252715
1.252715
1.252715
1.241980
1.225111
1.201916
1.188306
1.173163
1.157827
1.142683
1.127540
1.115271
1.115846
1.116805
1.117380
1.106453
1.096294
1.094377
1.094952
1.094952
1.089201
1.086326
1.086326
1.086326
1.086326
1.077316
1.074249
1.074249
1.074249
1.074249
1.074249
1.074249
1.074249
1.074249
1.074249
1.074249
1.072715
1.072715
1.072715
1.072715
1.072715
1.069840
1.054121
1.038211
1.022492
1.018275
1.013291
1.009457
1.008307
1.007348
1.012716
1.018083
1.018083
1.031501
1.032077
1.031885
1.031885
1.032652
1.032652
1.033227
1.033227
1.033227
1.035719
1.035910
1.035910
1.035910
1.035910
1.036102
1.038977
1.038977
1.038977
1.041661
1.041661
1.053930
1.069840
1.085751
1.101469
1.097444
1.082875
1.068690
1.054121
1.048754
1.051438
1.038019
1.037444
1.037444
1.037444
1.038402
1.038594
1.041086
1.041086
1.041086
1.038594
1.042045
1.042045
1.042045
1.042045
1.044537
1.041661
1.043386
1.047029
1.045112
1.045112
1.032843
1.019425
1.004664
0.992013
0.988371
0.990479
0.990479
0.990671
0.992013
0.989329
0.989712
0.990479
0.990479
1.001022
1.000064
1.000064
0.996997
1.000447
1.000447
1.000447
0.996805
0.996805
1.001406
1.001597
0.998914
0.998914
0.997188
0.993546
0.993355
0.993738
0.993738
0.991246
1.000256
0.999680
0.998147
0.996038
0.996038
1.007348
1.020958
1.035719
1.050671
1.050479
1.052396
1.042620
1.041853
1.041661
1.041661
1.040128
1.040128
1.040128
1.040128
1.040128
1.035527
1.035335
1.038977
1.047795
1.053738
1.053738
1.055271
1.055655
1.055655
1.057955
1.047987
1.045495
1.047412
1.054313
1.056805
1.045303
1.030351
1.015591
1.000256
0.999680
0.997764
0.996997
0.998722
0.998722
0.998722
0.996805
0.996805
0.996805
0.996805
1.010415
1.010415
1.010415
1.006773
0.997955
0.992013
0.992013
0.992588
0.991821
0.991821
0.989521
0.989329
0.992013
1.005815
1.014824
1.028051
1.043770
1.046837
1.046837
1.046837
1.046837
1.046837
1.049329
1.047604
1.047604
1.047604
1.047604
1.047604
1.047604
1.047604
1.033993
1.033993
1.033993
1.033993
1.033993
1.033993
1.033993
1.031310
1.031310
1.031310
1.031310
1.031501
1.028818
1.013099
0.997188
0.981470
0.965751
0.962684
0.962684
0.962684
0.962684
0.962684
0.960192
0.960192
0.960192
0.960192
0.960192
0.960192
0.960192
0.960192
0.960192
0.960192
0.960192
0.960192
0.960192
0.960192
0.960192
0.960192
0.960192
0.960192
0.960192
0.960000
0.962684
0.963834
0.964409
0.964409
0.964409
0.977061
0.977252
0.977252
0.977252
0.977252
0.977252
0.977252
0.977252
0.979936
0.979936
0.979936
0.979936
0.979936
0.979936
0.979936
0.981470
0.991438
0.991438
0.991438
0.991438
0.991438
0.991438
0.991438
0.992971
0.992971
0.990287
0.989137
0.988562
0.988562
0.988562
0.975911
0.975719
0.975719
0.975719
0.975719
0.981086
0.989904
0.989904
0.987220
0.987220
0.987220
0.987220
0.987220
0.987220
0.987220
0.985687
0.975719
0.975719
0.975719
0.975719
0.975719
0.975719
0.976869
0.977444
0.977444
0.977444
0.977444
0.977444
0.977444
0.977444
0.977444
0.977444
0.977444
0.977444
0.977444
0.972077
0.963259
0.963259
0.964217
0.967668
0.967859
0.967859
0.967859
0.967859
0.967859
0.967859
0.967859
0.967859
0.968434
0.968818
0.968818
0.969393
0.970735
0.979361
0.982236
0.982236
0.982236
0.982236
0.982236
0.982236
0.982236
0.982236
0.982236
0.982236
0.982236
0.982236
0.982236
0.982236
0.981278
0.977827
0.977636
0.977636
0.977636
0.977636
0.977636
0.977636
0.977636
0.977636
0.977061
0.976677
0.989521
0.988946
0.986454
0.976294
0.973419
0.973419
0.974760
0.974760
0.974760
0.974760
0.983770
1.001406
1.017508
1.033418
1.049521
1.065431
1.081533
1.098786
1.115080
1.131373
1.147476
1.163578
1.180830
1.196932
1.213610
1.230095
1.246198
1.262300
1.278402
1.283961
1.271118
1.271118
1.271118
1.270543
1.270543
1.270543
1.269201
1.269201
1.269201
1.270159
1.261150
1.243514
1.227412
1.223386
1.207284
1.191373
1.175271
1.158019
1.141725
1.131565
1.128115
1.126581
1.121789
1.117955
1.113546
1.099936
1.093035
1.079233
1.063131
1.057572
1.057572
1.057572
1.057572
1.057572
1.057572
1.057572
1.058722
1.058722
1.059105
1.058147
1.058147
1.058147
1.058147
1.046262
1.046262
1.046262
1.047795
1.047795
1.047795
1.041661
1.029009
1.014441
1.001981
0.989712
0.977444
0.974569
0.965367
0.963067
0.963067
0.963067
0.963067
0.963067
0.963067
0.963067
0.963067
0.964217
0.963067
0.963067
0.962684
0.972652
0.974569
0.974569
0.974569
0.974569
0.974569
0.974569
0.973035
0.973035
0.973035
0.973035
0.973035
0.973035
0.973035
0.975144
0.977061
0.979361
0.994696
1.009648
1.024409
1.038977
1.053546
1.068115
1.082683
1.097060
1.111629
1.125048
1.132715
1.132715
1.132715
1.122747
1.120830
1.120830
1.120830
1.120830
1.120830
1.120830
1.120830
1.120830
1.120830
1.120830
1.120830
1.120830
1.120830
1.118722
1.116805
1.114504
1.099169
1.084217
1.069457
1.054888
1.040319
1.025751
1.011182
0.996805
0.982236
0.967668
0.960000
0.960000
0.960000
0.960000
0.960000
0.960000
0.960000
0.960000
0.960000
0.960000
0.960000
0.960000
0.960000
0.960000
0.960000
0.960000
0.960000
0.960000
0.960000
0.960000
0.960000
0.960000
0.960000
0.960000
0.960000
0.960000
0.960000
0.960000
0.960000
0.964409
0.972268
0.972268
0.972268
0.972268
0.972268
0.975335
0.978403
0.978403
0.979553
0.979553
0.980511
0.990287
0.994313
0.994313
0.994313
0.994313
0.996038
0.996613
0.999489
1.004664
1.006581
1.012907
1.014824
1.016358
1.026709
1.058722
1.079425
1.098402
1.116997
1.128498
1.137699
1.159361
1.175463
1.192715
1.209392
1.214952
1.212076
1.212076
1.210926
1.210926
1.211309
1.209201
1.211309
1.215143
1.215143
1.216293
1.214568
1.213993
1.211118
1.206709
1.204792
1.198466
1.196549
1.195016
1.184664
1.152651
1.131949
1.112971
1.094377
1.078466
1.061406
1.039744
1.023642
1.006390
0.989712
0.981086
0.980895
0.980895
0.980895
0.980895
0.979553
0.971885
0.965751
0.961917
0.961917
0.960767
0.961534
0.961534
0.961534
0.960767
0.960767
0.960767
0.961150
0.961534
0.961534
0.972843
0.975527
0.983387
0.989137
0.995655
0.995655
0.995655
0.995655
0.995655
0.999297
0.999297
0.999297
1.012716
1.012907
1.012907
1.014824
1.021342
1.021342
1.021342
1.021342
1.021342
1.020575
1.020575
1.020575
1.020575
1.020575
1.020575
1.020192
1.019808
1.019808
1.008498
1.005815
0.997955
0.992204
0.985687
0.985687
0.986837
0.989712
1.000639
0.996997
0.996997
0.996997
0.983578
0.983387
0.995847
0.993930
0.987412
0.987412
0.987412
0.987412
0.987412
0.987412
0.987412
0.987412
0.987412
0.987412
0.987412
0.987412
0.987412
0.987412
0.987412
0.987412
0.987412
0.987412
0.987412
0.987412
0.988754
0.985879
0.974952
0.974952
0.974952
0.974952
0.977061
0.977061
0.964601
0.964601
0.964601
0.964601
0.972652
0.973802
0.973802
0.973802
0.973802
0.973802
0.973802
0.973802
0.973802
0.973802
0.973802
0.973802
0.973802
0.973802
0.973802
0.973802
0.973802
0.973802
0.983003
0.983578
0.983578
0.983578
0.983578
0.983578
0.981470
0.981470
0.981470
0.981470
0.981470
0.981470
0.973419
0.972268
0.972268
0.972268
0.972268
0.972268
0.972268
0.972268
0.972268
0.972268
0.972268
0.972268
0.972268
0.972268
0.972268
0.972268
0.972268
0.972268
0.960575
0.960000
0.960000
0.960000
0.960000
0.960000
0.960000
0.960000
0.960000
0.960000
0.960000
0.960000
0.960000
0.960000
0.960000
0.960000
0.960000
0.960000
0.960000
0.960000
0.960000
0.960000
0.960000
0.960000
0.960000
0.960000
0.960000
0.960000
0.960000
0.960000
0.960000
0.960000
0.960000
0.960000
0.960000
0.960000
0.960000
0.960000
0.960000
0.960000
0.960000
0.960000
0.960000
0.960000
0.960000
0.960000
0.960000
0.960000
0.960000
0.960000
0.960000
0.960000
0.960000
0.960000
0.960000
0.960000
0.960000
0.960000
0.960000
0.960000
0.960000
0.960000
0.960000
0.960000
0.960000
0.960000
0.960000
0.960000
0.960000
0.960000
0.960000
0.960000
0.960000
0.960000
0.960000
0.960000
0.960000
0.960000
0.960000
0.960000
0.960000
0.960000
0.960000
0.960000
0.960000
0.960000
0.960000
0.960000
0.960000
0.960000
0.960000
0.960000
0.960000
0.960000
0.960000
0.960000
0.960000
0.960000
0.967859
0.971693
0.972652
0.972652
0.972652
0.972652
0.972652
0.972652
0.972652
0.972652
0.972652
0.972652
0.972652
0.972652
0.972652
0.972652
0.972652
0.972652
0.972652
0.972652
0.972652
0.972652
0.972652
0.972652
0.972652
0.972652
0.972652
0.972652
0.972652
0.972652
0.964792
0.960958
0.960000
0.960000
0.960000
0.960000
0.960000
0.960000
0.960000
0.960000
0.960000
0.960000
0.960000
0.960000
0.960000
0.960000
0.960000
0.960000
0.960000
0.960000
0.960000
0.960000
0.960000
0.960000
0.960000
0.960000
0.960000
0.960000
0.960000
0.960000
0.960000
0.960000
0.960000
0.960000
0.960000
0.960000
0.960000
0.960000
0.960000
0.960000
0.960000
0.960000
0.960000
0.960000
0.960000
0.960000
0.960000
0.960000
0.960000
0.960000
0.960000
0.960000
0.960000
0.960000
0.960000
0.960000
0.960000
0.960000
0.960000
0.960000
0.960000
0.960000
0.960000
0.960000
0.960000
0.960000
0.960000
0.960000
0.960000
0.960000
0.960000
0.960000
0.960000
0.960000
0.960000
0.960000
0.960000
0.960000
0.960000
0.960000
0.960000
0.960000
0.960000
0.960000
0.960000
0.960000
0.960000
0.960000
0.960000
0.960000
0.960000
0.960000
0.960000
0.960000
0.960000
0.960000
0.960000
0.960000
0.960000
0.960000
0.960000
0.960000
0.960000
0.960000
0.960000
0.960000
0.960000
0.960000
0.960000
0.960000
0.960000
0.960000
0.960000
0.960000
0.960000
0.960000
0.960000
0.960000
0.960000
0.960000
0.960000
0.960000
0.960000
0.960000
0.960000
0.960000
0.960000
0.960000
0.960000
0.960000
0.960000
0.960000
0.960000
0.960000
0.960000
0.960000
0.960000
0.960000
0.960000
0.960000
0.963067
0.973419
0.983578
0.993546
1.003514
1.013482
1.023450
1.033418
1.042428
1.045303
1.048179
1.051054
1.054121
1.056997
1.059872
1.062747
1.065814
1.069073
1.071949
1.081725
1.091501
1.094568
1.097636
1.100703
1.103770
1.107028
1.110096
1.113163
1.116230
1.119489
1.119489
1.112204
1.105303
1.098402
1.091501
1.084600
1.077891
1.070990
1.065048
1.065239
1.065623
1.065814
1.065814
1.066006
1.066390
1.066581
1.066581
1.066390
1.066773
1.060064
1.053354
1.053354
1.053546
1.053546
1.053546
1.053354
1.053546
1.053546
1.053546
1.053546
1.056038
1.056230
1.056038
1.056230
1.056230
1.056230
1.056230
1.056230
1.057188
1.064856
1.071757
1.078850
1.085942
1.106645
1.113546
1.120447
1.132332
1.140958
1.147667
1.154568
1.162236
1.165878
1.166837
1.167987
1.169137
1.170287
1.170287
1.167220
1.164153
1.160894
1.155335
1.152076
1.149009
1.145750
1.142683
1.139616
1.136357
1.133290
1.129265
1.118530
1.108370
1.098211
1.088051
1.064281
1.054121
1.044153
1.029201
1.017508
1.007540
0.997572
0.986837
0.980128
0.976486
0.972268
0.968434
0.964217
0.973035
0.973802
0.973802
0.973802
0.973802
0.973802
0.973802
0.973802
0.973802
0.973802
0.973802
0.973802
0.973802
0.974569
0.976294
0.976294
0.976294
0.976294
0.976294
0.976294
0.976294
0.976294
0.976294
0.976294
0.977444
0.977444
0.976869
0.976869
0.983962
0.989329
0.977252
0.976486
0.976486
0.976486
0.976486
0.976486
0.978019
0.978211
0.979169
0.980319
0.980895
0.980895
0.982236
0.981470
0.979744
0.979744
0.979744
0.979744
0.979744
0.979744
0.979744
0.980319
0.980319
0.982428
0.981278
0.981278
0.981470
0.982045
0.974569
0.969201
0.974185
0.979936
0.989904
1.005431
1.009265
1.014057
1.027859
1.031693
1.030735
1.030160
1.029585
1.031501
1.031693
1.032843
1.034377
1.034377
1.034377
1.034377
1.034569
1.034569
1.034569
1.033993
1.033993
1.031885
1.031885
1.031885
1.031693
1.031118
1.031118
1.031118
1.028243
1.022492
1.012524
0.996997
0.993163
0.988371
0.973035
0.969010
0.969010
0.968434
0.968434
0.966518
0.965176
0.967668
0.966326
0.966326
0.966326
0.966326
0.966134
0.966709
0.966709
0.966709
0.966709
0.968434
0.968434
0.968434
0.968434
0.968434
0.970160
0.970926
0.968818
0.968818
0.968818
0.968818
0.968818
0.968818
0.968818
0.968818
0.968818
0.968818
0.968818
0.968818
0.968626
0.964984
0.964792
0.964792
0.964792
0.964792
0.964792
0.964217
0.964217
0.964217
0.964217
0.962492
0.962492
0.967476
0.971885
0.973802
0.972077
0.971310
0.971310
0.971310
0.971310
0.971310
0.971310
0.971310
0.971310
0.971310
0.971310
0.971310
0.971310
0.971310
0.971310
0.971310
0.971310
0.971310
0.971310
0.971310
0.971310
0.971310
0.971310
0.971693
0.971693
0.971693
0.971693
0.966709
0.962300
0.960383
0.960383
0.960383
0.960383
0.960383
0.960383
0.960383
0.960383
0.960958
0.961534
0.961534
0.961534
0.961534
0.961534
0.961534
0.961534
0.961534
0.961534
0.961534
0.961534
0.961534
0.961534
0.961534
0.962300
0.961917
0.961917
0.964409
0.965751
0.980895
0.984728
0.984728
0.984728
0.984728
0.984728
0.984728
0.984728
0.984728
0.984728
0.984153
0.983578
0.983578
0.983578
0.983578
0.983578
0.983578
0.983578
0.983578
0.983578
0.983578
0.983578
0.983578
0.983578
0.983578
0.982811
0.982811
0.982811
0.980319
0.978978
0.964601
0.960767
0.960767
0.960767
0.960767
0.960767
0.960767
0.960767
0.960767
0.960767
0.960767
0.960767
0.960767
0.960767
0.960767
0.960767
0.960767
0.963642
0.972460
0.976869
0.995080
1.009840
1.024601
1.039553
1.054696
1.081342
1.096677
1.105303
1.105303
1.105303
1.104536
1.104536
1.104536
1.104536
1.104536
1.104536
1.104536
1.104536
1.104536
1.104536
1.104536
1.104536
1.104536
1.104536
1.104536
1.104536
1.104536
1.101661
1.092843
1.088434
1.070223
1.055655
1.040894
1.025942
1.010799
0.984153
0.968818
0.960192
0.960192
0.960192
0.962109
0.962109
0.962109
0.962109
0.962109
0.962109
0.962109
0.962109
0.962109
0.962109
0.962109
0.962109
0.962109
0.962492
0.962492
0.967093
0.976294
0.976294
0.976294
0.976294
0.976294
0.976102
0.976102
0.976102
0.976102
0.976102
0.976102
0.976102
0.976102
0.976102
0.974185
0.974185
0.974185
0.974185
0.974185
0.974185
0.974185
0.974185
0.974185
0.974185
0.974185
0.974185
0.984537
0.986454
0.987987
0.983387
0.974185
0.974185
0.974185
0.974185
0.974185
0.974569
0.989712
1.004664
1.017124
1.017124
1.018658
1.018658
1.018658
1.018658
1.018658
1.018658
1.018658
1.018658
1.018658
1.018658
1.018658
1.018658
1.025751
1.027859
1.027859
1.027859
1.017508
1.015208
1.013674
1.013674
1.013674
1.013674
1.013674
1.015208
1.015208
1.014824
0.999680
0.984728
0.972652
0.973035
0.971885
0.971885
0.971885
0.971885
0.971885
0.971885
0.971885
0.971885
0.971885
0.971885
0.971885
0.971885
0.964792
0.962684
0.962684
0.965367
0.965367
0.965367
0.965367
0.965367
0.969776
0.985687
1.014441
1.028626
1.029393
1.029393
1.029393
1.029393
1.031501
1.031118
1.030735
1.030735
1.030735
1.030735
1.030735
1.043195
1.043578
1.043578
1.043578
1.043578
1.043578
1.043578
1.043578
1.043578
1.043578
1.040894
1.040894
1.042236
1.042236
1.042428
1.038211
1.022300
0.993546
0.978211
0.977636
0.977636
0.977636
0.980128
0.977636
0.977636
0.977636
0.987604
0.992204
0.992204
0.992204
0.979744
0.980319
0.980319
0.980319
0.980319
0.980319
0.980319
0.980319
0.980319
0.983195
0.983195
0.985112
0.983770
0.983770
0.983578
0.983387
0.983387
0.983387
0.983003
0.982811
0.982811
0.982811
0.980319
0.980319
0.980319
0.980319
0.970351
0.965751
0.965751
0.965751
0.965751
0.964792
0.964792
0.964792
0.964792
0.964792
0.964792
0.964792
0.964792
0.961917
0.961917
0.960000
0.960000
0.960000
0.960000
0.960000
0.960000
0.960000
0.960000
0.960000
0.960000
0.960000
0.960000
0.960000
0.960000
0.960000
0.960000
0.960000
0.960000
0.960000
0.960000
0.960000
0.960000
0.960000
0.960000
0.960000
0.960000
0.960000
0.960000
0.960000
0.960000
0.960000
0.960000
0.960000
0.960000
0.960000
0.960000
0.960000
0.960000
0.960000
0.960000
0.960000
0.960000
0.960000
0.960000
0.960000
0.960000
0.960000
0.960000
0.960000
0.960000
0.960000
0.960000
0.960000
0.960000
0.960000
0.960000
0.960000
0.960000
0.960000
0.960000
0.960000
0.960000
0.960000
0.960000
0.960000
0.960000
0.960000
0.961150
0.961150
0.961150
0.973610
0.973802
0.973802
0.973802
0.973802
0.973802
0.973802
0.973802
0.973802
0.973802
0.973802
0.973802
0.973802
0.973802
0.973802
0.973802
0.973802
0.973802
0.973802
0.973802
0.973802
0.973802
0.973802
0.973802
0.973802
0.973802
0.973802
0.972652
0.972652
0.972652
0.960192
0.960000
0.960000
0.960000
0.960000
0.960000
0.960000
0.960000
0.960000
0.960000
0.960000
0.960000
0.960000
0.960000
0.960000
0.960000
0.960000
0.960000
0.960000
0.960000
0.960000
0.960000
0.960000
0.960000
0.960000
0.960000
0.960000
0.960000
0.960000
0.960000
0.960000
0.960000
0.960000
0.960000
0.960000
0.960000
0.960000
0.960000
0.960000
0.960000
0.960000
0.960000
0.960000
0.961150
0.964217
0.964217
0.964217
0.964217
0.964217
0.964217
0.964217
0.964217
0.964217
0.964217
0.964217
0.964217
0.964217
0.964217
0.964217
0.964217
0.964217
0.964217
0.964217
0.964217
0.964217
0.964217
0.964217
0.964217
0.964217
0.965942
0.972652
0.979361
0.982811
0.992588
0.995463
0.995463
0.995463
0.995463
0.995463
0.995463
0.995463
0.995463
0.997188
0.997188
0.997188
0.997188
0.997955
0.997955
0.997955
0.997955
0.997955
0.997955
0.997955
0.997955
0.997955
0.997955
0.997955
0.997955
0.997955
0.996230
0.990287
0.983770
0.980319
0.969393
0.963450
0.963450
0.965559
0.965559
0.965559
0.965559
0.965559
0.965559
0.963834
0.970351
0.975527
0.977636
0.976869
0.976869
0.977444
0.979744
0.979744
0.984345
0.984537
0.984537
0.984537
0.990671
0.996997
0.999872
0.999872
0.999872
0.999105
0.998914
0.998914
0.998914
0.998914
0.998914
0.996805
0.996805
0.996805
0.996805
0.996805
0.997572
0.997572
0.992204
0.992396
0.997955
0.997955
0.999680
1.002172
0.999872
0.999872
0.995271
0.995080
0.995080
0.995080
0.988946
0.982620
0.979744
0.979744
0.979744
0.984345
0.984345
0.984537
0.986645
0.992588
0.999489
1.003706
1.020000
1.038594
1.056422
1.072907
1.088434
1.105878
1.120830
1.131565
1.140000
1.155910
1.170095
1.183131
1.188306
1.188306
1.190415
1.200191
1.203258
1.203258
1.203258
1.203258
1.203258
1.203833
1.203833
1.199233
1.199233
1.212651
1.226261
1.236038
1.244856
1.256357
1.255782
1.252907
1.263258
1.263067
1.262683
1.261341
1.261150
1.261150
1.260958
1.260958
1.260958
1.260766
1.271501
1.287412
1.301405
1.295079
1.292779
1.296229
1.297763
1.297763
1.297763
1.297188
1.297188
1.297188
1.297188
1.283578
1.268626
1.252907
1.246006
1.235463
1.232587
1.232971
1.220894
1.220702
1.220702
1.220702
1.220894
1.220894
1.221086
1.221277
1.221277
1.221469
1.222236
1.213226
1.197124
1.193674
1.192907
1.189456
1.187923
1.187923
1.187923
1.187923
1.187923
1.187923
1.187923
1.187923
1.187156
1.187156
1.178338
1.173163
1.160319
1.144217
1.128115
1.112012
1.096102
1.080000
1.063898
1.047795
1.031693
1.015591
0.999680
0.983578
0.966901
0.960000
0.960000
0.960000
0.960000
0.960000
0.960000
0.960000
0.960000
0.960000
0.960000
0.960000
0.960000
0.960000
0.960000
0.960000
0.960000
0.960000
0.960000
0.960000
0.960000
0.960000
0.960000
0.960000
0.960000
0.960000
0.960000
0.960000
0.960000
0.960000
0.960000
0.960000
0.960000
0.960000
0.960000
0.960000
0.960000
0.960000
0.960000
0.960000
0.960000
0.960000
0.963834
0.983770
0.998530
1.013291
1.028051
1.042620
1.057380
1.072140
1.079233
1.079233
1.080000
1.103961
1.118722
1.133290
1.148051
1.162811
1.168945
1.168945
1.168945
1.168945
1.168945
1.168945
1.168945
1.168945
1.168945
1.168945
1.168945
1.168945
1.168945
1.168945
1.165111
1.145175
1.130415
1.115655
1.100894
1.086326
1.071565
1.056805
1.049712
1.049712
1.048946
1.024984
1.010224
0.995655
0.980895
0.966134
0.960000
0.960000
0.960000
0.960000
0.960000
0.960000
0.960000
0.960000
0.960000
0.960000
0.960000
0.960000
0.960000
0.960000
0.960000
0.960000
0.960000
0.960000
0.960000
0.960000
0.960000
0.960000
0.960000
0.960000
0.960000
0.960000
0.960000
0.960000
0.960000
0.960000
0.960767
0.961150
0.961150
0.974760
0.974952
0.974952
0.974952
0.974952
0.974952
0.974952
0.974952
0.974952
0.974952
0.974952
0.974952
0.974952
0.974952
0.974952
0.974952
0.987412
0.989137
0.989137
0.989137
0.989137
0.989137
0.989137
0.989137
0.989137
0.989137
0.989137
0.988371
0.987987
0.987987
0.974377
0.974185
0.974185
0.974185
0.974185
0.974185
0.974185
0.974185
0.974185
0.974185
0.974185
0.974185
0.974185
0.974185
0.974185
0.974185
0.961725
0.960000
0.960000
0.960000
0.960000
0.960000
0.960000
0.960000
0.960000
0.960000
0.960000
0.960000
0.960000
0.960000
0.960000
0.960000
0.960000
0.960000
0.960000
0.960000
0.960000
0.960000
0.960000
0.960000
0.960000
0.960000
0.960000
0.960000
0.960000
0.960000
0.960000
0.960000
0.960000
0.960000
0.960000
0.960000
0.960000
0.960000
0.960000
0.960000
0.960000
0.960000
0.960000
0.960000
0.960000
0.960000
0.960000
0.960000
0.960000
0.960000
0.960000
0.960000
0.960000
0.960000
0.960000
0.960000
0.960000
0.960000
0.960000
0.960000
0.960000
0.960000
0.960000
0.960000
0.960000
0.960000
0.960000
0.960000
0.960000
0.960000
0.960000
0.960000
0.960000
0.960000
0.960000
0.960000
0.960000
0.960000
0.960000
0.960000
0.960000
0.960000
0.960000
0.960000
0.960000
0.960000
0.960000
0.960000
0.960000
0.960000
0.960000
0.960000
0.960000
0.960000
0.960000
0.960000
0.960000
0.960000
0.960000
0.960000
0.960000
0.960000
0.960000
0.960000
0.960000
0.960000
0.960000
0.960000
0.960000
0.960000
0.960000
0.960000
0.960000
0.960000
0.960000
0.960000
0.960000
0.960000
0.960000
0.960000
0.960000
0.960000
0.960000
0.960000
0.960000
0.960000
0.960000
0.960000
0.960000
0.960000
0.960000
0.960000
0.960000
0.960000
0.960000
0.960000
0.960000
0.960000
0.960000
0.960000
0.960000
0.960000
0.960000
0.960000
0.960000
0.960000
0.960000
0.960000
0.960000
0.960000
0.960000
0.960000
0.960000
0.960000
0.960000
0.960000
0.960000
0.960000
0.960000
0.960000
0.960000
0.960000
0.960000
0.960000
0.960000
0.960000
0.960000
0.960000
0.960000
0.960000
0.960000
0.960000
0.960000
0.960000
0.960000
0.960000
0.960000
0.960000
0.960000
0.960000
0.960000
0.960000
0.960000
0.960000
0.960000
0.960000
0.960000
0.960000
0.960000
0.960000
0.960000
0.960000
0.960000
0.960000
0.960000
0.960000
0.960000
0.960000
0.960000
0.960000
0.960000
0.960000
0.960000
0.960000
0.960000
0.960000
0.960000
0.960000
0.960000
0.960000
0.960000
0.960000
0.960000
0.960000
0.960000
0.960000
0.960000
0.960000
0.960000
0.960000
0.960000
0.960000
0.960000
0.960000
0.960000
0.960000
0.960000
0.960000
0.960000
0.960000
0.960000
0.960000
0.960000
0.960000
0.960000
0.960000
0.960000
0.960000
0.960000
0.960000
0.960000
0.960000
0.960000
0.960000
0.960000
0.960000
0.960000
0.960000
0.960000
0.960000
0.960000
0.960000
0.960000
0.960000
0.960000
0.960000
0.960000
0.960000
0.960000
0.960000
0.960000
0.960000
0.960000
0.960000
0.960000
0.960000
0.960000
0.960000
0.960000
0.960000
0.960000
0.960000
0.960000
0.960000
0.960000
0.960000
0.960000
0.960000
0.960000
0.960000
0.960000
0.960000
0.960000
0.960000
0.960000
0.960000
0.960000
0.960000
0.960000
0.960000
0.960000
0.960000
0.960000
0.960000
0.960000
0.960000
0.960000
0.960000
0.960000
0.960000
0.960000
0.960000
0.960000
0.960000
0.960000
0.960000
0.960000
0.960000
0.960000
0.960000
0.960000
0.960000
0.960000
0.960000
0.960000
0.960000
0.960000
0.960000
0.960000
0.960000
0.960000
0.960000
0.960000
0.960000
0.960000
0.960000
0.960000
0.960000
0.960000
0.960000
0.960000
0.960000
0.960000
0.960000
0.960000
0.960000
0.960000
0.960000
0.960000
0.960000
0.960000
0.960000
0.960000
0.960000
0.960000
0.960000
0.960000
0.960000
0.960000
0.960000
0.960000
0.960000
0.960000
0.960000
0.960000
0.960000
0.961342
0.964409
0.964409
0.964409
0.971310
0.990287
0.994121
0.994121
0.994121
0.994121
0.995271
0.995271
0.995271
0.995271
0.995271
0.995271
0.995271
0.995271
0.995271
0.995271
0.995271
0.995271
0.995271
0.995271
0.995271
0.995271
0.995271
0.995271
0.995271
0.995271
0.993930
0.990863
0.990863
0.990863
0.983962
0.964984
0.961150
0.968818
0.977061
0.985303
0.992588
1.000831
1.009073
1.017316
1.018466
1.018466
1.018466
1.018466
1.018466
1.018466
1.025559
1.030160
1.030160
1.030160
1.030160
1.030160
1.030160
1.030160
1.030160
1.040703
1.041086
1.041086
1.041086
1.042428
1.042428
1.042428
1.042428
1.034760
1.027668
1.019425
1.023642
1.015974
1.007923
0.999680
0.998530
0.998530
0.998530
0.998530
0.998722
0.998722
0.991629
0.997764
0.997764
0.997764
0.997764
0.997764
0.998914
1.000064
1.000064
0.989521
0.989137
0.989137
0.989137
0.989329
0.989329
0.989329
0.989329
0.990671
0.989521
0.989521
0.977061
0.977636
0.977444
0.977444
0.977444
0.978211
0.983195
0.984153
0.985687
0.985687
0.985687
0.974952
0.980895
0.980895
0.980895
0.984728
0.983770
0.983770
0.983770
0.993930
0.997188
0.997188
0.997188
0.995655
1.007348
1.007348
1.007348
1.006006
1.006006
1.006006
1.005815
1.004664
1.004664
1.004664
1.004664
1.003898
0.998914
0.997955
0.996230
0.996230
0.996230
0.996230
0.990287
0.990287
0.990287
0.986454
0.986262
0.985112
0.985495
0.986837
0.983578
0.983578
0.983578
0.983578
0.971885
0.971885
0.971885
0.971885
0.971885
0.971885
0.971885
0.971885
0.971885
0.971885
0.971885
0.971885
0.971885
0.971885
0.971885
0.971885
0.971885
0.971885
0.973035
0.973035
0.973994
0.974760
0.974760
0.974952
0.977444
0.965942
0.965942
0.965942
0.965942
0.965942
0.971118
0.975144
0.975144
0.975144
0.975144
0.975144
0.975144
0.975911
0.988946
0.991821
0.991821
0.992971
0.992971
0.992971
0.999680
1.002364
1.002364
1.002364
1.001214
1.001214
1.000256
0.999489
0.999489
0.999297
0.996422
0.996422
0.996422
0.996422
0.996422
0.996422
0.991246
0.987220
0.987220
0.987220
0.987220
0.987220
0.987220
0.986454
0.973419
0.970543
0.970543
0.969393
0.969393
0.969393
0.962684
0.960000
0.960000
0.960000
0.960000
0.960000
0.960000
0.960000
0.960000
0.960000
0.960000
0.960000
0.962684
0.962684
0.962684
0.962684
0.964792
0.973802
0.976486
0.976486
0.976486
0.976486
0.976486
0.976486
0.983770
0.986262
0.986262
0.986262
0.986262
0.986262
0.986262
0.986262
0.986262
0.986262
0.986262
0.986262
0.986262
0.986262
0.986262
0.986262
0.986262
0.986262
0.983578
0.983578
0.983578
0.983962
0.983003
0.973994
0.971310
0.971310
0.971310
0.971310
0.971310
0.971310
0.964026
0.961534
0.961534
0.961534
0.961534
0.961534
0.961534
0.961534
0.961534
0.961534
0.961534
0.961534
0.961534
0.961534
0.961534
0.961534
0.961534
0.961534
0.961534
0.961534
0.961534
0.961150
0.960000
0.960000
0.960000
0.960000
0.960000
0.960000
0.960000
0.960000
0.960000
0.960000
0.960000
0.960000
0.960000
0.960000
0.960000
0.960000
0.960000
0.960000
0.960000
0.960000
0.960000
0.961342
0.971885
0.971885
0.971885
0.971885
0.971885
0.971885
0.971885
0.971885
0.971885
0.971885
0.971885
0.971885
0.971885
0.971885
0.971885
0.971885
0.971885
0.971885
0.971885
0.971885
0.971885
0.971885
0.971885
0.971885
0.971885
0.971885
0.971885
0.971885
0.971885
0.970543
0.960000
0.962109
0.962300
0.962875
0.962875
0.962875
0.963834
0.963834
0.963834
0.963834
0.963834
0.963834
0.963834
0.963834
0.963834
0.963834
0.963834
0.963834
0.963834
0.963834
0.963834
0.963834
0.963834
0.963834
0.963834
0.963834
0.963834
0.963834
0.968434
0.968434
0.968434
0.966326
0.966134
0.965559
0.965559
0.965559
0.964601
0.964601
0.964601
0.964601
0.964601
0.964601
0.964601
0.964601
0.964601
0.964601
0.964601
0.964601
0.964601
0.964601
0.964601
0.964601
0.964601
0.964601
0.964601
0.964601
0.964601
0.964601
0.960000
0.960000
0.960000
0.960000
0.960000
0.960000
0.960000
0.960000
0.960000
0.960000
0.960000
0.960000
0.960000
0.960000
0.960000
0.960000
0.960000
0.960000
0.960000
0.980703
0.995655
1.010990
1.026134
1.041278
1.056613
1.071757
1.086901
1.102236
1.117572
1.130032
1.130032
1.130032
1.130032
1.130032
1.130032
1.130032
1.130032
1.130032
1.130032
1.130223
1.130223
1.130223
1.130223
1.130223
1.130223
1.130223
1.130223
1.130223
1.130223
1.109520
1.094568
1.079233
1.064089
1.048946
1.035527
1.020383
1.005240
0.989904
0.974569
0.962109
0.962109
0.962109
0.962109
0.962109
0.964026
0.978786
0.993546
1.007923
1.010032
1.012332
1.026709
1.029201
1.029201
1.029201
1.029201
1.029201
1.030543
1.030543
1.031501
1.031501
1.031501
1.031501
1.031501
1.031501
1.029585
1.032268
1.033993
1.036102
1.036869
1.038019
1.048370
1.065623
1.081917
1.097827
1.104345
1.090543
1.079808
1.067923
1.065814
1.066006
1.051629
1.049137
1.049137
1.049137
1.049137
1.049137
1.047795
1.047795
1.046837
1.046837
1.046837
1.046837
1.046837
1.046837
1.046837
1.044153
1.042428
1.040319
1.039553
1.040703
1.033802
1.024217
1.016166
1.002172
0.996805
1.006198
1.004664
1.002172
1.002172
0.999489
0.999489
0.999489
0.999489
0.999489
0.999489
0.999489
0.999489
0.999489
0.999489
0.999872
1.000256
1.000256
1.000256
1.000256
1.000256
1.000256
1.000256
1.000256
1.000256
0.997955
0.996997
0.989329
0.981086
0.979169
0.976102
0.965751
0.963259
0.963259
0.963259
0.965367
0.965367
0.965367
0.965367
0.966901
0.966901
0.966901
0.966901
0.966901
0.968051
0.967668
0.967284
0.967284
0.967284
0.967284
0.967284
0.969393
0.970351
0.971118
0.971310
0.971310
0.968818
0.968818
0.968818
0.968818
0.968818
0.968818
0.971502
0.971502
0.971502
0.969393
0.969968
0.970926
0.972843
0.971310
0.971310
0.971310
0.973994
0.973994
0.972843
0.972843
0.975144
0.987412
0.987412
0.988371
0.988371
0.986262
0.985303
0.984537
0.984345
0.984345
0.984345
0.984345
0.984345
0.984345
0.984345
0.984345
0.983003
0.983195
0.983195
0.983195
0.987412
0.993738
0.992204
0.995080
0.995080
0.995655
0.992971
0.995655
0.995655
0.995655
0.993355
0.981086
0.988179
0.993355
0.993930
0.994888
0.997764
1.000064
1.006965
1.008307
1.008307
1.008307
1.008307
1.008307
1.021150
1.021150
1.020958
1.020767
1.020767
1.020767
1.015974
1.008690
1.008307
1.005431
1.005431
1.004856
1.004856
1.002172
1.002172
1.002172
1.002172
1.002172
0.995080
0.988946
0.988371
0.987412
0.984537
0.982236
0.975335
0.973994
0.973994
0.973994
0.973994
0.973994
0.961150
0.961150
0.960000
0.960000
0.960000
0.960000
0.960000
0.960000
0.960000
0.960000
0.960000
0.960000
0.960000
0.960000
0.960000
0.960000
0.960000
0.960000
0.960000
0.960000
0.960000
0.960000
0.960000
0.960000
0.960000
0.960000
0.960000
0.960000
0.960000
0.960000
0.960000
0.960000
0.960000
0.960000
0.960000
0.960000
0.960000
0.960000
0.960000
0.960000
0.960000
0.960000
0.960000
0.960000
0.960000
0.960000
0.960000
0.960000
0.960000
0.960000
0.960000
0.960000
0.960000
0.960000
0.960000
0.960000
0.960000
0.960000
0.960000
0.960000
0.960000
0.960000
0.960000
0.960000
0.960000
0.960000
0.960000
0.960000
0.960000
0.960000
0.961917
0.964217
0.975527
0.975527
0.976102
0.976102
0.976102
0.976102
0.976102
0.976102
0.976102
0.976102
0.976102
0.978978
0.978978
0.978978
0.978978
0.978978
0.978978
0.978978
0.978978
0.978978
0.978978
0.978978
0.978978
0.978978
0.981661
0.982236
0.982236
0.982236
0.980319
0.978019
0.966709
0.978211
0.977636
0.978211
0.978211
0.980703
0.980703
0.982811
0.983770
0.983770
0.985495
0.982620
0.982620
0.982620
0.983195
0.983195
0.983195
0.983195
0.983195
0.983195
0.983195
0.990096
0.994696
0.994696
0.992013
0.991438
0.991438
0.991438
0.991438
0.991821
1.006965
1.010607
1.025751
1.040319
1.055271
1.067731
1.082683
1.095527
1.109520
1.124664
1.138274
1.153418
1.168562
1.183706
1.198274
1.213226
1.228370
1.243514
1.249840
1.249840
1.249840
1.242939
1.238338
1.238338
1.238338
1.238338
1.252715
1.268626
1.284536
1.300063
1.300830
1.301597
1.302364
1.304280
1.305239
1.306197
1.301022
1.286070
1.278402
1.269392
1.255399
1.240255
1.225111
1.209968
1.194824
1.183131
1.167987
1.152843
1.146517
1.146517
1.146517
1.146517
1.146517
1.146517
1.146517
1.146901
1.132524
1.122172
1.116613
1.110096
1.094185
1.089201
1.090926
1.091310
1.092652
1.093993
1.101469
1.118722
1.130415
1.142108
1.158402
1.177955
1.195782
1.213610
1.235846
1.255015
1.273993
1.291629
1.309456
1.328434
1.346070
1.363897
1.384983
1.415654
1.446133
1.479871
1.518593
1.544280
1.565366
1.590286
1.632650
1.664088
1.689200
1.703193
1.703769
1.704152
1.705877
1.704344
1.685558
1.667730
1.650095
1.634759
1.616932
1.599104
1.577443
1.559615
1.540638
1.532970
1.516868
1.498274
1.486580
1.484664
1.479488
1.468561
1.460510
1.442491
1.419871
1.404728
1.393418
1.375207
1.348945
1.322683
1.296613
1.284920
1.283003
1.281469
1.278594
1.266134
1.270543
1.270543
1.270543
1.266325
1.266325
1.269009
1.269392
1.264792
1.264792
1.254824
1.253098
1.257124
1.264025
1.267667
1.261533
1.241789
1.219361
1.203642
1.198274
1.198083
1.193674
1.193290
1.187540
1.171437
1.154760
1.135016
1.119105
1.105303
1.089201
1.085942
1.081342
1.081342
1.081342
1.081342
1.081342
1.078658
1.077699
1.077699
1.077699
1.077699
1.078466
1.074057
1.061214
1.041661
1.031885
1.031885
1.031885
1.031501
1.020767
1.004856
0.989137
0.973419
0.963067
0.963259
0.963259
0.966518
0.969393
0.967093
0.967093
0.967093
0.967093
0.967093
0.967093
0.967093
0.967093
0.967093
0.967093
0.967093
0.967093
0.967093
0.966326
0.966326
0.966326
0.966326
0.966326
0.966326
0.966326
0.966326
0.966326
0.966326
0.966326
0.966326
0.966326
0.966134
0.966134
0.962875
0.962109
0.962109
0.962109
0.965367
0.973035
0.978211
0.978978
0.978978
0.978978
0.978978
0.978978
0.978978
0.978978
0.978978
0.978978
0.978978
0.978978
0.978978
0.978978
0.978978
0.978978
0.978978
0.978978
0.978978
0.978978
0.978978
0.978978
0.978978
0.978978
0.978978
0.976869
0.976869
0.976869
0.973610
0.965942
0.960767
0.960000
0.960000
0.960000
0.960000
0.960000
0.960000
0.960000
0.960000
0.960000
0.960000
0.960000
0.960000
0.960000
0.960000
0.960000
0.960000
0.960000
0.960000
0.960000
0.960000
0.960000
0.960000
0.960000
0.960000
0.960000
0.960000
0.960000
0.960000
0.960000
0.960000
0.960000
0.960000
0.960000
0.960000
0.960000
0.960000
0.960000
0.960000
0.960000
0.960000
0.960000
0.960000
0.960000
0.960000
0.960000
0.960000
0.960000
0.960000
0.960000
0.960000
0.960000
0.960000
0.960000
0.960000
0.960000
0.960000
0.960000
0.960000
0.960000
0.960192
0.960192
0.960192
0.960192
0.960192
0.960192
0.960192
0.960192
0.960192
0.960192
0.960192
0.960383
0.960383
0.960383
0.960383
0.960383
0.960383
0.960383
0.960383
0.960383
0.960383
0.960383
0.960575
0.960575
0.960575
0.960575
0.960575
0.960575
0.960575
0.960575
0.960383
0.960383
0.960383
0.960383
0.960383
0.960383
0.960383
0.960383
0.960383
0.960383
0.960383
0.960192
0.960192
0.960192
0.960192
0.960192
0.960192
0.960192
0.960383
0.960383
0.960383
0.960383
0.960192
0.960192
0.960192
0.960192
0.960192
0.960192
0.960192
0.960192
0.960192
0.960192
0.960192
0.960383
0.960383
0.960383
0.960383
0.960383
0.960383
0.960383
0.960383
0.960383
0.960383
0.960383
0.960383
0.960383
0.960383
0.960383
0.960192
0.960192
0.960192
0.960192
0.960192
0.960192
0.960192
0.960192
0.960383
0.960383
0.960383
0.960383
0.960383
0.960383
0.960383
0.960192
0.960192
0.960192
0.960192
0.960192
0.960192
0.960192
0.960192
0.960192
0.960192
0.960192
0.960192
0.960192
0.960192
0.960192
0.960192
0.960192
0.960192
0.960192
0.960192
0.960192
0.960192
0.960192
0.960000
0.960000
0.960000
0.960000
0.960000
0.960000
0.960000
0.960000
0.960000
0.960000
0.960000
0.960000
0.960000
0.960000
0.960000
0.960000
0.960000
0.960000
0.960000
0.960000
0.960000
0.960000
0.960000
0.960000
0.960000
0.960000
0.960000
0.960000
0.960000
0.960000
0.960000
0.960000
0.960000
0.960000
0.960000
0.960000
0.960000
0.960000
0.960000
0.960000
0.960000
0.960000
0.960000
0.960000
0.960000
0.960000
0.960000
0.960000
0.960000
0.960000
0.960000
0.960000
0.960000
0.960000
0.960000
0.960000
0.960000
0.960000
0.960000
0.960000
0.960000
0.960000
0.960000
0.960000
0.960000
0.960000
0.960000
0.960000
0.960000
0.960000
0.960000
0.960000
0.960000
0.960000
0.960000
0.960000
0.960000
0.960000
0.960000
0.960000
0.960000
0.960000
0.960000
0.960000
0.960000
0.960000
0.960000
0.960000
0.960000
0.960192
0.960192
0.960192
0.960192
0.960192
0.960192
0.960192
0.960192
0.960192
0.960192
0.960192
0.960192
0.960192
0.960192
0.960192
0.960192
0.960192
0.960192
0.960192
0.960192
0.960192
0.960192
0.960383
0.960383
0.960383
0.960383
0.960383
0.960383
0.960383
0.960383
0.960192
0.960192
0.960192
0.960192
0.960192
0.960192
0.960192
0.960192
0.960192
0.960192
0.960192
0.960192
0.960192
0.960192
0.960192
0.960192
0.960192
0.960192
0.960192
0.960192
0.960192
0.960192
0.960192
0.960192
0.960192
0.960192
0.960192
0.960192
0.960192
0.960192
0.960192
0.960383
0.960383
0.960383
0.960383
0.960383
0.960383
0.960383
0.960383
0.960575
0.960575
0.960575
0.960575
0.960575
0.960575
0.960575
0.960575
0.960575
0.960575
0.960575
0.960575
0.960575
0.960383
0.960383
0.960383
0.960383
0.960383
0.960383
0.960383
0.960383
0.960383
0.960192
0.960192
0.960192
0.960192
0.960192
0.960192
0.960192
0.960192
0.960000
0.960000
0.960192
0.960192
0.960192
0.961150
0.961150
0.961150
0.974952
0.975335
0.975335
0.975335
0.975335
0.999680
1.006390
1.007540
1.020000
1.022875
1.031693
1.040511
1.042811
1.042811
1.042811
1.042811
1.042811
1.042811
1.042811
1.042811
1.042811
1.042811
1.042811
1.042811
1.042620
1.042620
1.042620
1.041661
1.041661
1.041661
1.027859
1.027476
1.027476
1.027476
1.027476
1.003131
0.996422
0.995271
0.982811
0.979936
0.971118
0.962300
0.960000
0.960000
0.961342
0.961342
0.961342
0.961342
0.961342
0.961342
0.961342
0.961342
0.961342
0.961342
0.961342
0.961342
0.961342
0.961342
0.961342
0.961342
0.961342
0.961342
0.961342
0.961342
0.962109
0.962109
0.962109
0.962109
0.962109
0.962109
0.962109
0.963642
0.963642
0.966326
0.965176
0.966901
0.967093
0.967093
0.967093
0.967093
0.967284
0.981086
0.982811
0.982811
0.982811
0.983195
0.984345
0.985303
0.985303
0.985303
0.985303
0.985303
0.985303
0.985303
0.984537
0.987795
0.995463
0.995463
0.995463
0.995463
0.996230
0.994888
0.996230
0.993546
0.994121
0.992396
0.992204
0.992971
0.993546
0.993546
0.994313
0.980511
0.979936
0.979936
0.981470
0.981086
0.979936
0.978978
0.978978
0.979936
0.979936
0.979936
0.979936
0.979936
0.979936
0.976677
0.977252
0.983003
0.983003
0.983003
0.982236
0.982045
0.980703
0.980703
0.979936
0.979936
0.979936
0.979169
0.978594
0.978594
0.977636
0.977636
0.976486
0.976486
0.974952
0.974952
0.974952
0.974952
0.974952
0.973994
0.973994
0.973994
0.973994
0.973994
0.973994
0.973994
0.965751
0.960000
0.971693
0.972652
0.972652
0.972652
0.972652
0.972652
0.972652
0.972652
0.972652
0.972652
0.972652
0.972652
0.972652
0.973035
0.973035
0.978786
0.986645
0.986645
0.986645
0.986645
0.986645
0.986645
0.986645
0.986645
0.986645
0.986645
0.990287
0.999489
0.999489
0.999489
0.987795
0.986837
0.986837
0.986837
0.986837
0.986837
0.986837
0.986837
0.986837
0.986837
0.986837
0.986837
0.986837
0.986454
0.986454
0.980703
0.972843
0.972843
0.972843
0.972843
0.972843
0.972843
0.972843
0.972843
0.972843
0.972843
0.969201
0.960000
0.960000
0.960000
0.960000
0.960000
0.960000
0.961534
0.961534
0.961534
0.961534
0.968626
0.972652
0.978594
0.986454
0.986454
0.987987
0.989137
0.992779
0.995080
0.995463
0.995463
0.995463
0.995463
0.995463
0.995463
0.995463
0.995463
0.995463
0.995463
0.995463
0.995463
0.995463
0.996422
0.998147
1.011949
1.011949
1.021917
1.021917
1.021917
1.021917
1.014824
1.010799
1.004856
0.996997
0.996997
0.995463
0.994313
0.991629
0.989712
0.989329
0.989329
0.989329
0.989329
0.989904
0.989904
0.989904
0.989904
0.989904
0.990479
0.990479
0.990479
0.990479
0.989521
0.987795
0.973994
0.973994
0.965176
0.970735
0.970735
0.970735
0.970735
0.970735
0.970735
0.970735
0.970735
0.970735
0.970735
0.971693
0.980128
0.980703
0.980703
0.980703
0.980703
0.980128
0.980128
0.983962
0.983962
0.996613
1.010415
1.035910
1.051054
1.066773
1.088243
1.103386
1.118722
1.133865
1.146517
1.156102
1.171246
1.186389
1.201725
1.216869
1.232012
1.247156
1.262300
1.277635
1.292971
1.306006
1.299680
1.299105
1.299105
1.299296
1.299296
1.299296
1.299296
1.295463
1.295463
1.282811
1.268434
1.242939
1.227795
1.212076
1.202875
1.187731
1.172396
1.157252
1.141917
1.126773
1.111629
1.096485
1.081150
1.066006
1.050862
1.035719
1.020575
1.005240
0.989904
0.974952
0.974569
0.974569
0.974569
0.974377
0.974377
0.974377
0.977252
0.977252
0.977252
0.977252
0.977252
0.978211
0.986645
0.986837
0.974569
0.974569
0.974569
0.974569
0.974569
0.974569
0.974569
0.974569
0.974569
0.974569
0.974569
0.974569
0.974569
0.974569
0.974569
0.974760
0.972652
0.972652
0.972652
0.972652
0.972652
0.972652
0.969776
0.969776
0.969776
0.971118
0.971118
0.970160
0.961725
0.961534
0.961534
0.961534
0.961534
0.961534
0.961534
0.961534
0.961534
0.961534
0.961534
0.961534
0.961534
0.961534
0.961534
0.961534
0.972652
0.973227
0.973227
0.973227
0.973227
0.973227
0.973227
0.973227
0.973227
0.980703
0.987029
0.985687
0.985687
0.985687
0.985687
0.985687
0.985687
0.985687
0.985687
0.985687
0.985687
0.985687
0.985687
0.985687
0.985687
0.985687
0.985687
0.985687
0.985687
0.985687
0.974569
0.973802
0.973802
0.973802
0.973802
0.973802
0.973802
0.973802
0.973802
0.966326
0.960000
0.960000
0.960000
0.960000
0.960000
0.960000
0.960000
0.960000
0.960000
0.960000
0.960000
0.960000
0.960000
0.960000
0.960000
0.960000
0.960000
0.960000
0.960000
0.960000
0.960000
0.960000
0.960000
0.960000
0.960000
0.960000
0.960000
0.960000
0.960000
0.960000
0.960000
0.960000
0.960000
0.960000
0.960000
0.960000
0.960000
0.960000
0.960000
0.960000
0.960000
0.960000
0.960000
0.960000
0.960000
0.960000
0.960000
0.960000
0.960000
0.960000
0.960000
0.960000
0.960000
0.960000
0.960000
0.960000
0.960000
0.960000
0.960000
0.960000
0.960000
0.960000
0.972843
0.972843
0.972843
0.972843
0.972843
0.972843
0.972843
0.972843
0.972843
0.972843
0.972843
0.974185
0.984345
0.985112
0.985303
0.985303
0.985303
0.985303
0.985303
0.985303
0.985303
0.985303
0.985303
0.985303
0.985303
0.985303
0.985303
0.985303
0.985303
0.985303
0.972460
0.972460
0.972460
0.972460
0.972460
0.972460
0.972460
0.972460
0.972460
0.972460
0.972460
0.971118
0.960958
0.960192
0.960000
0.960000
0.960000
0.960000
0.960000
0.960000
0.960000
0.960000
0.960000
0.960575
0.960958
0.962109
0.962109
0.962109
0.962109
0.962109
0.964409
0.968626
0.976294
0.976294
0.976294
0.976294
0.978211
0.981470
0.981470
0.981470
0.981470
0.981470
0.981470
0.981470
0.981470
0.981470
0.981470
0.981470
0.981470
0.981470
0.981470
0.981470
0.983387
0.982811
0.982428
0.981278
0.981278
0.981278
0.981278
0.981278
0.978978
0.974760
0.967093
0.967093
0.967093
0.967093
0.965176
0.961917
0.961917
0.961917
0.961917
0.961917
0.961917
0.961917
0.961917
0.961917
0.961917
0.961917
0.961917
0.961917
0.961917
0.961917
0.960000
0.960000
0.960000
0.964792
0.973035
0.973035
0.973035
0.973035
0.973035
0.973035
0.973035
0.973035
0.973035
0.973035
0.973035
0.973035
0.973035
0.973035
0.973035
0.973035
0.973035
0.973035
0.973035
0.973035
0.973035
0.973035
0.973035
0.973035
0.973035
0.973035
0.973035
0.973035
0.973035
0.968243
0.960000
0.962300
0.962300
0.962300
0.963834
0.963834
0.963834
0.963834
0.963834
0.966901
0.966901
0.966901
0.966901
0.966901
0.967668
0.967668
0.967668
0.967668
0.967668
0.967668
0.967668
0.967668
0.967668
0.967668
0.967668
0.967668
0.967668
0.967668
0.967668
0.967668
0.967668
0.965367
0.965367
0.965942
0.965751
0.965751
0.965751
0.965751
0.965751
0.962684
0.962684
0.962684
0.962684
0.962684
0.961917
0.961917
0.961917
0.961917
0.961917
0.961917
0.961917
0.961917
0.961917
0.961917
0.961917
0.961917
0.961917
0.961917
0.962492
0.962492
0.962492
0.962492
0.962492
0.961917
0.961725
0.964026
0.964984
0.965751
0.965751
0.965751
0.965751
0.965751
0.965751
0.965751
0.965751
0.965751
0.965751
0.965751
0.965751
0.969010
0.969201
0.969968
0.971502
0.973802
0.973802
0.973802
0.984537
0.986262
0.987604
0.987604
0.987604
0.987604
0.989521
0.989521
0.988371
0.986070
0.985112
0.984345
0.984345
0.984345
0.984345
0.984345
0.984345
0.984345
0.984345
0.984345
0.984345
0.984345
0.984345
0.981086
0.980895
0.981086
0.979553
0.977252
0.977636
0.977636
0.966901
0.965367
0.964026
0.964026
0.964601
0.964984
0.964217
0.964217
0.964217
0.964217
0.964217
0.964217
0.969393
0.976294
0.976294
0.976294
0.976294
0.976294
0.978786
0.978786
0.978786
0.978786
0.978786
0.978786
0.981661
0.987795
0.991821
1.000064
1.000447
1.001981
1.003323
1.005431
1.004856
1.004856
1.004281
1.003898
1.002748
1.006773
1.014057
1.014057
1.014057
1.014249
1.009073
1.002172
1.002172
1.002172
1.002364
1.015399
1.026134
1.026134
1.026134
1.026134
1.026134
1.026134
1.023259
1.016166
1.012140
1.003898
1.003131
1.001597
1.000256
0.997955
0.997955
0.997955
0.997955
0.997955
0.997955
0.993930
0.986645
0.986645
0.986645
0.990096
1.010032
1.012332
1.012332
1.012332
1.012140
0.999105
0.985879
0.985879
0.985879
0.988562
0.988562
0.988562
0.988562
0.988562
0.988562
0.988562
0.988562
0.988562
0.988562
0.988562
0.988562
0.988562
0.988562
0.988562
0.988562
0.988562
0.989329
0.989712
0.989712
0.986070
0.966134
0.963834
0.963834
0.963834
0.963834
0.963834
0.963834
0.963834
0.963834
0.961150
0.961150
0.961150
0.961150
0.961150
0.961150
0.961150
0.961150
0.961150
0.961150
0.961150
0.961150
0.961150
0.967284
0.973994
0.981086
1.000639
1.009840
1.018083
1.032652
1.032652
1.032652
1.032652
1.032652
1.032652
1.032652
1.033610
1.033610
1.033610
1.033610
1.033610
1.033610
1.033610
1.039169
1.047029
1.047029
1.047029
1.047029
1.061597
1.077699
1.093418
1.109329
1.125239
1.134824
1.144025
1.152651
1.136166
1.126198
1.117572
1.103003
1.103003
1.115271
1.129648
1.145367
1.160319
1.175463
1.189648
1.200766
1.200766
1.200766
1.210926
1.212651
1.212651
1.207092
1.199233
1.199233
1.199233
1.199233
1.184664
1.168562
1.154377
1.150351
1.140575
1.124856
1.108945
1.093227
1.090159
1.090159
1.093610
1.093610
1.093610
1.081342
1.066965
1.051246
1.038977
1.028626
1.013482
1.002364
1.002364
1.002364
0.992204
0.990479
0.990479
0.990479
0.990479
0.990479
0.990479
0.990479
0.990479
0.990479
0.988946
0.977061
0.970926
0.970926
0.970926
0.970926
0.970926
0.970926
0.967476
0.967476
0.967476
0.967476
0.967476
0.969968
0.967668
0.971502
0.977444
0.977444
0.977444
0.977444
0.977444
0.977444
0.979553
0.979553
0.979553
0.979553
0.979553
0.979553
0.986454
0.987029
0.987029
0.987029
0.987029
0.987029
0.987029
0.987795
0.987795
0.988562
0.988562
0.988562
0.988562
0.988562
0.988562
0.986070
0.985687
0.977061
0.971118
0.971118
0.971118
0.971118
0.971118
0.971118
0.969010
0.969010
0.969010
0.969010
0.969010
0.969010
0.962109
0.961534
0.961534
0.961534
0.961534
0.961534
0.961534
0.960767
0.960767
0.960000
0.960000
0.960000
0.960000
0.960000
0.960000
0.960000
0.960000
0.960000
0.960000
0.960000
0.960000
0.960000
0.960000
0.960000
0.960000
0.960000
0.960000
0.960000
0.960000
0.960000
0.960000
0.960000
0.960000
0.960000
0.960000
0.960000
0.960000
0.960000
0.960000
0.960000
0.960000
0.960000
0.960000
0.960000
0.960000
0.960000
0.960000
0.960000
0.960000
0.960000
0.960000
0.960000
0.960000
0.960000
0.960000
0.960000
0.960000
0.960000
0.960000
0.960000
0.960000
0.960000
0.960000
0.960000
0.960000
0.960000
0.960000
0.960000
0.960000
0.960000
0.960000
0.960000
0.960000
0.960000
0.960000
0.960000
0.960000
0.960000
0.960000
0.960000
0.960000
0.960000
0.960000
0.960000
0.960000
0.960000
0.960000
0.960000
0.960000
0.960000
0.960000
0.960000
0.960000
0.960000
0.960000
0.960000
0.960000
0.960000
0.960000
0.960000
0.960000
0.960000
0.960000
0.960000
0.960000
0.960000
0.960000
0.960000
0.960000
0.960000
0.960000
0.960000
0.960000
0.960000
0.960000
0.960000
0.960000
0.960000
0.960000
0.960000
0.960000
0.960000
0.960000
0.960000
0.960000
0.960000
0.960192
0.960192
0.960192
0.960192
0.960192
0.960192
0.960192
0.960192
0.960192
0.960192
0.960192
0.960192
0.960192
0.960192
0.960192
0.960192
0.960192
0.960192
0.960192
0.960192
0.960192
0.960192
0.960192
0.960192
0.960192
0.960192
0.960192
0.960192
0.960192
0.960192
0.960000
0.960000
0.960000
0.960000
0.960000
0.960000
0.960000
0.960000
0.960000
0.960000
0.960000
0.960000
0.960000
0.960000
0.960000
0.960000
0.960000
0.960000
0.960000
0.960000
0.960000
0.960000
0.960000
0.960000
0.960000
0.960000
0.960000
0.960000
0.960000
0.960000
0.960000
0.960000
0.960000
0.960000
0.960000
0.960000
0.960000
0.960000
0.960000
0.960000
0.960000
0.960000
0.960000
0.960000
0.960000
0.960000
0.960000
0.960000
0.960000
0.960000
0.960000
0.960000
0.960000
0.960000
0.960000
0.960000
0.960000
0.960000
0.960000
0.960000
0.960000
0.960000
0.960000
0.960000
0.960000
0.960000
0.960000
0.960000
0.960000
0.960000
0.960000
0.960000
0.960000
0.960000
0.960000
0.960000
0.960000
0.960000
0.960000
0.960000
0.960000
0.960000
0.960000
0.960000
0.960000
0.960000
0.960000
0.960000
0.960000
0.960000
0.960000
0.960000
0.960000
0.960000
0.960000
0.960000
0.960000
0.960000
0.960000
0.960000
0.960000
0.960000
0.960000
0.960000
0.960000
0.960000
0.960000
0.960000
0.960000
0.960000
0.960000
0.960000
0.960000
0.960000
0.960000
0.960000
0.960000
0.960000
0.960000
0.960000
0.960000
0.960000
0.960000
0.960000
0.960000
0.960000
0.960000
0.960000
0.960000
0.960000
0.960000
0.960000
0.960000
0.960000
0.960000
0.960000
0.960000
0.960000
0.960000
0.960000
0.960000
0.960000
0.960000
0.960000
0.960000
0.960000
0.960000
0.960000
0.960000
0.960000
0.960000
0.960000
0.960000
0.960000
0.960000
0.960000
0.960000
0.960000
0.960000
0.960000
0.960000
0.960000
0.960000
0.960000
0.960000
0.960000
0.960000
0.960000
0.960000
0.960000
0.960000
0.960000
0.960000
0.960000
0.960000
0.960000
0.960000
0.960000
0.960000
0.960000
0.960000
0.960000
0.960000
0.960000
0.960000
0.960000
0.960000
0.960000
0.960000
0.960000
0.960000
0.960000
0.960000
0.960000
0.960000
0.960000
0.960000
0.960000
0.960000
0.960000
0.960000
0.960000
0.960000
0.960000
0.960000
0.960000
0.960000
0.960000
0.960000
0.960000
0.960000
0.960000
0.960000
0.960000
0.960000
0.960000
0.960000
0.960000
0.960000
0.960000
0.960000
0.960000
0.960000
0.963642
0.980895
0.989329
0.997955
0.999297
1.002939
1.002939
1.002939
1.002939
1.002939
1.002939
1.002939
1.017508
1.022300
1.029585
1.029968
1.032460
1.045112
1.051629
1.059489
1.059489
1.059489
1.059489
1.059489
1.059489
1.059489
1.061597
1.061597
1.061597
1.061597
1.057955
1.040703
1.032268
1.023642
1.022300
1.018658
1.018658
1.018658
1.018658
1.018658
1.018658
1.018658
1.004089
0.999297
0.992013
0.991629
0.989137
0.976486
0.969968
0.962109
0.962109
0.962109
0.962109
0.962109
0.962109
0.962109
0.960000
0.960000
0.960000
0.960000
0.960000
0.960000
0.960000
0.960000
0.960000
0.960000
0.960000
0.960000
0.960000
0.960000
0.960000
0.960000
0.960000
0.960000
0.960000
0.960000
0.960000
0.960000
0.960000
0.960000
0.966518
0.973227
0.973227
0.973227
0.973227
0.973227
0.973227
0.973802
0.973802
0.973802
0.973802
0.975719
0.976294
0.976294
0.976294
0.976294
0.976486
0.977636
0.977636
0.977636
0.977636
0.977636
0.977636
0.978403
0.978403
0.978978
0.982620
0.986262
0.995080
0.995080
0.990287
0.983578
0.983578
0.983578
0.985303
0.985303
0.985303
0.984728
0.984728
0.986070
0.986070
0.984153
0.983578
0.983578
0.984728
0.985112
0.984920
0.983770
0.984537
0.987412
0.987412
0.987412
0.987412
0.986645
0.988371
0.987795
0.984153
0.980511
0.971693
0.971693
0.969968
0.969968
0.969968
0.969968
0.968243
0.968243
0.968243
0.968243
0.968243
0.966901
0.966901
0.966901
0.966901
0.966901
0.970351
0.969968
0.970926
0.972843
0.972077
0.969201
0.969201
0.969201
0.969201
0.969585
0.977636
0.980895
0.982620
0.986262
1.000256
1.007156
1.008882
1.008882
1.029009
1.029009
1.029009
1.029009
1.029009
1.029009
1.029009
1.029009
1.029009
1.029009
1.029009
1.029009
1.024409
1.024409
1.023450
1.021533
1.023067
1.023067
1.023067
1.023067
1.023067
1.022684
1.013674
1.010415
1.009840
1.006198
0.992204
0.985303
0.983578
0.998722
0.978786
0.979361
0.979361
0.979361
0.980703
0.980703
0.980703
0.980703
0.980703
0.980703
0.980703
0.980703
0.980703
0.980703
0.981661
0.986262
0.985112
0.985112
0.987604
0.989712
0.989712
0.989712
0.988946
0.988946
0.987795
0.987795
0.987795
0.987795
0.987795
0.972652
0.972460
0.971885
0.971885
0.971885
0.970543
0.970543
0.970543
0.970543
0.970543
0.970543
0.970543
0.970543
0.970543
0.970543
0.969585
0.964984
0.964601
0.964601
0.962109
0.960000
0.960000
0.960000
0.960000
0.960000
0.960000
0.960000
0.960000
0.960000
0.960000
0.960000
0.960000
0.960000
0.960000
0.960000
0.960000
0.960000
0.960000
0.960000
0.960000
0.960000
0.960000
0.960000
0.960000
0.960000
0.960000
0.960000
0.960000
0.960000
0.960000
0.960000
0.960000
0.960000
0.960000
0.960000
0.960000
0.960000
0.960000
0.960000
0.960000
0.960000
0.960000
0.960000
0.960000
0.960000
0.960000
0.960000
0.960000
0.960000
0.960000
0.960000
0.964984
0.964984
0.964984
0.964984
0.964984
0.964984
0.964984
0.964984
0.964984
0.965176
0.965176
0.965176
0.965176
0.965176
0.970926
0.989329
0.989521
0.989521
0.989521
0.990671
0.990671
0.990671
0.993355
1.007732
1.022109
1.036485
1.050862
1.065239
1.079616
1.093993
1.103386
1.117572
1.128690
1.128690
1.128690
1.128690
1.138083
1.140766
1.148051
1.168179
1.182939
1.197891
1.213035
1.228178
1.229904
1.211501
1.211309
1.211309
1.211309
1.210159
1.210159
1.210159
1.207476
1.193099
1.178722
1.164345
1.149968
1.135591
1.121214
1.106837
1.092460
1.078275
1.067156
1.067156
1.067156
1.067156
1.057763
1.055080
1.047795
1.027476
1.012716
0.997764
0.982620
0.967476
0.960383
0.972843
0.973035
0.973035
0.973035
0.973035
0.973035
0.973035
0.973035
0.973035
0.973035
0.973035
0.973035
0.973035
0.973035
0.973035
0.973035
0.973035
0.973035
0.973035
0.973035
0.973035
0.973035
0.973035
0.973035
0.973035
0.973035
0.973035
0.973035
0.973035
0.972652
0.963259
0.963067
0.965367
0.965367
0.966901
0.967476
0.967476
0.967476
0.970351
0.970351
0.970351
0.970351
0.974569
0.974569
0.974569
0.974569
0.979553
0.979553
0.979553
0.980128
0.980128
0.980128
0.980128
0.980128
0.980128
0.980128
0.980128
0.980128
0.980128
0.980128
0.977061
0.977061
0.974760
0.974760
0.973227
0.972652
0.972652
0.972652
0.969776
0.969776
0.969776
0.969776
0.965559
0.965559
0.965559
0.965559
0.960575
0.960575
0.960575
0.960000
0.960000
0.960000
0.960000
0.960000
0.960000
0.960000
0.960000
0.960000
0.960000
0.960000
0.960000
0.960000
0.960000
0.960000
0.960000
0.960000
0.960000
0.960000
0.960000
0.960000
0.960000
0.960000
0.960000
0.960000
0.960000
0.960000
0.960000
0.960000
0.960000
0.960000
0.960000
0.960575
0.970160
0.976869
0.976869
0.976869
0.976869
0.976869
0.976869
0.981853
0.990287
0.990287
0.990287
0.990287
0.990287
0.990287
0.990287
0.990287
0.990287
0.990287
0.990287
1.003131
1.003898
1.003898
1.003898
1.003898
1.003898
1.003898
1.003898
1.003898
1.005048
1.004473
0.994888
0.988179
0.988179
0.988179
0.988179
0.988179
0.988179
0.983195
0.974760
0.974760
0.974760
0.974760
0.975527
0.976102
0.976102
0.976102
0.980895
0.980895
0.980895
0.968051
0.967284
0.967476
0.967859
0.967859
0.967859
0.967859
0.968818
0.968818
0.967668
0.967668
0.967668
0.968243
0.969585
0.969585
0.969585
0.969585
0.969585
0.969585
0.969585
0.969585
0.969585
0.973610
0.972843
0.972268
0.972268
0.972268
0.967476
0.967476
0.967476
0.967476
0.967476
0.967284
0.966901
0.966901
0.966901
0.967668
0.966709
0.966709
0.966709
0.966709
0.966709
0.966134
0.964792
0.964792
0.964792
0.964792
0.964792
0.964792
0.964792
0.964792
0.964792
0.960767
0.960767
0.960767
0.960767
0.960767
0.960767
0.960767
0.960767
0.960767
0.960958
0.960958
0.960958
0.960958
0.960958
0.960192
0.960192
0.960192
0.960192
0.960192
0.960192
0.960192
0.960192
0.960192
0.960192
0.960192
0.960192
0.960192
0.960192
0.960192
0.960192
0.960192
0.960192
0.960192
0.960192
0.960192
0.960192
0.960192
0.960383
0.960383
0.960192
0.960192
0.960192
0.960192
0.960192
0.960192
0.960192
0.960192
0.960192
0.960192
0.960192
0.960192
0.960192
0.960192
0.960192
0.960192
0.960192
0.960192
0.960192
0.960192
0.960192
0.961917
0.970351
0.973610
0.973610
0.973610
0.973610
0.973610
0.973419
0.973419
0.973419
0.973419
0.973419
0.973419
0.973419
0.973419
0.973419
0.973419
0.973419
0.973419
0.973419
0.973419
0.973419
0.973419
0.973419
0.973419
0.973419
0.973419
0.973419
0.973419
0.973419
0.971693
0.963259
0.960000
0.960000
0.960000
0.960000
0.960000
0.960000
0.960000
0.960575
0.960575
0.960575
0.960575
0.960575
0.960575
0.960575
0.960575
0.960575
0.960575
0.960575
0.960575
0.960575
0.960575
0.960575
0.960575
0.960575
0.960575
0.960575
0.960575
0.973035
0.973419
0.973419
0.973419
0.973419
0.986645
0.986645
0.986645
0.986645
0.986645
0.986070
0.986070
0.986070
0.986070
0.986070
0.986070
0.986070
0.986070
0.986070
0.986070
0.986070
0.986070
0.986070
0.986070
0.986070
0.986070
0.986070
0.986070
0.986070
0.986070
0.973610
0.973227
0.973227
0.973227
0.973227
0.960000
0.960000
0.960000
0.960000
0.960000
0.960000
0.960000
0.960000
0.960000
0.960000
0.960000
0.960000
0.960000
0.960000
0.960000
0.960000
0.960000
0.960000
0.960000
0.960000
0.960000
0.960000
0.960000
0.960000
0.960000
0.960000
0.960000
0.960000
0.960000
0.960000
0.960000
0.960000
0.960000
0.960000
0.960000
0.960000
0.960000
0.960000
0.960000
0.960000
0.960000
0.960000
0.960000
0.960000
0.960000
0.960000
0.960000
0.960000
0.960000
0.960000
0.960000
0.960000
0.960000
0.960000
0.960000
0.964409
0.964409
0.964409
0.964409
0.964409
0.964409
0.964409
0.964409
0.964409
0.964409
0.964409
0.964409
0.964409
0.964409
0.964409
0.964409
0.964409
0.964409
0.964409
0.964409
0.964601
0.964601
0.964601
0.964601
0.964601
0.964601
0.964601
0.964601
0.964601
0.964601
0.960192
0.960192
0.960192
0.960192
0.960192
0.960192
0.960192
0.960192
0.960192
0.960192
0.960192
0.960192
0.960192
0.960192
0.960192
0.960192
0.960192
0.961150
0.961150
0.964984
0.964792
0.977061
0.977061
0.977061
0.977061
0.977061
0.977061
0.977061
0.977061
0.977061
0.977061
0.977061
0.977061
0.977061
0.977061
0.977827
0.979553
0.979553
0.979553
0.982428
0.982428
0.982428
0.982428
0.982428
0.982428
0.982811
0.983003
0.982045
0.982045
0.978211
0.978211
0.965942
0.965942
0.965942
0.965942
0.965942
0.965942
0.965942
0.965942
0.965942
0.965942
0.965942
0.965942
0.965942
0.965942
0.965176
0.963450
0.963450
0.963450
0.964217
0.969393
0.974760
0.974760
0.974760
0.974760
0.974377
0.974185
0.974185
0.974185
0.974185
0.974185
0.974185
0.974185
0.974185
0.974185
0.974185
0.974185
0.974185
0.974185
0.975719
0.975719
0.975719
0.975719
0.975719
0.975719
0.975719
0.987604
0.987604
0.987604
0.987412
0.999297
1.006965
1.023642
1.036102
1.036102
1.036102
1.036102
1.049904
1.049904
1.049904
1.049904
1.049904
1.049904
1.049904
1.051054
1.051054
1.051629
1.053354
1.053546
1.052013
1.052013
1.052013
1.052013
1.052013
1.066581
1.068690
1.056805
1.056805
1.056805
1.053930
1.036869
1.023834
1.007156
0.994696
0.994696
0.994696
0.994696
0.980895
0.980895
0.980895
0.980895
0.985303
0.991054
0.999297
1.000256
1.000831
1.000256
0.998530
0.998339
0.998339
0.998339
0.998339
0.998339
0.998339
0.983770
0.981661
0.981661
0.981661
0.982045
0.981853
0.981853
0.982811
0.984153
0.984345
0.984345
0.985495
0.985495
0.985495
0.985495
0.985495
0.985495
0.981086
0.975335
0.967093
0.964984
0.964409
0.964409
0.964409
0.964409
0.964409
0.964409
0.964409
0.966709
0.973610
0.981470
0.986454
0.987220
0.987220
0.986837
0.986454
0.986454
0.985495
0.984153
0.983962
0.983962
0.982811
0.982811
0.982811
0.982811
0.983195
0.983195
0.983195
0.983195
0.983195
0.983195
0.983195
0.983195
0.984920
0.984920
0.985495
0.987029
0.987029
0.994313
0.993930
0.986070
0.981086
0.980319
0.980319
0.980319
0.980319
0.980319
0.980319
0.980319
0.980319
0.980319
0.994888
1.010799
1.026709
1.042428
1.057955
1.073674
1.089584
1.104920
1.105112
1.105112
1.105112
1.105112
1.112204
1.117955
1.117380
1.115846
1.118530
1.117380
1.112971
1.129648
1.139616
1.142108
1.143258
1.143642
1.143642
1.143642
1.143642
1.143642
1.143642
1.143642
1.129073
1.113163
1.097252
1.081533
1.065623
1.049904
1.035527
1.020383
1.020192
1.022875
1.032843
1.036485
1.029585
1.023834
1.023834
1.024025
1.021342
1.012907
1.010799
0.995463
0.985879
0.983387
0.982236
0.981853
0.981853
0.981853
0.981853
0.981853
0.981853
0.981853
0.981853
0.981853
0.981853
0.981853
0.981853
0.981853
0.980319
0.980128
0.980128
0.977444
0.967476
0.963834
0.961917
0.961917
0.961917
0.961725
0.961725
0.961725
0.961725
0.960383
0.960000
0.960000
0.960000
0.960000
0.960000
0.960000
0.960000
0.960000
0.960000
0.960000
0.960000
0.960000
0.960000
0.960000
0.960575
0.972268
0.974185
0.974185
0.974185
0.974185
0.974185
0.974185
0.974185
0.974185
0.974185
0.974185
0.974185
0.974185
0.974185
0.974185
0.974185
0.974185
0.978211
0.978211
0.978211
0.978211
0.978211
0.978211
0.978211
0.978211
0.978211
0.978211
0.978211
0.978211
0.977636
0.965942
0.964026
0.964026
0.964026
0.964026
0.964026
0.964026
0.964026
0.964026
0.964026
0.964026
0.964026
0.964026
0.964026
0.964026
0.964026
0.964026
0.960000
0.960000
0.960000
0.960000
0.960000
0.960000
0.960000
0.964217
0.964217
0.964217
0.964217
0.964217
0.964217
0.964217
0.964217
0.964217
0.964217
0.964217
0.964217
0.964217
0.964217
0.964217
0.964217
0.964217
0.964217
0.964217
0.964217
0.964217
0.964217
0.964217
0.964217
0.964217
0.964217
0.964217
0.964217
0.964217
0.964217
0.960000
0.960000
0.960000
0.960000
0.960000
0.960000
0.960000
0.960000
0.960000
0.960000
0.960000
0.960000
0.960000
0.960000
0.960000
0.960000
0.960000
0.960000
0.960000
0.960000
0.960000
0.960000
0.960000
0.960000
0.960000
0.960000
0.960000
0.960000
0.960000
0.960192
0.964026
0.964026
0.964026
0.964026
0.964026
0.964026
0.964026
0.964026
0.964026
0.964026
0.964026
0.964026
0.964026
0.964026
0.964026
0.964026
0.964026
0.964026
0.964026
0.964026
0.964026
0.964026
0.964026
0.964026
0.964026
0.964026
0.964026
0.964026
0.964026
0.963834
0.960000
0.960000
0.960000
0.960000
0.960000
0.960000
0.960000
0.960000
0.960000
0.960000
0.960000
0.960000
0.960000
0.960000
0.960000
0.960000
0.960000
0.960000
0.960000
0.960000
0.960000
0.960000
0.960000
0.960000
0.960000
0.960000
0.960000
0.960000
0.960000
0.960000
0.960000
0.960000
0.960000
0.960000
0.960000
0.960000
0.960000
0.960000
0.960000
0.960000
0.960000
0.960000
0.960000
0.960000
0.960000
0.960000
0.960000
0.960000
0.960000
0.960000
0.960000
0.960000
0.960000
0.960000
0.960000
0.960000
0.960000
0.960000
0.960000
0.960000
0.960000
0.960000
0.960000
0.960000
0.960000
0.960000
0.960000
0.960000
0.960000
0.960000
0.960000
0.960000
0.960000
0.960000
0.960000
0.960000
0.964217
0.964217
0.964217
0.964217
0.964217
0.964217
0.964217
0.964217
0.964217
0.964217
0.964217
0.964217
0.964217
0.964217
0.964217
0.964217
0.964217
0.964217
0.964217
0.964217
0.964217
0.964217
0.964217
0.964217
0.964217
0.964217
0.964217
0.964217
0.964217
0.964217
0.960000
0.960000
0.960000
0.960000
0.960000
0.960000
0.960000
0.960000
0.960000
0.960000
0.960000
0.960000
0.960000
0.960000
0.960000
0.960000
0.960000
0.960000
0.960000
0.960000
0.960000
0.960000
0.960000
0.960000
0.960000
0.960000
0.960000
0.960000
0.960000
0.960000
0.960000
0.960000
0.960000
0.960000
0.960000
0.960000
0.960000
0.960000
0.960000
0.960000
0.960000
0.960000
0.960000
0.960000
0.960000
0.960000
0.960000
0.960000
0.960000
0.960000
0.960000
0.960000
0.960000
0.960000
0.960000
0.960000
0.960000
0.960000
0.960000
0.960000
0.960000
0.960000
0.960000
0.960000
0.960000
0.960000
0.960000
0.960000
0.960000
0.960000
0.960000
0.960000
0.960000
0.960000
0.960000
0.960000
0.960000
0.960000
0.960000
0.960000
0.960000
0.960000
0.960000
0.960000
0.960000
0.960000
0.960000
0.960000
0.960000
0.960000
0.960000
0.960000
0.960000
0.960000
0.960000
0.960000
0.960000
0.960000
0.960000
0.960000
0.960000
0.960000
0.960000
0.960575
0.960575
0.971118
0.973227
0.973227
0.973227
0.973227
0.973227
0.973227
0.974377
0.985303
0.986837
0.986837
0.986837
0.986837
0.986837
0.986837
0.986837
0.986837
0.986837
0.986837
0.986837
0.986837
0.986837
0.986837
0.986837
0.986837
0.986837
0.986837
0.986837
0.986262
0.986262
0.975719
0.973610
0.973610
0.973610
0.973610
0.973610
0.973610
0.972460
0.961534
0.960000
0.960000
0.960000
0.960000
0.960000
0.960000
0.960000
0.960000
0.960000
0.960000
0.960000
0.960000
0.960000
0.960000
0.960000
0.960000
0.960000
0.960000
0.960000
0.960000
0.960383
0.973994
0.974185
0.974185
0.974185
0.974185
0.974185
0.974185
0.974185
0.974185
0.974185
0.974185
0.984920
0.984920
0.984920
0.984920
0.984920
0.984920
0.984920
0.984920
0.984920
0.984920
0.984920
0.984920
0.984920
0.984920
0.984920
0.984920
0.984920
0.984920
0.984537
0.970926
0.970735
0.970735
0.970735
0.970735
0.970735
0.970735
0.970735
0.970735
0.970735
0.970735
0.960000
0.960000
0.960000
0.960000
0.960000
0.971118
0.976869
0.977061
0.983770
0.985303
0.985687
0.985687
0.985687
0.985687
0.985687
0.985687
0.985687
0.985687
0.985687
0.985687
0.985687
0.985687
0.985687
0.985687
0.985687
0.996613
1.000831
1.000831
1.013099
1.020575
1.020575
1.021533
1.022300
1.022684
1.027668
1.016549
1.014057
1.013866
1.007923
1.008882
1.015208
1.017891
1.017891
1.020958
1.020958
1.023259
1.024217
1.024217
1.024217
1.024217
1.024217
1.024217
1.024217
1.024217
1.024217
1.013291
1.009073
1.009073
0.996805
0.989329
0.989329
0.989904
1.000447
1.000447
0.995847
0.995847
1.001789
1.007156
1.007156
1.005431
1.000831
0.998147
0.998147
0.995080
1.001789
1.007732
1.006773
1.006773
1.006773
1.006773
1.006773
1.006773
1.006773
1.006773
1.006773
1.006773
1.007156
1.007156
1.007732
1.007732
1.009840
1.009648
0.998339
0.998722
0.998339
0.998339
0.989137
0.984345
0.983578
0.985687
0.987795
0.997764
0.999105
0.999105
0.992396
0.984153
0.993546
0.998147
0.998147
0.998147
0.998147
0.998147
0.998147
0.998722
1.002556
1.004281
1.005815
1.010799
1.014441
1.016549
1.015591
1.014441
1.016166
1.017508
1.017508
1.018275
1.018275
1.017700
1.017700
1.014824
1.023450
1.014249
1.013866
1.014057
1.014057
1.014057
1.004664
1.000064
1.000064
1.001022
1.001981
1.014824
1.019233
1.018658
1.014824
1.013099
1.011182
1.006198
1.005048
1.004281
1.003131
1.009457
1.008882
1.006773
1.008307
1.016549
1.018658
1.019233
1.019233
1.024601
1.018083
1.017316
1.022684
1.039361
1.055080
1.072907
1.089584
1.105495
1.121405
1.136357
1.151310
1.154377
1.165878
1.181597
1.200766
1.217252
1.233162
1.249265
1.261916
1.274951
1.274951
1.268434
1.267284
1.267284
1.265750
1.256741
1.254632
1.264217
1.267475
1.262491
1.267284
1.267284
1.260958
1.244089
1.228370
1.210543
1.193865
1.177955
1.163195
1.148818
1.134249
1.120830
1.106645
1.090926
1.071757
1.070990
1.069840
1.068115
1.065239
1.050862
1.057955
1.073674
1.079425
1.079425
1.079425
1.079425
1.079425
1.069265
1.066006
1.065623
1.054505
1.054505
1.054505
1.054505
1.055655
1.055846
1.058338
1.058338
1.057188
1.055655
1.058338
1.070990
1.087476
1.103386
1.119297
1.104536
1.089776
1.075399
1.062556
1.064473
1.058147
1.042811
1.047795
1.053354
1.053354
1.053354
1.053354
1.053354
1.053354
1.053354
1.053354
1.053354
1.053354
1.053354
1.052204
1.052013
1.049521
1.049521
1.049521
1.052971
1.048946
1.045303
1.027093
1.011182
0.995271
0.994313
0.994313
0.994696
0.995463
0.993546
0.992779
0.992396
0.981661
0.976102
0.976102
0.976102
0.976102
0.976102
0.976102
0.976102
0.976102
0.976102
0.976677
0.976677
0.976677
0.976677
0.976677
0.976677
0.976677
0.973227
0.973227
0.962300
0.962300
0.962300
0.962300
0.962300
0.962300
0.961917
0.961150
0.961150
0.961150
0.963834
0.963834
0.964792
0.968051
0.969010
0.969010
0.969010
0.969010
0.969010
0.969010
0.969010
0.968434
0.968434
0.968434
0.968434
0.968434
0.968434
0.968434
0.968434
0.968434
0.967859
0.967859
0.967859
0.969010
0.969010
0.969010
0.969010
0.980511
0.995463
1.010607
1.020000
1.020000
1.019041
1.015783
1.014824
1.014824
1.014824
1.016933
1.018466
1.018850
1.018850
1.018850
1.018850
1.018850
1.027476
1.034760
1.034760
1.034760
1.034760
1.035719
1.035719
1.035719
1.035719
1.035910
1.040128
1.042045
1.044728
1.033610
1.018658
1.005048
0.998914
0.998914
0.999872
0.999872
0.999872
0.999872
0.999872
0.997764
0.996230
0.995847
0.995847
0.995847
0.995847
0.995847
0.987220
0.979936
0.979936
0.979936
0.981853
0.980895
0.980895
0.980895
0.980895
0.985495
0.997188
1.011182
1.024217
1.036677
1.036677
1.035144
1.029201
1.029201
1.030926
1.030926
1.030926
1.030926
1.030926
1.030926
1.030926
1.030926
1.030926
1.046645
1.046837
1.046837
1.046837
1.046837
1.046837
1.047412
1.045495
1.045495
1.045495
1.045495
1.045495
1.039553
1.023642
1.007732
0.992013
0.979169
0.979169
0.979169
0.979169
0.979169
0.976486
0.976486
0.976486
0.976486
0.976486
0.976486
0.976486
0.976486
0.976486
0.974377
0.974185
0.988179
1.002748
1.015783
1.015783
1.015208
1.015208
1.015208
1.015208
1.026326
1.026326
1.026326
1.026326
1.027859
1.043003
1.057955
1.072907
1.083642
1.083642
1.083642
1.091501
1.096677
1.096677
1.096677
1.096677
1.096677
1.096677
1.096677
1.096677
1.083067
1.083067
1.080383
1.068307
1.060255
1.062556
1.062556
1.062556
1.062556
1.062556
1.051821
1.051821
1.051821
1.051821
1.050287
1.035144
1.020192
1.005240
0.994505
0.994505
1.002556
1.001022
0.995847
0.995847
0.995847
0.995847
0.995847
0.995847
0.995847
0.995847
0.995847
0.995847
0.984537
0.982811
0.977827
0.975527
0.978211
0.978211
0.978211
0.978211
0.977827
0.980895
0.996613
1.012524
1.028243
1.044153
1.045495
1.045495
1.045495
1.045495
1.039936
1.033802
1.033802
1.033802
1.033802
1.033802
1.033802
1.033802
1.033802
1.033802
1.033802
1.033802
1.033802
1.033035
1.033035
1.033035
1.030351
1.030351
1.030351
1.030351
1.030351
1.027859
1.012140
0.996230
0.980511
0.964601
0.963259
0.963259
0.963259
0.963259
0.960767
0.960575
0.960575
0.960575
0.960575
0.960575
0.960575
0.960575
0.960575
0.960575
0.960575
0.960575
0.960575
0.960575
0.960575
0.960575
0.960575
0.960575
0.960575
0.960575
0.971885
0.971502
0.971502
0.971502
0.971502
0.971502
0.971502
0.971502
0.971502
0.971502
0.971502
0.971502
0.971502
0.971502
0.971502
0.971502
0.971502
0.971502
0.971502
0.971502
0.971502
0.971502
0.971502
0.971502
0.971502
0.971502
0.971502
0.971502
0.971502
0.971502
0.960192
0.960000
0.960000
0.960000
0.960000
0.960000
0.960000
0.960000
0.960000
0.960000
0.960000
0.960000
0.960000
0.960000
0.960000
0.960000
0.960000
0.960000
0.960000
0.960000
0.960000
0.960000
0.971885
0.971885
0.971885
0.971885
0.972843
0.972843
0.972843
0.972843
0.972843
0.975144
0.975719
0.975719
0.975719
0.975719
0.975719
0.975719
0.975719
0.975719
0.978211
0.979553
0.992779
0.992779
0.992779
0.994313
0.994313
0.994313
0.996997
1.011757
1.028051
1.044345
1.057188
1.072524
1.092268
1.095910
1.094952
1.095335
1.105112
1.108562
1.108754
1.107412
1.116997
1.119489
1.122364
1.123322
1.123322
1.126198
1.126965
1.129265
1.139808
1.138466
1.125814
1.125814
1.125814
1.124281
1.124281
1.124281
1.121597
1.106837
1.090543
1.077124
1.052588
1.038594
1.023450
1.019808
1.020767
1.021342
1.014249
1.012716
1.012907
1.015208
1.005048
1.002556
0.999680
0.998722
0.998722
1.004473
1.006773
1.004856
0.994121
0.994121
0.993546
0.993546
0.993546
0.993546
0.993546
0.993546
0.993546
0.993546
0.993546
0.990671
0.990479
0.989137
0.984537
0.984537
0.983578
0.982620
0.983387
0.996230
1.010415
1.020000
1.020000
1.025942
1.029776
1.029776
1.029776
1.034760
1.031693
1.031310
1.029009
1.029009
1.029009
1.029009
1.029009
1.029009
1.030351
1.030543
1.035527
1.035527
1.035527
1.035527
1.035527
1.045303
1.061214
1.077124
1.086901
1.086901
1.083450
1.068690
1.054121
1.043962
1.043962
1.038019
1.034185
1.034185
1.034185
1.020575
1.020575
1.020575
1.020575
1.020575
1.020575
1.020575
1.020575
1.020575
1.019233
1.019041
1.014057
1.014057
1.014057
1.014057
1.014057
1.004281
0.991246
0.975335
0.965559
0.965559
0.965559
0.965559
0.965559
0.962875
0.962875
0.962875
0.962875
0.962875
0.962875
0.962875
0.962875
0.962875
0.965176
0.969585
0.973994
0.973994
0.973994
0.973994
0.973994
0.973994
0.973994
0.973994
0.973994
0.973994
0.973994
0.973994
0.971118
0.971118
0.971118
0.971118
0.971118
0.971118
0.971118
0.971118
0.971118
0.971118
0.971118
0.971118
0.971118
0.971118
0.971118
0.971118
0.968818
0.964409
0.960000
0.960000
0.960000
0.960000
0.960000
0.960000
0.960192
0.960192
0.960192
0.960192
0.960192
0.960192
0.960192
0.960192
0.960192
0.960192
0.960192
0.960192
0.960192
0.960192
0.960192
0.960192
0.960192
0.960192
0.960192
0.966518
0.973035
0.973035
0.973035
0.973035
0.973035
0.973035
0.973035
0.973035
0.973035
0.973035
0.972843
0.972843
0.972843
0.972843
0.972843
0.972843
0.972843
0.972843
0.973994
0.978019
0.987795
0.987795
0.987795
0.987795
0.987795
0.987795
0.987795
0.987795
0.987795
0.981470
0.974952
0.974952
0.974952
0.974952
0.974952
0.974952
0.974952
0.974952
0.974952
0.974952
0.974952
0.974952
0.974952
0.974952
0.974952
0.974952
0.974952
0.974952
0.973802
0.969776
0.960000
0.960000
0.960000
0.960000
0.960000
0.960000
0.960000
0.960000
0.960000
0.960000
0.960000
0.960000
0.960000
0.960000
0.960000
0.960000
0.960000
0.960000
0.960000
0.960000
0.960000
0.960000
0.960000
0.960000
0.960000
0.960000
0.960000
0.960000
0.960000
0.960000
0.960000
0.960000
0.960000
0.960000
0.964217
0.964217
0.964217
0.964217
0.964217
0.964217
0.964217
0.964217
0.964217
0.964217
0.977636
0.977636
0.977827
0.978403
0.991629
0.993163
0.995847
0.997083
0.998407
0.999830
1.001361
1.003016
1.004808
1.006756
1.008882
1.011209
1.013770
1.016600
1.019744
1.023259
1.019305
