0.960000
0.960000
0.960000
0.960000
0.960000
0.960000
0.960000
0.960000
0.960000
0.960000
0.960000
0.960000
0.960000
0.960000
0.960000
0.960000
0.960000
0.960000
0.960000
0.960000
0.960000
0.960000
0.960000
0.960000
0.960000
0.960000
0.960000
0.960000
0.960000
0.960000
0.960000
0.960000
0.960000
0.960000
0.960000
0.960000
0.960000
0.960000
0.960000
0.960000
0.960000
0.960000
0.960000
0.960000
0.960000
0.960000
0.960000
0.960000
0.960000
0.960000
0.960000
0.960000
0.960000
0.960000
0.960000
0.960000
0.960000
0.960000
0.960000
0.960000
0.960000
0.960000
0.960000
0.960000
0.960000
0.960000
0.960000
0.960000
0.960000
0.960000
0.960000
0.960000
0.960000
0.960236
0.960236
0.960236
0.960236
0.960236
0.960236
0.960236
0.960236
0.960236
0.960236
0.960236
0.960236
0.960236
0.960236
0.960236
0.960236
0.960236
0.960236
0.960236
0.960236
0.960236
0.960236
0.960236
0.960236
0.960236
0.960236
0.960236
0.960236
0.960236
0.960236
0.960000
0.960000
0.960000
0.960000
0.960000
0.960000
0.960000
0.960000
0.960000
0.960000
0.960000
0.960000
0.960000
0.960000
0.960000
0.960000
0.960000
0.960000
0.960000
0.960000
0.960000
0.960000
0.960000
0.960000
0.960000
0.960000
0.960000
0.960000
0.960000
0.960000
0.960000
0.960000
0.960000
0.960000
0.960000
0.960000
0.960000
0.960000
0.960000
0.960000
0.960000
0.960000
0.960000
0.960000
0.960000
0.960000
0.960000
0.960000
0.960000
0.960000
0.960000
0.960000
0.960000
0.960000
0.960000
0.960000
0.960000
0.960000
0.960000
0.960000
0.960000
0.960000
0.960000
0.960000
0.960000
0.960000
0.960000
0.960000
0.960000
0.960000
0.960000
0.960000
0.960000
0.960000
0.960000
0.960000
0.960000
0.960000
0.960000
0.960000
0.960000
0.960000
0.960000
0.960000
0.960000
0.960000
0.960000
0.960000
0.960000
0.960000
0.960000
0.960000
0.960000
0.960000
0.960000
0.960000
0.960000
0.960000
0.960000
0.960000
0.960000
0.960000
0.960000
0.960000
0.960000
0.960000
0.960000
0.960000
0.960000
0.960000
0.960000
0.960000
0.960000
0.960000
0.960000
0.960000
0.960000
0.960000
0.960000
0.960000
0.960000
0.960000
0.960000
0.960000
0.960000
0.960000
0.960000
0.960000
0.960000
0.960000
0.960000
0.960000
0.960000
0.960000
0.960000
0.960000
0.960000
0.960000
0.960000
0.960000
0.960000
0.960000
0.960000
0.960000
0.960000
0.960000
0.960000
0.960000
0.960000
0.960000
0.960000
0.960000
0.960000
0.960000
0.960000
0.960000
0.960000
0.960000
0.960000
0.960000
0.960000
0.960000
0.960000
0.960000
0.960000
0.960000
0.960000
0.960000
0.960000
0.960000
0.960000
0.960000
0.960000
0.960000
0.960000
0.960000
0.960000
0.960000
0.960000
0.960000
0.960000
0.960000
0.960000
0.960000
0.960000
0.960000
0.960000
0.960000
0.960000
0.960000
0.960000
0.960000
0.960000
0.960000
0.960000
0.960000
0.960000
0.960000
0.960000
0.960000
0.960000
0.960000
0.960000
0.960000
0.960000
0.960000
0.960000
0.960000
0.960000
0.960000
0.960000
0.960000
0.960000
0.960000
0.960000
0.960000
0.960000
0.960000
0.960000
0.960000
0.960000
0.960000
0.960000
0.960000
0.960000
0.960000
0.960000
0.960000
0.960000
0.960000
0.960000
0.960000
0.960000
0.960000
0.960000
0.960000
0.960000
0.960000
0.960000
0.960000
0.960000
0.960000
0.960000
0.960000
0.960000
0.960000
0.960000
0.960000
0.960000
0.960000
0.960000
0.960000
0.960000
0.960000
0.960000
0.972027
0.987355
0.987355
0.987355
0.987355
0.987355
0.987355
0.987355
0.989241
0.989241
0.989241
0.989949
1.009994
1.023435
1.025793
1.027680
1.028152
1.028152
1.028152
1.028152
1.028152
1.028152
1.028152
1.028152
1.028152
1.028152
1.028152
1.028152
1.028152
1.028152
1.016125
1.000797
1.000797
1.000797
1.002211
1.002211
1.002683
1.008343
1.015417
1.021313
1.021313
1.020605
1.000561
0.987119
0.984761
0.982874
0.982403
0.982403
0.982403
0.982403
0.982403
0.982403
0.982403
0.982403
0.982403
0.982403
0.982403
0.982403
0.982403
0.982403
0.982403
0.982403
0.982403
0.982403
0.981459
0.981459
0.980988
0.975328
0.966367
0.960472
0.960472
0.969433
0.978158
0.981931
0.984053
0.984053
0.984053
0.984053
0.984525
0.992307
1.001032
1.005277
1.006220
1.006220
1.006220
1.006220
1.006220
1.006220
1.006220
1.006220
1.006220
1.009286
1.009286
1.009286
1.008814
1.008814
1.008814
1.008814
1.008814
1.008814
1.008814
0.999853
0.991128
0.987355
0.985233
0.985233
0.985233
0.985233
0.984761
0.976979
0.968254
0.964009
0.963066
0.963066
0.963066
0.963066
0.963066
0.963066
0.963066
0.963066
0.963066
0.960000
0.960000
0.960000
0.960000
0.960000
0.960000
0.960000
0.960000
0.960707
0.961415
0.962122
0.962122
0.962594
0.963773
0.963773
0.964481
0.964481
0.970612
0.977922
0.981931
0.981931
0.981931
0.981931
0.981931
0.981931
0.981931
0.982167
0.982639
0.983582
0.983582
0.983582
0.983818
0.984525
0.984525
0.984525
0.984525
0.984525
0.984525
0.983818
0.984525
0.983818
0.983818
0.983818
0.982639
0.982639
0.981931
0.981931
0.975800
0.968489
0.964481
0.964481
0.964481
0.964481
0.964481
0.964481
0.964481
0.964245
0.963773
0.962830
0.962830
0.962830
0.962594
0.961887
0.961887
0.961887
0.961887
0.961887
0.961887
0.961887
0.960472
0.960472
0.960472
0.960000
0.960000
0.960000
0.960000
0.960000
0.960000
0.960000
0.960000
0.960000
0.960000
0.960000
0.960000
0.960000
0.960000
0.961179
0.961179
0.964481
0.965188
0.966131
0.966131
0.966131
0.966603
0.966603
0.966603
0.966603
0.966603
0.966603
0.966603
0.966839
0.966839
0.966839
0.967546
0.967782
0.967782
0.967782
0.967782
0.967782
0.967782
0.967782
0.967782
0.967782
0.967782
0.968725
0.969197
0.968018
0.968018
0.964716
0.965424
0.964481
0.964481
0.965424
0.964952
0.964952
0.964952
0.964952
0.964952
0.964952
0.964952
0.964716
0.964952
0.964952
0.964481
0.964245
0.964245
0.964245
0.964245
0.964245
0.964245
0.964245
0.964245
0.964245
0.964481
0.963537
0.963066
0.963066
0.963773
0.963773
0.964716
0.964952
0.965895
0.966131
0.966131
0.966131
0.966131
0.966131
0.966131
0.966131
0.966131
0.969197
0.968961
0.968961
0.968725
0.968725
0.968961
0.968961
0.968961
0.968961
0.968961
0.968961
0.969197
0.969433
0.971083
0.972263
0.972263
0.972263
0.971555
0.971555
0.969197
0.971083
0.970376
0.969197
0.969197
0.969904
0.970848
0.971791
0.972498
0.972498
0.972498
0.970140
0.970376
0.970376
0.970376
0.970376
0.972027
0.972027
0.972027
0.972027
0.972027
0.972027
0.972263
0.973677
0.972734
0.971791
0.971791
0.971791
0.971791
0.972263
0.972263
0.970140
0.969904
0.970612
0.970612
0.969904
0.970376
0.972027
0.972027
0.972027
0.973913
0.973913
0.973677
0.980045
0.988534
0.989241
0.987355
0.987827
0.987827
0.987827
0.988298
0.988298
0.987827
0.986176
0.985233
0.984997
0.984997
0.984997
0.984997
0.984525
0.984525
0.984525
0.984525
0.983818
0.983818
0.983818
0.982874
0.980516
0.981224
0.981695
0.980516
0.979809
0.979809
0.973442
0.964952
0.964245
0.964245
0.963773
0.963773
0.963773
0.963301
0.963301
0.963301
0.963301
0.963301
0.963301
0.963301
0.963301
0.963301
0.963301
0.963301
0.963301
0.963301
0.963301
0.963301
0.963301
0.962830
0.962594
0.961179
0.960707
0.960000
0.960000
0.960000
0.960000
0.960000
0.960000
0.960000
0.960000
0.960000
0.960000
0.960000
0.960000
0.960000
0.960000
0.960000
0.960000
0.960000
0.960000
0.960000
0.960000
0.960000
0.960000
0.960000
0.960000
0.960000
0.960000
0.960000
0.960000
0.960000
0.960000
0.960000
0.960000
0.960000
0.960000
0.960000
0.960000
0.960000
0.960000
0.960000
0.960000
0.960000
0.960000
0.960000
0.960000
0.960000
0.960000
0.962358
0.967310
0.968018
0.968018
0.968018
0.968018
0.968018
0.968018
0.968018
0.968018
0.968018
0.968018
0.968018
0.968018
0.968018
0.968018
0.968018
0.968018
0.968018
0.968018
0.968018
0.968018
0.968018
0.968018
0.968018
0.968018
0.968018
0.968018
0.968018
0.968018
0.965660
0.960707
0.960000
0.960000
0.960000
0.960000
0.960000
0.960000
0.960000
0.960236
0.960236
0.960236
0.960236
0.960236
0.960236
0.960236
0.960236
0.960236
0.960707
0.960707
0.960707
0.960707
0.960707
0.960707
0.960707
0.960707
0.961651
0.961651
0.961651
0.961651
0.962122
0.962122
0.964952
0.965424
0.965660
0.966131
0.967310
0.967782
0.967782
0.967546
0.967546
0.968018
0.968018
0.968018
0.968018
0.968018
0.968489
0.968489
0.968018
0.968018
0.970140
0.970612
0.971555
0.971555
0.971555
0.971555
0.970612
0.971555
0.971555
0.973206
0.975092
0.976743
0.976743
0.976743
0.976743
0.977686
0.976507
0.976036
0.976036
0.976036
0.978158
0.977686
0.978158
0.978158
0.980516
0.980516
0.980045
0.980045
0.980045
0.980045
0.977922
0.977451
0.976507
0.976507
0.976507
0.976979
0.976979
0.976036
0.976036
0.974385
0.972027
0.970376
0.967546
0.967075
0.966839
0.967075
0.967075
0.967075
0.967546
0.970140
0.970376
0.970376
0.969904
0.969904
0.967546
0.967546
0.967546
0.967546
0.967546
0.967546
0.967546
0.967546
0.967546
0.967546
0.967546
0.967075
0.967075
0.967075
0.967075
0.967075
0.967075
0.967075
0.967075
0.967075
0.967075
0.965424
0.965424
0.965424
0.964952
0.962358
0.960000
0.960000
0.960000
0.960000
0.960000
0.960000
0.960000
0.960000
0.960000
0.960000
0.960000
0.960000
0.960000
0.960000
0.960000
0.960000
0.960000
0.960000
0.960000
0.960000
0.960000
0.960236
0.968725
0.977215
0.979337
0.979337
0.979337
0.979573
0.979573
0.979573
0.980516
0.982403
0.982403
0.982874
0.982874
0.982874
0.982874
0.982874
0.982874
0.982874
0.987119
0.987591
0.987591
0.987591
0.987591
0.987591
0.987591
0.987591
0.987591
0.987591
0.987591
0.987355
0.978865
0.970376
0.968254
0.968254
0.968254
0.968018
0.968018
0.968018
0.967075
0.965188
0.965188
0.964716
0.964716
0.964716
0.964716
0.964716
0.964716
0.964716
0.960472
0.960000
0.960000
0.960000
0.960000
0.960000
0.960000
0.960000
0.960000
0.960000
0.960000
0.960000
0.960000
0.960000
0.960000
0.960000
0.960000
0.960000
0.960000
0.960000
0.960000
0.960000
0.960000
0.960236
0.960236
0.960236
0.960236
0.960236
0.960236
0.960236
0.960236
0.960236
0.960236
0.960236
0.960236
0.960236
0.960236
0.960236
0.960236
0.960236
0.960236
0.960236
0.960236
0.960236
0.960236
0.960236
0.960236
0.960236
0.960236
0.960236
0.960236
0.960236
0.960236
0.960000
0.960000
0.960000
0.960000
0.960000
0.960000
0.960000
0.960000
0.960000
0.960707
0.960707
0.961179
0.961415
0.961415
0.961415
0.961415
0.961415
0.961415
0.961415
0.962122
0.962594
0.962594
0.962594
0.962594
0.962594
0.962594
0.962594
0.962594
0.962594
0.962594
0.962594
0.962594
0.962594
0.962594
0.962594
0.962594
0.962594
0.962594
0.962594
0.961887
0.961887
0.961415
0.961179
0.961179
0.961179
0.962122
0.962122
0.962122
0.962122
0.961415
0.960943
0.960943
0.960943
0.960943
0.960943
0.960943
0.960943
0.960943
0.960943
0.960943
0.960943
0.960943
0.960943
0.960943
0.960943
0.960943
0.960943
0.960943
0.960943
0.960943
0.960943
0.960943
0.960943
0.960943
0.966839
0.973677
0.976036
0.976036
0.976036
0.976036
0.976036
0.976036
0.976036
0.976036
0.976036
0.976036
0.976036
0.976036
0.976036
0.976036
0.976036
0.976036
0.976036
0.976036
0.976036
0.976036
0.976036
0.976036
0.976036
0.976036
0.976036
0.976036
0.976036
0.976036
0.970140
0.962358
0.960000
0.960000
0.960000
0.960000
0.960000
0.960000
0.960000
0.960000
0.960000
0.960000
0.960000
0.960000
0.960000
0.960000
0.960000
0.960000
0.960000
0.961887
0.969904
0.977686
0.979337
0.979337
0.979337
0.979337
0.979337
0.979337
0.979337
0.979337
0.979337
0.979337
0.979337
0.979337
0.979337
0.979337
0.979337
0.979337
0.979337
0.979337
0.979337
0.979337
0.979337
0.979337
0.979337
0.979337
0.979337
0.979337
0.979337
0.977451
0.969433
0.961651
0.960000
0.960000
0.960000
0.960000
0.960000
0.960000
0.960000
0.960000
0.960000
0.960000
0.960943
0.961179
0.961179
0.963301
0.971083
0.977686
0.977686
0.977686
0.977686
0.977686
0.977686
0.977686
0.977686
0.977686
0.977686
0.977686
0.977686
0.977686
0.977686
0.978394
0.980516
0.982403
0.982403
0.984997
0.989713
0.997967
1.002211
1.003862
1.007871
1.010229
1.010937
1.012116
1.013531
1.011644
1.004334
0.997731
0.997731
0.997967
0.998438
0.998438
0.998438
0.999617
0.999617
0.999617
0.999617
0.999853
0.999853
0.999853
1.001740
1.001032
0.998910
0.997023
0.997023
0.994429
0.989713
0.981459
0.977215
0.975564
0.971555
0.969197
0.967546
0.966131
0.964716
0.964481
0.964009
0.964009
0.964009
0.963773
0.963301
0.963301
0.963301
0.962122
0.962122
0.962122
0.962122
0.961887
0.961887
0.961887
0.960000
0.960000
0.960000
0.960000
0.960000
0.960000
0.960000
0.960000
0.960000
0.960000
0.960000
0.960000
0.960000
0.960000
0.960000
0.960000
0.960000
0.960000
0.960000
0.960000
0.960000
0.960000
0.960000
0.960000
0.960000
0.960000
0.960000
0.960000
0.960000
0.960000
0.960000
0.960000
0.960000
0.960000
0.960000
0.960000
0.960000
0.960000
0.960000
0.960000
0.960000
0.960000
0.960000
0.960000
0.960000
0.960000
0.960000
0.960000
0.960000
0.960000
0.960000
0.960000
0.960000
0.960000
0.960000
0.960000
0.960000
0.960000
0.960000
0.960000
0.960000
0.960000
0.960000
0.960000
0.960000
0.960000
0.960000
0.960000
0.960000
0.960000
0.960000
0.960000
0.960000
0.960000
0.960000
0.960000
0.960000
0.960000
0.960000
0.960000
0.960000
0.960000
0.960000
0.960000
0.960000
0.960000
0.960000
0.960000
0.960000
0.960000
0.960000
0.960000
0.960000
0.960000
0.960000
0.960000
0.960000
0.960000
0.960000
0.960000
0.960000
0.960000
0.960000
0.960000
0.960000
0.960000
0.960000
0.960000
0.960000
0.960000
0.960000
0.960000
0.960000
0.960000
0.960000
0.960000
0.960000
0.960000
0.960000
0.960000
0.960000
0.960000
0.960000
0.960000
0.960000
0.960000
0.960000
0.960000
0.960000
0.960000
0.960000
0.960000
0.960000
0.960000
0.960000
0.960000
0.960000
0.960000
0.960000
0.960000
0.960000
0.960000
0.960000
0.960000
0.960000
0.960000
0.960000
0.960000
0.960000
0.960000
0.960000
0.960000
0.960000
0.960000
0.960000
0.960000
0.960000
0.960000
0.960000
0.960000
0.960000
0.960000
0.960000
0.960000
0.960000
0.960000
0.960000
0.960000
0.960000
0.960000
0.960000
0.960000
0.960000
0.960000
0.960000
0.960000
0.960000
0.960000
0.960000
0.960000
0.960000
0.960000
0.960000
0.960000
0.960000
0.960000
0.960000
0.960000
0.960000
0.960000
0.960000
0.960000
0.960000
0.960000
0.960000
0.960000
0.960000
0.960000
0.960000
0.960000
0.960000
0.960000
0.960000
0.960000
0.960000
0.960000
0.960000
0.960000
0.960000
0.960000
0.960000
0.960000
0.960000
0.960000
0.960000
0.960000
0.960000
0.960000
0.960000
0.960000
0.960000
0.960000
0.960000
0.960000
0.960000
0.960000
0.960000
0.960000
0.960000
0.960000
0.960000
0.960000
0.960000
0.960000
0.960000
0.960000
0.960000
0.960000
0.960000
0.960000
0.960000
0.960000
0.960000
0.960000
0.960000
0.960000
0.960000
0.960000
0.960000
0.960000
0.960000
0.960000
0.960000
0.960000
0.960000
0.960000
0.960000
0.960000
0.960000
0.960000
0.960000
0.960000
0.960000
0.960000
0.960000
0.960000
0.960000
0.960000
0.960000
0.960000
0.960000
0.960000
0.960000
0.960000
0.960000
0.960000
0.960000
0.960000
0.960000
0.960000
0.960000
0.960000
0.960000
0.960000
0.960000
0.960000
0.960000
0.960000
0.960000
0.960000
0.960000
0.960000
0.960000
0.960000
0.960000
0.960000
0.960000
0.960000
0.960000
0.960000
0.960000
0.960000
0.960000
0.960000
0.960000
0.960000
0.960000
0.960000
0.960000
0.960000
0.960000
0.960000
0.960000
0.960000
0.960000
0.960000
0.960000
0.960000
0.960000
0.960000
0.960000
0.960000
0.960000
0.960000
0.960000
0.960000
0.960000
0.960000
0.960000
0.960000
0.960000
0.960000
0.960000
0.960000
0.960000
0.960000
0.960000
0.960000
0.960000
0.960000
0.960000
0.960000
0.960000
0.960000
0.960000
0.960000
0.960000
0.960000
0.960000
0.960000
0.960000
0.960000
0.960000
0.960000
0.960000
0.960000
0.960000
0.960000
0.960000
0.960000
0.960000
0.960000
0.960000
0.960000
0.960000
0.960000
0.960000
0.960000
0.960000
0.960000
0.960000
0.960000
0.960000
0.960000
0.960000
0.960000
0.960000
0.960000
0.960000
0.960000
0.960000
0.960000
0.960000
0.960000
0.960000
0.960000
0.960000
0.960000
0.960000
0.960000
0.960000
0.960000
0.960000
0.960000
0.960000
0.960000
0.960000
0.960000
0.960000
0.960000
0.960000
0.960000
0.960000
0.960000
0.960000
0.960000
0.960000
0.960000
0.960000
0.960000
0.960000
0.960000
0.960000
0.960000
0.960000
0.960000
0.960000
0.960000
0.960000
0.960000
0.960000
0.960943
0.960943
0.960943
0.960943
0.960943
0.960943
0.960943
0.960943
0.960943
0.960943
0.960943
0.960943
0.960943
0.960943
0.960943
0.960943
0.960943
0.960943
0.960943
0.960943
0.960943
0.960943
0.960943
0.960943
0.960943
0.960943
0.960943
0.960943
0.962594
0.964952
0.964009
0.966367
0.966367
0.966367
0.966367
0.966367
0.966367
0.966367
0.967310
0.973913
0.982167
0.987355
0.987355
0.987355
0.987355
0.987355
0.987355
0.987355
0.987355
0.987355
0.987355
0.987355
0.987355
0.987355
0.987355
0.987355
0.987355
0.987355
0.985704
0.983346
0.983346
0.980988
0.980988
0.980988
0.980988
0.980988
0.980988
0.980988
0.980280
0.973677
0.965424
0.960236
0.960236
0.960472
0.960472
0.960472
0.961415
0.969433
0.970376
0.970376
0.971083
0.971319
0.971319
0.971319
0.971319
0.971319
0.971319
0.971319
0.972498
0.972498
0.972498
0.972498
0.972498
0.972498
0.972498
0.972498
0.972498
0.972498
0.972263
0.972263
0.972263
0.972263
0.972263
0.972027
0.972027
0.972027
0.971083
0.963066
0.962122
0.962122
0.961415
0.961179
0.961179
0.961179
0.961179
0.961179
0.961179
0.961179
0.960000
0.960000
0.960000
0.960000
0.960000
0.960000
0.960000
0.960000
0.960000
0.960000
0.960000
0.960000
0.960000
0.960000
0.960000
0.960000
0.960000
0.960000
0.960000
0.960000
0.960000
0.960000
0.960000
0.960000
0.960000
0.960000
0.960236
0.960236
0.960236
0.960236
0.960236
0.960236
0.960236
0.960236
0.960236
0.960236
0.960236
0.960236
0.960236
0.961415
0.993958
1.024850
1.055742
1.086870
1.117763
1.148655
1.179783
1.210911
1.242039
1.273403
1.304295
1.335187
1.365136
1.395085
1.425270
1.455690
1.488469
1.489884
1.490120
1.492950
1.510636
1.515588
1.515588
1.516296
1.516296
1.516296
1.516296
1.517239
1.517475
1.516296
1.483753
1.453096
1.422676
1.391548
1.360656
1.329763
1.298635
1.267507
1.236379
1.205015
1.174123
1.143231
1.113282
1.083333
1.053148
1.022728
0.989713
0.988298
0.988534
0.985704
0.968018
0.963066
0.963066
0.962358
0.962358
0.962358
0.962358
0.961415
0.961179
0.961179
0.961179
0.960943
0.960472
0.960472
0.960472
0.960472
0.960472
0.960472
0.960472
0.960472
0.960472
0.960472
0.960472
0.960472
0.960472
0.960472
0.960707
0.960707
0.960236
0.960236
0.960236
0.960236
0.960236
0.960236
0.960236
0.960236
0.960236
0.960236
0.960236
0.960236
0.960236
0.960236
0.960236
0.960236
0.961651
0.961651
0.961651
0.961651
0.972970
0.992543
0.992543
0.992543
0.992543
0.992543
0.992543
0.992543
0.993486
0.993486
0.993486
0.993486
0.993486
0.993486
0.993486
0.993486
0.993486
0.993486
0.993486
0.993486
0.993486
0.993486
0.993486
0.993486
0.993486
0.993486
0.992071
0.992071
0.992071
0.992071
0.980752
0.961179
0.961179
0.961179
0.961179
0.961179
0.961179
0.961179
0.960000
0.960000
0.960000
0.960000
0.960236
0.968961
0.970140
0.970140
0.970140
0.970140
0.970140
0.970140
0.970140
0.970140
0.970140
0.970140
0.970140
0.970140
0.970140
0.970848
0.970848
0.970848
0.970848
0.970848
0.970848
0.970848
0.970848
0.970848
0.970848
0.970848
0.970848
0.970848
0.970848
0.970848
0.970612
0.961887
0.960707
0.960707
0.960707
0.960707
0.960707
0.960707
0.960707
0.960707
0.960707
0.960707
0.960707
0.960707
0.960707
0.960000
0.960000
0.960000
0.960000
0.960000
0.960000
0.960000
0.960000
0.960000
0.960000
0.960000
0.960000
0.960000
0.960000
0.960000
0.960000
0.960000
0.960000
0.960000
0.960000
0.960000
0.960000
0.960000
0.960000
0.960000
0.960000
0.960000
0.960000
0.960000
0.960000
0.960000
0.960000
0.960000
0.960000
0.960000
0.960000
0.960000
0.960000
0.960000
0.960000
0.960000
0.960000
0.960000
0.960000
0.960000
0.960000
0.961415
0.963537
0.963773
0.963773
0.963773
0.964009
0.964009
0.964009
0.964009
0.964009
0.964009
0.964009
0.964009
0.964009
0.964009
0.964009
0.964009
0.964009
0.964009
0.964009
0.964009
0.964009
0.964009
0.964009
0.964009
0.964009
0.964009
0.964009
0.964009
0.964009
0.962594
0.960472
0.960236
0.960236
0.960236
0.960000
0.960000
0.960472
0.960472
0.960472
0.960472
0.962594
0.964245
0.964952
0.965424
0.965424
0.965660
0.966131
0.966131
0.966131
0.966131
0.966131
0.966131
0.966131
0.966367
0.967075
0.967546
0.967546
0.967546
0.967546
0.967546
0.970140
0.979101
0.982167
0.982167
0.982167
0.982167
0.981695
0.981695
0.981695
0.981695
0.979573
0.977922
0.977215
0.976743
0.976743
0.976507
0.976036
0.976036
0.976036
0.976036
0.976036
0.976036
0.976036
0.975800
0.975092
0.974621
0.974621
0.974621
0.974621
0.974621
0.972027
0.963066
0.960000
0.960000
0.960000
0.960000
0.960000
0.960000
0.960000
0.960000
0.960000
0.960000
0.960000
0.960000
0.960000
0.960000
0.960000
0.960000
0.960000
0.960000
0.960000
0.960000
0.960000
0.960000
0.960000
0.960000
0.960000
0.960000
0.960000
0.960000
0.960000
0.960000
0.960000
0.960000
0.960000
0.960000
0.960000
0.960000
0.960000
0.960000
0.960000
0.960000
0.960000
0.960000
0.960000
0.960000
0.960000
0.960000
0.960000
0.960000
0.960000
0.960000
0.960000
0.960000
0.960000
0.960000
0.960000
0.960000
0.960000
0.960000
0.960000
0.960000
0.960000
0.960000
0.960000
0.960000
0.960000
0.960000
0.960000
0.960000
0.960000
0.960000
0.960000
0.960000
0.960000
0.960000
0.960000
0.960000
0.960000
0.960000
0.960000
0.960000
0.960000
0.960000
0.960000
0.960000
0.960000
0.960000
0.960000
0.960000
0.960000
0.960000
0.960000
0.960000
0.960000
0.960000
0.960000
0.960000
0.960000
0.960000
0.960000
0.960000
0.960000
0.960000
0.960000
0.960000
0.960000
0.960000
0.960000
0.960000
0.960000
0.960000
0.960000
0.960000
0.960000
0.960000
0.960000
0.960000
0.960000
0.960000
0.960000
0.960000
0.960000
0.960000
0.960000
0.960000
0.960000
0.960000
0.960000
0.960000
0.960000
0.960000
0.960000
0.960000
0.960000
0.960000
0.960000
0.960000
0.960000
0.960000
0.960000
0.960000
0.960000
0.960000
0.960000
0.960000
0.960000
0.960000
0.960000
0.960000
0.960000
0.960000
0.960000
0.960000
0.960000
0.960000
0.960000
0.960000
0.960000
0.960000
0.960000
0.960000
0.960000
0.960000
0.960000
0.960000
0.960000
0.960000
0.960000
0.960000
0.960000
0.960000
0.960000
0.960000
0.960000
0.960000
0.960000
0.960000
0.960000
0.960000
0.960000
0.960000
0.960000
0.960000
0.960000
0.960000
0.960000
0.960000
0.960000
0.960000
0.960000
0.960000
0.960000
0.960000
0.960000
0.960000
0.960000
0.960000
0.960000
0.960000
0.960000
0.960000
0.960000
0.961179
0.961887
0.961887
0.961887
0.961887
0.961887
0.961887
0.961887
0.961887
0.961887
0.961887
0.961887
0.961887
0.961887
0.961887
0.961887
0.961887
0.961887
0.961887
0.961887
0.963301
0.963301
0.963301
0.963301
0.966603
0.966603
0.966603
0.967546
0.967546
0.967546
0.966367
0.965660
0.965660
0.965660
0.965660
0.965660
0.965660
0.965660
0.965660
0.965660
0.965660
0.965660
0.965660
0.965660
0.965660
0.965660
0.965660
0.965660
0.965660
0.965660
0.964245
0.964245
0.964245
0.964245
0.960943
0.960943
0.960943
0.960000
0.960000
0.960000
0.960000
0.960000
0.960000
0.960000
0.960000
0.960000
0.960000
0.960000
0.960000
0.960000
0.961179
0.964716
0.965424
0.965424
0.966131
0.966367
0.968018
0.968018
0.968018
0.968018
0.968018
0.968489
0.968725
0.968725
0.968725
0.969669
0.970376
0.970376
0.970376
0.970376
0.970376
0.970376
0.970376
0.970376
0.970376
0.970376
0.970376
0.970376
0.970376
0.970376
0.969197
0.965660
0.964952
0.964952
0.964245
0.964009
0.962358
0.962358
0.962358
0.962358
0.962358
0.961887
0.961651
0.961651
0.961651
0.960707
0.960000
0.960000
0.960000
0.960000
0.960000
0.960000
0.960000
0.960000
0.960000
0.960000
0.960000
0.960000
0.960000
0.960000
0.960000
0.960000
0.960000
0.960000
0.960000
0.960000
0.960000
0.960000
0.960000
0.960000
0.960000
0.960000
0.960000
0.960000
0.960472
0.960472
0.960472
0.960472
0.960472
0.960472
0.960472
0.960472
0.960472
0.960472
0.960472
0.960472
0.960472
0.960472
0.960472
0.960472
0.960472
0.960472
0.960472
0.960472
0.960472
0.960472
0.960472
0.960472
0.960472
0.960472
0.960472
0.960472
0.960472
0.960472
0.960000
0.960000
0.960000
0.960000
0.960000
0.960000
0.960000
0.960000
0.960000
0.960000
0.960000
0.960000
0.960000
0.960000
0.960000
0.960000
0.960000
0.960000
0.960000
0.960000
0.960000
0.960000
0.960000
0.960000
0.960000
0.960000
0.960000
0.960000
0.960000
0.960000
0.960000
0.960000
0.960000
0.960000
0.960000
0.960000
0.960000
0.960000
0.960000
0.961651
0.961651
0.961651
0.961651
0.962594
0.962594
0.962594
0.962594
0.962594
0.962594
0.962594
0.968961
0.972498
0.972970
0.972970
0.972970
0.972970
0.972970
0.972970
0.972970
0.972970
0.972970
0.972970
0.972970
0.972970
0.972970
0.985940
1.048432
1.110216
1.172001
1.232134
1.293919
1.355703
1.417488
1.478329
1.539878
1.601662
1.663446
1.724995
1.786308
1.847621
1.902330
1.960342
2.021419
2.083203
2.144752
2.213375
2.313598
2.413349
2.513336
2.612851
2.712838
2.812354
2.912105
3.011856
3.110900
3.197681
3.234705
3.272671
3.310874
3.349077
3.387043
3.425246
3.463448
3.501651
3.540325
3.579943
3.596214
3.612722
3.628521
3.644085
3.660121
3.675685
3.691721
3.707285
3.723320
3.732753
3.710350
3.688655
3.666724
3.645029
3.622390
3.600695
3.579000
3.556597
3.535137
3.503302
3.403786
3.304035
3.204048
3.104061
3.004310
2.904323
2.804336
2.704349
2.604126
2.502724
2.424668
2.346612
2.269500
2.192623
2.115510
2.038398
1.960813
1.883465
1.805881
1.727825
1.650005
1.571949
1.493893
1.416073
1.338724
1.260904
1.182848
1.105500
1.027916
0.960000
0.960000
0.960000
0.960000
0.960000
0.960000
0.960000
0.960000
0.960000
0.960000
0.960000
0.960000
0.960000
0.960000
0.960000
0.960000
0.960000
0.960000
0.960000
0.960000
0.960000
0.960000
0.960000
0.960000
0.960000
0.960000
0.960000
0.960000
0.960236
0.960236
0.960236
0.960236
0.960236
0.960236
0.960236
0.960236
0.960236
0.960236
0.960236
0.960236
0.960236
0.960236
0.960236
0.960236
0.960236
0.960236
0.960236
0.960236
0.960236
0.960236
0.960236
0.960236
0.960236
0.960236
0.960236
0.960236
0.960236
0.960236
0.960000
0.960000
0.960000
0.960000
0.960000
0.960000
0.960000
0.960000
0.960000
0.960000
0.960000
0.960000
0.960000
0.960000
0.960000
0.960000
0.960000
0.960000
0.960000
0.960000
0.960000
0.960000
0.960000
0.960000
0.960000
0.960000
0.960000
0.960000
0.960000
0.960000
0.960000
0.960000
0.960000
0.960000
0.960000
0.960000
0.960000
0.960000
0.960000
0.960000
0.960000
0.960000
0.960000
0.960000
0.960000
0.960000
0.960000
0.960000
0.960000
0.960000
0.960000
0.960000
0.960000
0.960000
0.960000
0.960000
0.960000
0.960000
0.960000
0.960000
0.960000
0.960000
0.960000
0.960000
0.960000
0.960000
0.960000
0.960000
0.960000
0.960000
0.960000
0.960000
0.960000
0.960000
0.960000
0.960000
0.960000
0.960000
0.960000
0.960000
0.960000
0.960000
0.960000
0.960000
0.960000
0.960000
0.960000
0.960000
0.960000
0.960000
0.960000
0.960000
0.960000
0.960000
0.960000
0.960000
0.960000
0.960000
0.960000
0.960000
0.960000
0.960000
0.960000
0.960000
0.960000
0.960000
0.960000
0.960000
0.960000
0.960000
0.960000
0.960000
0.960000
0.960000
0.960000
0.960000
0.960000
0.960000
0.960000
0.960000
0.960000
0.960000
0.960000
0.960000
0.960000
0.960000
0.960000
0.960000
0.960000
0.960000
0.960000
0.960000
0.960000
0.960000
0.960000
0.960000
0.960000
0.960000
0.960000
0.960000
0.960000
0.960000
0.960000
0.960000
0.960472
0.961415
0.961415
0.961415
0.961415
0.961415
0.961415
0.961415
0.961415
0.961415
0.961415
0.961415
0.961415
0.961415
0.961415
0.961415
0.961415
0.961415
0.961415
0.961415
0.961415
0.961415
0.961415
0.961415
0.961415
0.961415
0.961415
0.961415
0.961415
0.961415
0.960943
0.960000
0.960000
0.960000
0.960000
0.960000
0.960000
0.960000
0.960000
0.960000
0.960000
0.960000
0.960000
0.960000
0.960000
0.960000
0.960000
0.960000
0.960000
0.960000
0.960000
0.960000
0.960000
0.960000
0.960000
0.960000
0.960000
0.960000
0.960000
0.960000
0.960000
0.960000
0.960000
0.960000
0.960000
0.960000
0.960000
0.960000
0.960000
0.960000
0.960000
0.960000
0.960000
0.960000
0.960000
0.960000
0.960000
0.960000
0.960000
0.960000
0.960000
0.960000
0.960000
0.960000
0.960000
0.960000
0.960000
0.960000
0.960000
0.960000
0.960000
0.960000
0.960000
0.960000
0.960000
0.960000
0.960000
0.960000
0.960000
0.960000
0.960000
0.960000
0.960000
0.960000
0.960000
0.960000
0.960000
0.960000
0.960000
0.960000
0.960000
0.960000
0.960000
0.960000
0.960000
0.960000
0.960000
0.960000
0.960000
0.960000
0.960000
0.960000
0.960000
0.960000
0.960000
0.960000
0.960000
0.960000
0.960000
0.960000
0.960000
0.960000
0.960000
0.960000
0.960000
0.960000
0.960000
0.960000
0.960000
0.960000
0.960000
0.960000
0.960000
0.960000
0.960000
0.960000
0.960000
0.960000
0.960000
0.960000
0.960000
0.960000
0.960000
0.960000
0.960000
0.960000
0.960000
0.960000
0.960000
0.960000
0.960000
0.960000
0.960000
0.960000
0.960000
0.960000
0.960000
0.960000
0.960000
0.960000
0.960000
0.960000
0.960000
0.960000
0.960000
0.960000
0.960000
0.960000
0.960000
0.960000
0.960000
0.960000
0.960000
0.960000
0.960000
0.960000
0.960000
0.960000
0.960000
0.960000
0.960000
0.960000
0.960000
0.960000
0.960000
0.960000
0.960000
0.960000
0.960000
0.960000
0.960000
0.960000
0.960000
0.960000
0.960000
0.960000
0.960000
0.960000
0.960000
0.960000
0.960000
0.960000
0.960000
0.960000
0.960000
0.960000
0.960000
0.960000
0.960000
0.960000
0.960000
0.960000
0.960000
0.960000
0.960000
0.960000
0.960000
0.960000
0.960000
0.960000
0.964009
0.984761
0.991600
0.999146
1.006928
1.011408
1.012823
1.012823
1.012823
1.013531
1.014946
1.014946
1.015182
1.017776
1.018011
1.018011
1.018011
1.018011
1.018011
1.018011
1.018011
1.018011
1.018011
1.018011
1.018011
1.018011
1.018011
1.018011
1.018011
1.018011
1.014002
0.993250
0.986412
0.978865
0.971555
0.968018
0.974857
0.978158
0.978158
0.977451
0.976036
0.976036
0.975800
0.973206
0.972970
0.972970
0.972970
0.972970
0.972970
0.972970
0.972970
0.972970
0.972970
0.972970
0.972970
0.972970
0.972970
0.972970
0.972970
0.972970
0.972970
0.973206
0.982167
0.990656
0.993722
0.992779
0.984525
0.981224
0.981224
0.981224
0.981224
0.981224
0.981224
0.981224
0.981224
0.981224
0.981224
0.981224
0.981224
0.981224
0.981224
0.981224
0.981224
0.981224
0.982639
0.982639
0.983346
0.983346
0.983346
0.983346
0.983346
0.983110
0.974149
0.965660
0.962122
0.962122
0.962122
0.962122
0.962358
0.962358
0.962358
0.962358
0.962358
0.962358
0.962358
0.962358
0.962358
0.962358
0.962358
0.962358
0.963066
0.963537
0.963537
0.963537
0.962122
0.962122
0.961415
0.961415
0.961415
0.961415
0.961415
0.961415
0.961415
0.961415
0.961415
0.961415
0.961415
0.961415
0.961179
0.961179
0.961179
0.961179
0.961179
0.961179
0.961179
0.961179
0.961179
0.961179
0.961179
0.961179
0.960472
0.960000
0.960000
0.960000
0.960000
0.960000
0.960000
0.960000
0.960000
0.960000
0.960000
0.960000
0.960000
0.960000
0.960000
0.960000
0.960000
0.960000
0.960000
0.960000
0.960000
0.960000
0.960000
0.960000
0.960000
0.960000
0.960000
0.960000
0.960000
0.960000
0.960000
0.960000
0.960236
0.960236
0.960236
0.960236
0.960236
0.960236
0.960236
0.960236
0.960236
0.960236
0.960236
0.960236
0.960236
0.960236
0.960236
0.960236
0.960236
0.960707
0.960707
0.960707
0.960707
0.960707
0.961651
0.961651
0.961651
0.961651
0.961651
0.961651
0.961651
0.961887
0.961651
0.961887
0.961887
0.961887
0.961887
0.962358
0.962358
0.962358
0.964481
0.964481
0.964481
0.964481
0.964481
0.964481
0.964481
0.964481
0.964481
0.964009
0.964009
0.964009
0.964009
0.964009
0.963066
0.963066
0.963066
0.964245
0.965895
0.966367
0.966367
0.966367
0.966603
0.966367
0.966603
0.967075
0.967310
0.967075
0.967310
0.968018
0.969669
0.969669
0.969669
0.969669
0.969669
0.971555
0.971555
0.971555
0.971555
0.972970
0.972970
0.976271
0.976507
0.976979
0.976979
0.976979
0.976979
0.983582
0.988534
0.988062
0.988062
0.987827
0.987591
0.987591
0.987355
0.986883
0.986647
0.986412
0.986176
0.985468
0.981695
0.981695
0.981695
0.981695
0.981695
0.979809
0.979809
0.979809
0.979809
0.978394
0.978394
0.975092
0.974857
0.974385
0.974385
0.974385
0.974385
0.966603
0.960000
0.960000
0.960000
0.960000
0.960000
0.960000
0.960000
0.960000
0.960000
0.960000
0.960000
0.960000
0.960000
0.960000
0.960000
0.960000
0.960000
0.960000
0.960000
0.960000
0.960000
0.960000
0.960000
0.960000
0.960000
0.960000
0.960000
0.960000
0.960000
0.960000
0.960000
0.960000
0.960000
0.960000
0.960000
0.960000
0.960000
0.960000
0.960000
0.960000
0.960000
0.960000
0.960000
0.960000
0.960000
0.960000
0.960000
0.960000
0.960000
0.960000
0.960000
0.960000
0.960000
0.960000
0.960000
0.960000
0.960000
0.960000
0.960000
0.960000
0.960000
0.960000
0.960000
0.960000
0.960000
0.960000
0.960707
0.960707
0.960707
0.960707
0.962594
0.962594
0.962594
0.964245
0.964245
0.964245
0.964245
0.964245
0.964245
0.964245
0.964245
0.964245
0.964245
0.964245
0.964245
0.964245
0.964245
0.964245
0.964245
0.964245
0.964245
0.964245
0.964245
0.964245
0.964245
0.964245
0.963537
0.963537
0.963537
0.963537
0.961651
0.961651
0.961651
0.960000
0.960000
0.960000
0.960000
0.960000
0.960000
0.960000
0.960000
0.960000
0.960000
0.960000
0.960707
0.960943
0.960943
0.960943
0.960943
0.960943
0.960943
0.960943
0.960943
0.960943
0.960943
0.960943
0.960943
0.960943
0.960943
0.960943
0.960943
0.960943
0.960943
0.960943
0.960943
0.960943
0.960943
0.960943
0.960943
0.960943
0.960943
0.960943
0.960943
0.960943
0.960236
0.960000
0.960000
0.960000
0.960000
0.960000
0.960000
0.960000
0.960000
0.960000
0.960000
0.960000
0.960000
0.960000
0.960000
0.960000
0.960000
0.960000
0.960000
0.960000
0.960000
0.960707
0.962122
0.962122
0.966603
0.966603
0.966603
0.966603
0.966603
0.966603
0.967546
0.967782
0.967782
0.971083
0.976979
0.985940
0.986176
0.986176
0.986176
0.986176
0.986176
0.986176
0.986176
0.986176
0.986176
0.986176
0.986176
0.986176
0.986176
0.986176
0.986176
0.985468
0.984053
0.984053
0.979573
0.979573
0.979573
0.979573
0.979573
0.979573
0.978630
0.978394
0.978394
0.975092
0.969197
0.960236
0.960000
0.960000
0.960000
0.960000
0.960000
0.960000
0.960000
0.960000
0.960000
0.960000
0.960000
0.960000
0.960000
0.960000
0.960000
0.960000
0.960000
0.960000
0.960000
0.960000
0.960000
0.960000
0.960000
0.960000
0.960000
0.960000
0.960000
0.960000
0.960000
0.960000
0.960000
0.960000
0.960000
0.960000
0.960000
0.960000
0.960000
0.960000
0.960000
0.960000
0.960000
0.960000
0.960000
0.960000
0.960000
0.960000
0.960000
0.960000
0.960000
0.960000
0.960000
0.960000
0.960000
0.960000
0.960000
0.960000
0.960000
0.960000
0.960000
0.960000
0.960000
0.960000
0.960000
0.960000
0.960000
0.960000
0.960000
0.960000
0.960000
0.960000
0.960000
0.960000
0.960472
0.961415
0.961415
0.961415
0.961415
0.961415
0.961415
0.961415
0.961415
0.961415
0.961415
0.961415
0.961415
0.961415
0.961415
0.961415
0.961415
0.961415
0.961415
0.961415
0.961415
0.961415
0.961415
0.961415
0.961415
0.961415
0.961415
0.961415
0.961415
0.961415
0.960943
0.960000
0.960000
0.960000
0.960000
0.960000
0.960000
0.960000
0.960000
0.960000
0.960000
0.960236
0.960236
0.960236
0.960236
0.960236
0.960236
0.960236
0.960236
0.960236
0.960236
0.960236
0.960707
0.960707
0.960707
0.960707
0.960707
0.960707
0.960707
0.960707
0.960707
0.960707
0.960707
0.960707
0.960707
0.960707
0.960707
0.960707
0.960707
0.960707
0.960707
0.960472
0.960472
0.960472
0.960472
0.960472
0.960472
0.960472
0.960472
0.960472
0.960472
0.960472
0.960000
0.960000
0.960000
0.960000
0.960000
0.960000
0.960000
0.960000
0.960000
0.960000
0.960000
0.960236
0.960236
0.960236
0.960236
0.960236
0.960236
0.960236
0.960236
0.960236
0.960236
0.960236
0.960236
0.960236
0.960236
0.960236
0.960236
0.960236
0.960236
0.960236
0.960236
0.960236
0.960236
0.960236
0.960236
0.960236
0.960236
0.960236
0.960236
0.960236
0.960236
0.960707
0.960707
0.960707
0.960707
0.960707
0.960707
0.960707
0.960707
0.960707
0.960707
0.960707
0.960707
0.960707
0.960707
0.960707
0.962594
0.983110
0.988298
0.988298
0.988298
0.988298
0.988298
0.988298
0.988298
0.988298
0.988298
0.988298
0.988298
0.988298
0.988298
0.987591
0.987591
0.987591
0.987591
0.987591
0.987591
0.987591
0.987591
0.987591
0.987591
0.987591
0.987591
0.987591
0.987591
0.987591
0.985704
0.965188
0.960000
0.960000
0.960000
0.960000
0.960000
0.960000
0.960000
0.960000
0.960000
0.960000
0.960000
0.960000
0.960000
0.960943
0.963066
0.963301
0.964009
0.964009
0.964009
0.964009
0.964009
0.964716
0.964716
0.964952
0.964952
0.964952
0.964952
0.965895
0.966131
0.966131
0.966131
0.966131
0.966131
0.966131
0.966131
0.966131
0.966131
0.966131
0.966131
0.966131
0.966131
0.966131
0.966131
0.965188
0.963066
0.962830
0.962122
0.962122
0.962122
0.962122
0.962122
0.961415
0.961415
0.961179
0.961179
0.962122
0.964245
0.965895
0.967310
0.968254
0.968725
0.969669
0.970140
0.970612
0.970612
0.970612
0.970612
0.970612
0.970612
0.970612
0.970612
0.970612
0.970612
0.970612
0.970612
0.970612
0.970612
0.970612
0.970612
0.970612
0.970612
0.970612
0.970612
0.970612
0.970612
0.969669
0.967546
0.964952
0.963301
0.962358
0.962358
0.961415
0.960943
0.960472
0.960472
0.960472
0.960472
0.960472
0.960472
0.960472
0.960472
0.960472
0.960472
0.960472
0.960472
0.960472
0.960472
0.960707
0.960707
0.960707
0.960707
0.960707
0.960707
0.960707
0.961179
0.961651
0.961651
0.961651
0.961651
0.961651
0.961179
0.961179
0.961179
0.961179
0.961179
0.961179
0.961179
0.961179
0.961179
0.961179
0.961179
0.961179
0.961179
0.961179
0.961179
0.961179
0.961179
0.960943
0.960943
0.960943
0.960943
0.960943
0.960943
0.960943
0.960472
0.960236
0.960236
0.960236
0.960236
0.960236
0.960236
0.960236
0.960236
0.960236
0.960236
0.960236
0.960236
0.960236
0.960236
0.960236
0.960236
0.960236
0.960236
0.960236
0.960236
0.960236
0.960236
0.960236
0.960472
0.960472
0.960472
0.960472
0.960472
0.960472
0.960472
0.960236
0.960236
0.960236
0.960236
0.960236
0.960236
0.960236
0.960236
0.960236
0.960236
0.960236
0.960236
0.960236
0.960236
0.960236
0.960236
0.960236
0.960236
0.960236
0.960236
0.960236
0.960236
0.960236
0.960000
0.960000
0.960000
0.960000
0.960000
0.960000
0.960000
0.960000
0.960000
0.960000
0.960000
0.961887
0.961887
0.962830
0.962830
0.962830
0.962830
0.964245
0.964245
0.965660
0.974149
0.984053
0.985468
0.986647
0.986647
0.986647
0.986647
0.986647
0.986647
0.986647
0.986647
0.986647
0.986647
0.986647
0.986647
0.986647
0.986647
0.986647
0.986647
0.986647
0.986647
0.984761
0.984761
0.983818
0.983818
0.983818
0.983818
0.982403
0.982403
0.980988
0.972498
0.962594
0.961179
0.960000
0.960000
0.960000
0.960000
0.960000
0.960000
0.960000
0.960000
0.960000
0.960000
0.960000
0.960000
0.960000
0.960000
0.960000
0.960000
0.960000
0.960000
0.960000
0.960000
0.960000
0.960000
0.960000
0.960000
0.960000
0.960000
0.960000
0.960000
0.960000
0.960000
0.960000
0.960000
0.960000
0.960000
0.960000
0.960000
0.960000
0.960000
0.960000
0.960000
0.960000
0.960000
0.960000
0.960000
0.960000
0.960000
0.960000
0.960000
0.960000
0.960000
0.960000
0.960000
0.960000
0.960000
0.960000
0.960000
0.960000
0.960000
0.960000
0.960000
0.960000
0.960000
0.960000
0.960000
0.960000
0.960000
0.960000
0.960000
0.960000
0.960000
0.960000
0.960000
0.960000
0.960000
0.960000
0.960000
0.960000
0.960000
0.960000
0.960000
0.960000
0.960000
0.960000
0.960000
0.960000
0.960000
0.960000
0.960000
0.960000
0.960000
0.960000
0.960000
0.960000
0.960000
0.960000
0.960000
0.960000
0.960000
0.960000
0.960000
0.960000
0.960000
0.960000
0.960000
0.960000
0.960000
0.960000
0.960000
0.960000
0.960000
0.960000
0.960000
0.960000
0.960000
0.960000
0.960000
0.960000
0.960000
0.960000
0.960000
0.960000
0.960000
0.960000
0.960000
0.960000
0.960000
0.960000
0.960000
0.960000
0.960000
0.960000
0.960472
0.960472
0.960472
0.960472
0.960472
0.960472
0.960472
0.960472
0.960472
0.960472
0.960472
0.960472
0.960472
0.960472
0.960472
0.960472
0.960472
0.960472
0.960472
0.960472
0.960472
0.960472
0.960472
0.960472
0.960472
0.960472
0.960472
0.960472
0.960472
0.960472
0.960000
0.960000
0.960000
0.960000
0.960000
0.960000
0.960000
0.960000
0.960000
0.960000
0.960000
0.960000
0.960000
0.960000
0.960000
0.960000
0.960000
0.960000
0.960000
0.960000
0.960000
0.960000
0.960000
0.960000
0.960000
0.960000
0.960000
0.960000
0.960000
0.960000
0.960000
0.960000
0.960000
0.960000
0.960000
0.960000
0.960000
0.960000
0.960000
0.960000
0.960000
0.960000
0.960000
0.960000
0.960000
0.960000
0.960000
0.960000
0.960000
0.960000
0.960000
0.960000
0.960000
0.960000
0.960000
0.960000
0.960000
0.960000
0.960000
0.960000
0.960000
0.960000
0.960000
0.960000
0.960000
0.960000
0.960000
0.960000
0.960000
0.960000
0.960000
0.960000
0.960000
0.960000
0.960000
0.960000
0.960000
0.960000
0.960000
0.960000
0.960000
0.960000
0.960000
0.960000
0.960000
0.960000
0.960000
0.960000
0.960000
0.960000
0.960000
0.960000
0.960000
0.960000
0.960000
0.960000
0.960000
0.960000
0.960000
0.960000
0.960000
0.960000
0.960000
0.960000
0.960000
0.960000
0.960000
0.960000
0.960000
0.960000
0.960000
0.960000
0.960000
0.960000
0.960000
0.960000
0.960000
0.960000
0.960000
0.960000
0.960000
0.960000
0.960000
0.960000
0.960000
0.960000
0.960000
0.960000
0.960000
0.960000
0.960000
0.960000
0.960000
0.960000
0.960000
0.960000
0.960000
0.960000
0.960000
0.960000
0.960000
0.960000
0.960000
0.960000
0.960000
0.960000
0.960000
0.960000
0.960000
0.960000
0.960000
0.960000
0.960000
0.960000
0.960000
0.960000
0.960000
0.960000
0.960000
0.960000
0.960000
0.960000
0.960000
0.960000
0.960000
0.960000
0.960000
0.960000
0.960000
0.960000
0.960000
0.960000
0.960000
0.960000
0.960000
0.960000
0.960000
0.960000
0.960000
0.960000
0.960000
0.960000
0.960000
0.960000
0.960000
0.960000
0.960000
0.960000
0.960000
0.960000
0.960000
0.960000
0.960000
0.960000
0.960000
0.960000
0.960000
0.960000
0.960000
0.960000
0.960000
0.960000
0.960000
0.960000
0.960000
0.960000
0.960000
0.960000
0.960000
0.960000
0.960000
0.960000
0.960000
0.960000
0.960000
0.960000
0.960000
0.960000
0.960000
0.960000
0.960000
0.960000
0.960000
0.960000
0.960000
0.960000
0.960000
0.960000
0.960000
0.960000
0.960000
0.960000
0.960000
0.960000
0.960000
0.960000
0.960000
0.960000
0.960000
0.960000
0.960000
0.960000
0.960000
0.960000
0.960000
0.960000
0.960000
0.960000
0.960000
0.960000
0.960000
0.960000
0.960000
0.960000
0.960000
0.960000
0.960000
0.960000
0.960000
0.960000
0.960000
0.960000
0.960000
0.960000
0.960000
0.960000
0.960000
0.960000
0.960000
0.960000
0.960000
0.960000
0.960000
0.960000
0.960000
0.960000
0.960000
0.960000
0.960000
0.960000
0.960000
0.960000
0.960000
0.960000
0.960000
0.960000
0.960000
0.960000
0.960000
0.960000
0.960000
0.960000
0.960000
0.960000
0.960000
0.960000
0.960000
0.960000
0.960000
0.960000
0.960000
0.960000
0.960000
0.960000
0.960000
0.960000
0.960000
0.960000
0.960000
0.960000
0.960000
0.960000
0.960000
0.960000
0.960000
0.960000
0.960000
0.960000
0.960000
0.960000
0.960000
0.960000
0.961887
0.961887
0.963301
0.964245
0.964245
0.964245
0.966367
0.966603
0.966603
0.966603
0.967310
0.972263
0.980752
0.987591
0.987591
0.987591
0.987591
0.987591
0.987591
0.987591
0.987591
0.987591
0.987591
0.987591
0.987591
0.987591
0.987591
0.987591
0.987591
0.987591
0.985704
0.985704
0.984289
0.983346
0.983346
0.983346
0.981224
0.981224
0.981224
0.981224
0.980516
0.975564
0.967075
0.962358
0.963066
0.966131
0.967075
0.967075
0.967075
0.967075
0.967075
0.967075
0.967075
0.967075
0.967075
0.967075
0.967075
0.967075
0.967075
0.967075
0.967075
0.967075
0.967075
0.967075
0.967075
0.967075
0.967075
0.966839
0.974385
0.994429
0.994429
0.994429
0.994429
0.993958
0.993250
0.990185
0.989241
0.989241
0.989241
0.989241
0.989241
0.989241
0.989241
0.989241
0.989241
0.989241
0.989241
0.989241
0.989241
0.989241
0.989241
0.989241
0.989241
0.989241
0.989241
0.989241
0.989241
0.989241
0.981695
0.961651
0.961651
0.961651
0.961651
0.960000
0.960000
0.960000
0.960000
0.960000
0.960000
0.960000
0.960000
0.960000
0.960000
0.960000
0.960000
0.960000
0.960000
0.960000
0.960000
0.960000
0.960000
0.960000
0.960000
0.960000
0.960472
0.960472
0.960472
0.960472
0.960472
0.960472
0.960472
0.960472
0.960472
0.960472
0.960472
0.960472
0.960472
0.960472
0.960472
0.960472
0.960472
0.960472
0.960472
0.960472
0.960472
0.960472
0.960472
0.960472
0.960472
0.960472
0.960472
0.960472
0.960472
0.960472
0.960000
0.960000
0.960000
0.960472
0.984997
0.994665
0.994665
0.994665
0.994665
0.994665
0.994665
0.994665
1.026029
1.063053
1.080739
1.098425
1.115876
1.133562
1.149362
1.149362
1.149362
1.149362
1.149362
1.149362
1.149362
1.149362
1.149362
1.149362
1.149362
1.149362
1.152428
1.170822
1.188980
1.206666
1.195111
1.185442
1.185442
1.185442
1.190395
1.195583
1.201242
1.219636
1.207138
1.188508
1.188980
1.189451
1.190395
1.190866
1.185207
1.185207
1.185207
1.185207
1.189923
1.195111
1.195111
1.195111
1.195111
1.195111
1.195111
1.195111
1.192045
1.173652
1.155493
1.137335
1.128374
1.137100
1.139222
1.139222
1.134270
1.129082
1.123422
1.105028
1.086163
1.067769
1.049611
1.031453
1.013059
0.994901
0.984761
0.984761
0.984761
0.984761
0.980045
0.974857
0.974857
0.974857
0.974857
0.974857
0.974857
0.974857
0.974857
0.974857
0.974857
0.974857
0.970848
0.962122
0.960000
0.960000
0.960000
0.960472
0.960472
0.960472
0.960472
0.960472
0.960472
0.960472
0.960472
0.960472
0.960472
0.960472
0.960472
0.960472
0.960472
0.960472
0.960472
0.960472
0.960472
0.960472
0.960472
0.960472
0.960472
0.960472
0.964481
0.964481
0.964481
0.964481
0.964952
0.972734
0.981459
0.984053
0.984053
0.984053
0.984053
0.984053
0.984053
0.984053
0.984053
0.984053
0.984053
0.984053
0.984053
0.984053
0.984761
0.987119
0.989241
0.989241
0.989241
0.989241
0.989241
0.989241
0.989241
0.989241
0.985233
0.985233
0.985233
0.985233
0.984761
0.977451
0.968725
0.965660
0.965895
0.965895
0.965895
0.966367
0.966367
0.966367
0.966367
0.966367
0.966367
0.966367
0.966367
0.966367
0.965660
0.963537
0.961887
0.961887
0.961887
0.961887
0.961887
0.961887
0.961887
0.961887
0.961887
0.961887
0.961887
0.962358
0.962358
0.964009
0.965660
0.966839
0.968961
0.968961
0.968961
0.968489
0.968489
0.968489
0.968489
0.968489
0.968489
0.968489
0.968489
0.968489
0.968489
0.968254
0.967782
0.967782
0.967782
0.967782
0.967782
0.967782
0.967782
0.967782
0.967782
0.967782
0.967782
0.967310
0.967310
0.965188
0.963537
0.962358
0.960000
0.960000
0.960000
0.960000
0.960000
0.960000
0.960000
0.960000
0.960000
0.960000
0.960000
0.960000
0.960000
0.960000
0.960000
0.960000
0.960000
0.960000
0.960000
0.960000
0.960000
0.960000
0.960000
0.960000
0.960000
0.960000
0.960000
0.960000
0.960707
0.960707
0.960707
0.960707
0.960707
0.960707
0.960707
0.962122
0.962358
0.963066
0.963066
0.963066
0.963066
0.963066
0.963066
0.963066
0.963066
0.963066
0.963066
0.963066
0.963066
0.963066
0.963066
0.963066
0.963066
0.963066
0.963066
0.963066
0.963066
0.963066
0.962358
0.962358
0.962358
0.962358
0.962358
0.962358
0.962358
0.960943
0.960707
0.960000
0.960000
0.960000
0.960000
0.960000
0.960000
0.960000
0.960000
0.960000
0.960000
0.960000
0.960000
0.960000
0.960000
0.960000
0.960000
0.960000
0.960000
0.960000
0.960000
0.960000
0.960000
0.960000
0.960000
0.960000
0.960000
0.960000
0.960000
0.960000
0.960000
0.960000
0.960000
0.960000
0.960000
0.960000
0.960000
0.960000
0.960000
0.960000
0.960000
0.960000
0.960000
0.960472
0.960472
0.960472
0.960472
0.960472
0.960472
0.960472
0.960472
0.960472
0.960472
0.960472
0.960472
0.960472
0.960707
0.960707
0.960707
0.960707
0.960707
0.960707
0.960707
0.960707
0.960707
0.960707
0.960707
0.960707
0.960707
0.960707
0.960707
0.960707
0.960707
0.960236
0.960236
0.960472
0.960472
0.960472
0.960472
0.960472
0.960472
0.960472
0.960472
0.960472
0.960472
0.960472
0.960236
0.960236
0.960236
0.960236
0.960236
0.960707
0.960707
0.960707
0.960707
0.960707
0.960707
0.960707
0.960707
0.960707
0.961179
0.961179
0.961179
0.961179
0.961179
0.960943
0.960943
0.960943
0.960943
0.960943
0.960943
0.960943
0.960943
0.960943
0.960943
0.960943
0.960943
0.960943
0.960943
0.960943
0.960943
0.960472
0.960472
0.960472
0.960472
0.960472
0.960472
0.960472
0.960472
0.960472
0.960000
0.960000
0.960000
0.960000
0.960000
0.960000
0.960000
0.960000
0.960000
0.960000
0.960000
0.960000
0.960000
0.960000
0.960000
0.960000
0.960000
0.960000
0.960000
0.960000
0.960000
0.960000
0.960000
0.960000
0.960000
0.960000
0.960000
0.960000
0.960000
0.960000
0.960000
0.960000
0.960000
0.960000
0.960000
0.960000
0.960000
0.960000
0.960000
0.960000
0.960000
0.960000
0.960000
0.960000
0.960000
0.960000
0.960000
0.960000
0.960000
0.960000
0.960000
0.960000
0.960000
0.960000
0.967075
0.975092
0.983110
0.988062
0.988062
0.988062
0.988062
0.988062
0.988062
0.988062
0.988062
0.988062
0.988062
0.988062
0.988062
0.988062
0.988062
0.988062
0.988062
0.988062
0.988062
0.988062
0.988062
0.988062
0.988062
0.988062
0.988062
0.988062
0.988062
0.988062
0.980988
0.972970
0.964952
0.960000
0.960000
0.960000
0.960000
0.960000
0.960000
0.960000
0.960000
0.960000
0.960000
0.960000
0.960000
0.960000
0.960000
0.960000
0.960000
0.960000
0.960000
0.960000
0.960000
0.960000
0.960000
0.971083
0.987355
0.987355
0.987355
0.987355
0.987355
0.987591
0.987591
0.987591
0.987591
0.987591
0.987591
0.987591
0.987591
0.987591
0.988298
0.989241
0.991128
0.991128
0.991128
0.991600
0.991600
0.991600
0.991600
0.991600
0.993486
0.993486
0.993486
0.993486
0.993486
0.982403
0.966131
0.966131
0.966131
0.966131
0.966131
0.965895
0.965895
0.965895
0.965895
0.965895
0.965895
0.965895
0.965895
0.965895
0.965188
0.964245
0.962358
0.962358
0.962358
0.961887
0.962358
0.965424
0.973206
0.973677
0.973206
0.973206
0.976036
0.976743
0.976743
0.976743
0.976743
0.976743
0.976743
0.976743
0.977686
0.978158
0.978158
0.979101
0.979101
0.981459
0.983346
0.983818
0.984053
0.984053
0.984053
0.984053
0.984053
0.984053
0.984053
0.984053
0.983582
0.980516
0.972734
0.972263
0.970848
0.970848
0.968018
0.967310
0.967310
0.967310
0.967310
0.967310
0.967310
0.967310
0.966367
0.965895
0.965895
0.964952
0.964952
0.962594
0.960707
0.960236
0.960000
0.960000
0.960000
0.960000
0.960000
0.960000
0.960000
0.960000
0.960000
0.960000
0.960000
0.960000
0.960000
0.960000
0.960707
0.960707
0.960707
0.960707
0.960707
0.960707
0.960707
0.960707
0.960707
0.960707
0.960707
0.960707
0.960707
0.960707
0.960707
0.960707
0.960707
0.960707
0.960707
0.960707
0.960707
0.960707
0.960707
0.960707
0.960707
0.960707
0.960707
0.960707
0.960707
0.960707
0.960000
0.960000
0.960000
0.960000
0.960000
0.960000
0.960000
0.960000
0.960000
0.960000
0.960000
0.960000
0.960000
0.960000
0.960000
0.960000
0.960000
0.960000
0.960000
0.960000
0.960000
0.960000
0.960000
0.960000
0.960000
0.960000
0.960000
0.960000
0.960000
0.960000
0.960000
0.960000
0.960000
0.960000
0.960000
0.960000
0.960000
0.960000
0.960000
0.960000
0.960000
0.960000
0.960000
0.960000
0.960000
0.960000
0.960000
0.960000
0.960000
0.960000
0.960000
0.960000
0.960000
0.960000
0.960000
0.960000
0.960000
0.960000
0.960000
0.960000
0.960000
0.960000
0.960000
0.960000
0.960000
0.960000
0.960000
0.960000
0.960000
0.960000
0.960000
0.960000
0.960000
0.960000
0.960000
0.960000
0.960000
0.960000
0.960000
0.960000
0.960000
0.960000
0.960000
0.960000
0.960000
0.960000
0.960000
0.960000
0.960000
0.960707
0.960707
0.960707
0.960707
0.961179
0.961887
0.961887
0.961887
0.961887
0.961887
0.961887
0.961887
0.961887
0.961887
0.961887
0.961887
0.962122
0.962122
0.962122
0.962122
0.962122
0.962122
0.962122
0.962122
0.962122
0.962122
0.962122
0.962122
0.962122
0.962122
0.961415
0.961415
0.961415
0.961415
0.960943
0.960236
0.960236
0.960236
0.960236
0.960236
0.960236
0.960236
0.960236
0.960236
0.960236
0.960236
0.960000
0.960000
0.960000
0.960000
0.960000
0.960000
0.960000
0.960000
0.960000
0.960000
0.960000
0.960000
0.960000
0.960000
0.960000
0.961651
0.966603
0.972027
0.972027
0.972027
0.972263
0.972263
0.972734
0.972734
0.972734
0.972734
0.972734
0.972734
0.972734
0.972734
0.972734
0.972734
0.972734
0.972734
0.972734
0.972734
0.972734
0.972734
0.972734
0.972734
0.972734
0.972734
0.972734
0.972734
0.972734
0.971083
0.966131
0.960707
0.960707
0.960707
0.960472
0.960472
0.960000
0.960000
0.960000
0.960000
0.960000
0.960000
0.960000
0.960000
0.960000
0.960000
0.960000
0.960000
0.960000
0.960000
0.960000
0.960000
0.960000
0.960000
0.960000
0.960000
0.960000
0.960000
0.960000
0.960000
0.960000
0.960000
0.960000
0.960000
0.960000
0.960000
0.960000
0.960000
0.960000
0.960000
0.960000
0.960000
0.960000
0.960000
0.960000
0.960000
0.960000
0.960000
0.960000
0.960000
0.960000
0.960000
0.960000
0.960000
0.960000
0.960000
0.960000
0.960000
0.960000
0.960000
0.960000
0.960000
0.960000
0.960000
0.960000
0.960000
0.960000
0.960000
0.960000
0.960000
0.960000
0.960000
0.960000
0.960000
0.960000
0.960000
0.960000
0.960000
0.960000
0.960236
0.960236
0.960236
0.960236
0.960236
0.960236
0.960236
0.960236
0.960236
0.960236
0.960236
0.960236
0.960236
0.960236
0.960236
0.960236
0.960236
0.960236
0.960236
0.960236
0.960236
0.960236
0.960236
0.960236
0.960236
0.960236
0.960236
0.960236
0.960236
0.960236
0.960000
0.960000
0.960000
0.960000
0.960000
0.960000
0.960000
0.960000
0.960000
0.960000
0.960000
0.960000
0.960000
0.960000
0.960000
0.960000
0.960000
0.960000
0.960000
0.960000
0.960000
0.960000
0.960000
0.960000
0.960000
0.960000
0.960000
0.960000
0.960000
0.960000
0.960000
0.960000
0.960000
0.960000
0.960000
0.960000
0.960000
0.960000
0.960000
0.960000
0.960000
0.960000
0.960000
0.960000
0.960000
0.960000
0.960000
0.960000
0.960000
0.960000
0.960000
0.960000
0.960000
0.960000
0.960000
0.960000
0.960000
0.960000
0.960000
0.960000
0.960000
0.960000
0.960000
0.960000
0.960000
0.960000
0.960000
0.960000
0.960000
0.960000
0.960000
0.960000
0.960000
0.960000
0.960000
0.960000
0.960000
0.960000
0.960000
0.960000
0.960000
0.960000
0.960000
0.960000
0.960000
0.960000
0.960000
0.960000
0.960000
0.960000
0.960000
0.960000
0.960000
0.960000
0.960000
0.960000
0.960000
0.960000
0.960000
0.960000
0.960000
0.960000
0.960000
0.960000
0.960000
0.960000
0.960000
0.960000
0.960000
0.960000
0.960000
0.960000
0.960000
0.960000
0.960000
0.960000
0.960000
0.960000
0.960000
0.960000
0.960000
0.960000
0.960000
0.960000
0.960000
0.960000
0.960000
0.960000
0.960000
0.960000
0.960000
0.960000
0.960000
0.960000
0.960000
0.960000
0.960000
0.960000
0.960000
0.960000
0.960000
0.960000
0.960000
0.960000
0.960000
0.960000
0.960000
0.960000
0.960000
0.960000
0.960000
0.960000
0.960000
0.960000
0.960000
0.960000
0.960000
0.960000
0.960000
0.960000
0.960000
0.960000
0.960000
0.960000
0.960000
0.960000
0.960000
0.960000
0.960000
0.960000
0.960000
0.960000
0.960000
0.960000
0.960000
0.960000
0.960000
0.960000
0.960000
0.960000
0.960000
0.960000
0.960000
0.960000
0.960000
0.960000
0.960000
0.960000
0.960000
0.960000
0.960000
0.960000
0.960000
0.960000
0.960000
0.960000
0.960000
0.960000
0.960000
0.960000
0.960000
0.960000
0.960000
0.960000
0.960000
0.960000
0.960000
0.960000
0.960000
0.960000
0.960000
0.960000
0.960000
0.960000
0.960000
0.960000
0.960000
0.960000
0.960000
0.960000
0.960000
0.960000
0.960000
0.960000
0.960000
0.960000
0.960000
0.960000
0.960000
0.960000
0.960000
0.960000
0.960000
0.960000
0.960000
0.960000
0.960000
0.960000
0.960000
0.960000
0.960000
0.960000
0.960000
0.960000
0.960000
0.960000
0.960000
0.960000
0.960000
0.960000
0.960000
0.960000
0.960000
0.960000
0.960000
0.960000
0.960000
0.960000
0.960000
0.960000
0.960000
0.960236
0.960236
0.960236
0.960236
0.960236
0.960236
0.960236
0.960236
0.960236
0.960236
0.960236
0.960236
0.960236
0.960236
0.960236
0.960236
0.960236
0.960236
0.960236
0.960236
0.960236
0.960236
0.960236
0.960236
0.960236
0.960236
0.960236
0.960236
0.960236
0.960236
0.960000
0.960000
0.960000
0.960000
0.960000
0.960000
0.960000
0.960000
0.960000
0.960000
0.960000
0.960000
0.960000
0.960000
0.960000
0.960000
0.960000
0.960000
0.960000
0.960000
0.960000
0.960000
0.960000
0.960000
0.960000
0.960000
0.960000
0.960000
0.960000
0.960000
0.960000
0.960000
0.960000
0.960000
0.960000
0.960000
0.960000
0.960000
0.960000
0.960000
0.960000
0.960000
0.960000
0.960000
0.960000
0.960000
0.960000
0.960000
0.960000
0.960000
0.960000
0.960000
0.960000
0.960000
0.960000
0.960000
0.960000
0.962122
0.963537
0.963537
0.963537
0.965424
0.965895
0.965895
0.966131
0.966131
0.966131
0.966131
0.966131
0.966131
0.966131
0.966131
0.966131
0.966131
0.966131
0.966131
0.966131
0.966131
0.966131
0.966131
0.966131
0.966131
0.966131
0.966131
0.966131
0.966131
0.966131
0.964009
0.962594
0.962594
0.962594
0.960707
0.960236
0.960236
0.960000
0.961179
0.984761
0.996552
1.018483
1.018483
1.018483
1.018483
1.018483
1.018483
1.018483
1.018483
1.018483
1.018483
1.018483
1.018483
1.018483
1.018483
1.018483
1.018483
1.018483
1.018483
1.021313
1.030510
1.038292
1.038528
1.038528
1.038528
1.038528
1.038528
1.038528
1.037348
1.013767
1.001976
0.981459
0.981459
0.981459
0.981459
0.981459
0.981459
0.982403
0.989006
0.997731
1.002447
1.002447
1.002447
1.002447
1.002447
1.002447
1.002447
1.002447
1.002447
0.999617
0.990421
0.982639
0.982403
0.982403
0.982403
0.982403
0.982403
0.982403
0.982403
0.982403
0.982403
0.980988
0.981459
0.981459
0.981459
0.981459
0.981459
0.980516
0.973913
0.965188
0.960472
0.960472
0.960472
0.960472
0.960472
0.960472
0.960472
0.960472
0.960472
0.960943
0.961179
0.961179
0.961179
0.961179
0.961179
0.961179
0.961179
0.961179
0.961179
0.961179
0.961179
0.961179
0.960707
0.960707
0.960943
0.961415
0.961415
0.961415
0.961415
0.961415
0.961415
0.961415
0.961651
0.961651
0.961651
0.961651
0.963066
0.967075
0.975564
0.983818
0.985468
0.987119
0.987119
0.987119
0.987119
0.987119
0.987119
0.987119
0.987119
0.987119
0.987119
0.987119
0.987119
0.987119
0.986883
0.986412
1.001268
1.057865
1.114933
1.172001
1.229069
1.286137
1.343205
1.402631
1.461350
1.520540
1.578316
1.633733
1.684670
1.735371
1.792675
1.850215
1.909405
1.968595
2.028022
2.087448
2.146874
2.151119
2.151119
2.151119
2.151119
2.151119
2.151119
2.151119
2.151119
2.151119
2.136262
2.079666
2.022598
1.965530
1.908462
1.851394
1.794090
1.734664
1.675945
1.617933
1.558743
1.499317
1.439891
1.380464
1.321274
1.262083
1.202893
1.143703
1.084276
1.024850
0.965424
0.961179
0.961179
0.961179
0.961179
0.961179
0.961179
0.961179
0.961179
0.961179
0.961179
0.961179
0.961179
0.961179
0.961179
0.961179
0.961179
0.961179
0.961179
0.960000
0.960000
0.960000
0.960000
0.960000
0.960000
0.960000
0.960000
0.960000
0.960000
0.960000
0.960000
0.960000
0.960000
0.960000
0.960000
0.960000
0.960000
0.960000
0.960000
0.960000
0.960000
0.960000
0.960000
0.960000
0.960000
0.960000
0.960236
0.960472
0.960472
0.960472
0.960472
0.960472
0.960472
0.960472
0.960472
0.960472
0.960472
0.960472
0.960472
0.960472
0.960472
0.960472
0.960472
0.960472
0.960472
0.960472
0.960472
0.960472
0.960472
0.961179
0.961179
0.961179
0.961179
0.961179
0.961179
0.961179
0.960943
0.960707
0.960707
0.960707
0.960707
0.960707
0.960707
0.960707
0.960707
0.960707
0.960707
0.960707
0.960707
0.960707
0.960707
0.960707
0.960707
0.960707
0.960707
0.960943
0.960943
0.962358
0.964481
0.964481
0.967782
0.969669
0.970612
0.970612
0.970612
0.970612
0.970612
0.970612
0.970612
0.970612
0.970612
0.970612
0.970612
0.970612
0.970612
0.970612
0.970612
0.970612
0.970612
0.970612
0.970612
0.970612
0.970612
0.970612
0.970612
0.970376
0.970376
0.968961
0.966839
0.966131
0.962830
0.960943
0.960000
0.960000
0.960000
0.960000
0.960000
0.960000
0.960000
0.960000
0.965660
0.968961
0.968961
0.968961
0.968961
0.968961
0.968961
0.968961
0.968961
0.968961
0.968961
0.968961
0.968961
0.968961
0.968961
0.968961
0.968961
0.968961
0.968961
0.970140
0.973206
0.975800
0.975800
0.975800
0.975800
0.975800
0.975800
0.977451
0.980280
0.982874
0.977215
0.973913
0.973913
0.973913
0.973913
0.973913
0.973913
0.973913
0.973913
0.973913
0.973913
0.973913
0.973913
0.973913
0.973913
0.973913
0.973913
0.973913
0.973913
0.972734
0.969669
0.967075
0.967075
0.967075
0.967075
0.967075
0.967075
0.965424
0.962594
0.960000
0.960000
0.960000
0.960000
0.960000
0.960000
0.960000
0.960000
0.960000
0.960000
0.960000
0.960000
0.960000
0.960000
0.960000
0.960000
0.960000
0.960000
0.960000
0.960000
0.960000
0.960000
0.960000
0.960000
0.960000
0.960000
0.960000
0.960000
0.960000
0.960000
0.960000
0.960000
0.960000
0.960000
0.960000
0.960000
0.960000
0.960000
0.960472
0.960472
0.960472
0.960472
0.960472
0.960472
0.960472
0.960472
0.960472
0.960472
0.960472
0.960472
0.960472
0.960472
0.960707
0.960707
0.960707
0.960707
0.960707
0.960707
0.960707
0.960707
0.960707
0.960707
0.960707
0.960707
0.960707
0.960707
0.960707
0.960707
0.960236
0.960236
0.960236
0.960236
0.960236
0.960236
0.960236
0.960236
0.960236
0.960236
0.960236
0.960236
0.960236
0.960236
0.960000
0.960000
0.960000
0.960000
0.960000
0.960000
0.960000
0.960000
0.960236
0.960236
0.960236
0.960236
0.960236
0.960236
0.960236
0.960236
0.960236
0.960236
0.960236
0.960236
0.960236
0.960236
0.960236
0.960236
0.960236
0.960236
0.960236
0.960236
0.960236
0.960236
0.960236
0.960236
0.960236
0.960236
0.960236
0.960236
0.960236
0.960236
0.960000
0.960000
0.960000
0.960000
0.960000
0.960000
0.960000
0.960000
0.960000
0.960000
0.960000
0.960000
0.960000
0.960000
0.960000
0.960000
0.960000
0.960000
0.960000
0.960000
0.960000
0.960000
0.960000
0.960000
0.960000
0.960000
0.960000
0.960000
0.960000
0.960000
0.960000
0.960000
0.960000
0.960000
0.960000
0.960000
0.960000
0.960000
0.960000
0.960000
0.960000
0.960000
0.960000
0.960000
0.960000
0.960000
0.960000
0.960000
0.960000
0.960000
0.961415
0.961415
0.961651
0.961651
0.961651
0.961651
0.961651
0.961651
0.961651
0.961651
0.961651
0.961651
0.961651
0.961651
0.961651
0.961651
0.961651
0.961651
0.961651
0.961651
0.961651
0.961651
0.961651
0.961651
0.961651
0.961651
0.961651
0.961651
0.961651
0.961651
0.960236
0.960236
0.960000
0.960000
0.960000
0.960000
0.960000
0.960000
0.960000
0.960000
0.960000
0.960000
0.960000
0.960000
0.960000
0.960000
0.960000
0.960000
0.960000
0.960000
0.960000
0.960000
0.960000
0.960000
0.960236
0.960236
0.960236
0.960236
0.960236
0.961887
0.961887
0.961887
0.961887
0.961887
0.961887
0.961887
0.961887
0.961887
0.961887
0.961887
0.961887
0.961887
0.961887
0.961887
0.961887
0.961887
0.961887
0.961887
0.961887
0.961887
0.961887
0.961887
0.961887
0.961887
0.961651
0.961651
0.961651
0.961651
0.961651
0.960000
0.960000
0.960000
0.960000
0.960000
0.960000
0.960000
0.960000
0.960000
0.960000
0.960000
0.960000
0.960000
0.960000
0.960000
0.960000
0.960000
0.960000
0.960000
0.960000
0.960000
0.960236
0.960236
0.960236
0.960236
0.960236
0.960236
0.960236
0.960236
0.960236
0.960236
0.960236
0.960236
0.960236
0.960236
0.960236
0.960236
0.960236
0.960236
0.960236
0.960236
0.960236
0.960236
0.960236
0.960236
0.960236
0.960236
0.960236
0.960236
0.960236
0.960236
0.960000
0.960000
0.960000
0.960236
0.960707
0.960707
0.960707
0.960707
0.960707
0.960707
0.960707
0.960707
0.960707
0.960707
0.960707
0.960707
0.960707
0.960707
0.960707
0.960707
0.960707
0.960707
0.960707
0.960707
0.960707
0.960707
0.960707
0.960707
0.960707
0.960707
0.960707
0.960707
0.960707
0.960472
0.960000
0.960000
0.960000
0.960000
0.960000
0.960000
0.960000
0.960000
0.960000
0.960000
0.960000
0.960000
0.960000
0.960000
0.960000
0.960000
0.960000
0.960000
0.960000
0.960000
0.960000
0.960000
0.960000
0.960000
0.961179
0.961887
0.961887
0.961887
0.961887
0.961887
0.961887
0.961887
0.961887
0.961887
0.961887
0.962358
0.962358
0.962358
0.962358
0.962358
0.962358
0.962830
0.962830
0.962830
0.962830
0.962830
0.962830
0.962830
0.962830
0.962830
0.962830
0.962830
0.962830
0.962830
0.961651
0.960943
0.960943
0.960943
0.960943
0.960943
0.960943
0.960943
0.960943
0.960943
0.960943
0.960472
0.960472
0.960472
0.960472
0.960472
0.960472
0.960000
0.960000
0.960000
0.960000
0.960000
0.960000
0.960000
0.960000
0.960000
0.960000
0.960000
0.960000
0.960000
0.960000
0.960000
0.960000
0.960000
0.960000
0.960000
0.960000
0.960000
0.960000
0.960000
0.960000
0.960000
0.960000
0.960000
0.960000
0.960000
0.960000
0.960000
1.013531
1.075787
1.137807
1.199592
1.261376
1.323396
1.385416
1.447437
1.509221
1.571006
1.632790
1.694574
1.756123
1.817436
1.878513
1.939590
2.001138
2.062215
2.123057
2.183898
2.277518
2.379627
2.482915
2.582667
2.682418
2.781462
2.880977
2.980492
3.080715
3.180702
3.226687
3.264182
3.301913
3.339880
3.378082
3.416756
3.454723
3.493397
3.531836
3.570274
3.597393
3.615080
3.633002
3.650924
3.668375
3.686297
3.703512
3.721198
3.739120
3.756807
3.741714
3.718368
3.693843
3.672619
3.651160
3.630408
3.609184
3.588196
3.566501
3.555418
3.485615
3.385864
3.286113
3.186362
3.086375
2.985680
2.885693
2.784999
2.684776
2.584553
2.495650
2.416179
2.336708
2.257473
2.178945
2.099946
2.021183
1.942420
1.863656
1.785129
1.706601
1.627838
1.549074
1.470547
1.392255
1.313963
1.235672
1.157144
1.078617
0.989713
0.960000
0.960000
0.960000
0.960000
0.960000
0.960000
0.960000
0.960000
0.960000
0.960000
0.960000
0.960000
0.960000
0.960000
0.960000
0.960000
0.960000
0.960000
0.960000
0.960000
0.960000
0.960000
0.960000
0.960000
0.960000
0.960000
0.960000
0.960000
0.960000
0.960000
0.960000
0.960000
0.960000
0.960000
0.960000
0.960000
0.960000
0.960000
0.960000
0.960000
0.960000
0.960000
0.960000
0.960000
0.960000
0.960000
0.960000
0.960000
0.960000
0.960000
0.960000
0.960000
0.960000
0.960000
0.960000
0.960000
0.960000
0.960000
0.960000
0.960000
0.960000
0.960000
0.960000
0.960000
0.960000
0.960000
0.960000
0.960000
0.960000
0.960000
0.960000
0.960000
0.960000
0.960000
0.960000
0.960000
0.960000
0.960000
0.960000
0.960000
0.960000
0.960000
0.960000
0.960000
0.960000
0.960000
0.960000
0.960000
0.960000
0.960000
0.960000
0.960000
0.960000
0.960000
0.960000
0.960000
0.960000
0.960000
0.960000
0.960000
0.960000
0.960000
0.960000
0.960000
0.960000
0.960000
0.960000
0.960000
0.960000
0.960000
0.960000
0.960000
0.960000
0.960000
0.960000
0.960000
0.960000
0.960000
0.960000
0.960000
0.960000
0.960000
0.960000
0.960000
0.960000
0.960000
0.960000
0.960000
0.960000
0.960000
0.960000
0.960000
0.960000
0.960000
0.960000
0.960000
0.960000
0.960000
0.960000
0.960000
0.960000
0.960000
0.960000
0.960000
0.960000
0.960000
0.960000
0.960000
0.960000
0.960000
0.960000
0.960000
0.960000
0.960000
0.960000
0.960000
0.960000
0.960000
0.960000
0.960000
0.960000
0.960000
0.960000
0.960000
0.960000
0.960000
0.960000
0.960000
0.960000
0.960000
0.960000
0.960000
0.960000
0.960000
0.960000
0.960000
0.960000
0.960000
0.960000
0.960000
0.960000
0.960000
0.960000
0.960000
0.960000
0.960000
0.960000
0.960000
0.960000
0.960000
0.960000
0.960000
0.960000
0.960000
0.960000
0.960000
0.960000
0.960000
0.960000
0.960000
0.960000
0.960000
0.960000
0.960000
0.960000
0.960000
0.960000
0.960000
0.960000
0.960000
0.960000
0.960000
0.960000
0.960000
0.960000
0.960000
0.960000
0.960000
0.960000
0.960000
0.960000
0.960000
0.960000
0.960000
0.960000
0.960000
0.960000
0.960000
0.960000
0.960000
0.960000
0.960000
0.960000
0.960000
0.960000
0.960000
0.960000
0.960000
0.960000
0.960000
0.960000
0.960000
0.960000
0.960000
0.960000
0.960000
0.960000
0.960000
0.960000
0.960000
0.960000
0.960000
0.960000
0.960000
0.960000
0.960000
0.960000
0.960000
0.960000
0.960000
0.960000
0.960000
0.960000
0.960000
0.960000
0.960000
0.960000
0.960000
0.960000
0.960000
0.960000
0.960000
0.960000
0.960000
0.960000
0.960000
0.960000
0.960000
0.960000
0.960000
0.960000
0.960000
0.960000
0.960000
0.960000
0.960000
0.960472
0.960472
0.960472
0.960472
0.960472
0.960472
0.960472
0.960472
0.960472
0.960472
0.960472
0.960472
0.960472
0.960472
0.960472
0.960472
0.960472
0.960472
0.960472
0.960472
0.960472
0.960472
0.960472
0.960472
0.960472
0.960472
0.960472
0.960472
0.960472
0.960472
0.960000
0.960000
0.960000
0.960000
0.960000
0.960000
0.960000
0.960000
0.960000
0.960000
0.960000
0.960000
0.960000
0.960000
0.960000
0.960000
0.960000
0.960000
0.960000
0.960000
0.960000
0.960000
0.960000
0.960000
0.960000
0.960000
0.960000
0.960000
0.960000
0.960000
0.960000
0.960000
0.960000
0.960000
0.960000
0.960000
0.960000
0.960000
0.960000
0.960000
0.960000
0.960000
0.960000
0.960000
0.960000
0.960000
0.960000
0.960000
0.960000
0.960000
0.960000
0.960000
0.960000
0.960000
0.960000
0.960000
0.960000
0.960000
0.960000
0.960000
0.960000
0.960000
0.960000
0.960000
0.960000
0.960000
0.960000
0.960000
0.960000
0.960000
0.960000
0.960000
0.960000
0.960000
0.960000
0.960000
0.960000
0.960000
0.960000
0.960000
0.960000
0.960000
0.960000
0.960000
0.960000
0.960000
0.960000
0.960000
0.960000
0.960000
0.960000
0.960000
0.960000
0.960000
0.960000
0.960000
0.960000
0.960000
0.960000
0.960000
0.960000
0.960000
0.960000
0.960000
0.960000
0.960000
0.960000
0.960000
0.960000
0.960000
0.960000
0.960000
0.960000
0.960000
0.960000
0.960000
0.960000
0.960000
0.960000
0.960000
0.960000
0.960000
0.960000
0.960000
0.960000
0.960000
0.960000
0.960000
0.960000
0.960000
0.960000
0.960000
0.960000
0.960000
0.960000
0.963301
0.963301
0.963301
0.963301
0.964716
0.964716
0.964716
0.964716
0.966367
0.967310
0.968489
0.968489
0.968489
0.968489
0.968489
0.968489
0.968489
0.968489
0.968489
0.968489
0.968489
0.968489
0.968489
0.968489
0.968489
0.968489
0.968489
0.968489
0.968489
0.968489
0.965188
0.965188
0.965188
0.965188
0.963773
0.964009
0.964009
0.964245
0.962594
0.961651
0.960472
0.960472
0.960472
0.960472
0.960472
0.960472
0.960472
0.960472
0.960472
0.960472
0.960472
0.960472
0.960472
0.960472
0.960472
0.960472
0.961179
0.961179
0.961179
0.961179
0.961179
0.961415
0.965895
0.975328
0.982874
0.982639
0.982639
0.982403
0.982403
1.002919
1.025793
1.034990
1.037584
1.038292
1.044187
1.047724
1.047724
1.047724
1.047724
1.047724
1.047724
1.048904
1.048904
1.048904
1.048904
1.048904
1.048196
1.048196
1.048196
1.048196
1.048196
1.047960
1.043480
1.034047
1.026501
1.026972
1.026972
1.026972
1.026972
1.006456
0.983582
0.974385
0.972734
0.979337
0.981931
0.981931
0.981931
0.981931
0.981931
0.981931
0.981931
0.980752
0.980988
0.980988
0.980988
0.980988
0.980988
0.980988
0.980988
0.980988
0.980988
0.980988
0.980988
0.980988
0.980988
0.980988
0.980988
0.980988
0.980988
0.980988
0.981224
0.981459
0.980988
0.973677
0.965188
0.961651
0.961651
0.961651
0.961651
0.961651
0.961651
0.961651
0.961415
0.961415
0.961415
0.961415
0.961415
0.961415
0.961415
0.961415
0.961415
0.961415
0.961415
0.961415
0.961415
0.960943
0.960943
0.960943
0.961415
0.961415
0.962830
0.964952
0.964481
0.964481
0.964481
0.964481
0.964481
0.964481
0.964481
0.964481
0.964481
0.964481
0.964481
0.964481
0.964481
0.964481
0.964481
0.964481
0.965424
0.965424
0.965424
0.965424
0.965424
0.965424
0.965424
0.966131
0.966131
0.966131
0.965660
0.965660
0.964245
0.970376
0.980280
0.982639
0.982639
0.982639
0.982639
0.982639
0.982639
0.982639
0.982639
0.982639
0.983818
0.984997
0.984997
0.984997
0.984997
0.984997
0.984053
0.984053
0.984053
0.984053
0.984053
0.984053
0.984053
0.983346
0.983346
0.983346
0.983346
0.983346
0.983110
0.974621
0.964716
0.962358
0.962358
0.962358
0.962358
0.962358
0.962358
0.962358
0.962358
0.962358
0.961179
0.960000
0.960000
0.960000
0.960000
0.960000
0.960000
0.960000
0.960000
0.960000
0.960000
0.960000
0.960000
0.960000
0.960000
0.960000
0.960000
0.960000
0.960472
0.960472
0.960472
0.960472
0.960472
0.960472
0.960472
0.960472
0.960472
0.960472
0.960472
0.960472
0.960472
0.960472
0.960472
0.960472
0.960472
0.960472
0.960472
0.960472
0.960472
0.960472
0.960472
0.960472
0.960472
0.960472
0.960472
0.960472
0.960472
0.960472
0.960000
0.960000
0.960000
0.960000
0.960000
0.960000
0.960000
0.960000
0.960000
0.960000
0.960000
0.960000
0.960000
0.960000
0.960000
0.960000
0.960000
0.960000
0.960000
0.960000
0.960000
0.960000
0.960000
0.960000
0.960000
0.960000
0.960000
0.960000
0.960000
0.960000
0.960000
0.960000
0.960000
0.960000
0.960000
0.960000
0.960236
0.960236
0.960236
0.960236
0.960236
0.960236
0.960707
0.960707
0.960707
0.960707
0.960707
0.960707
0.960707
0.960707
0.960707
0.960707
0.960707
0.960707
0.960707
0.960707
0.960707
0.960707
0.960707
0.960707
0.960707
0.960707
0.960707
0.960707
0.960707
0.960707
0.960472
0.960472
0.960472
0.960472
0.960472
0.960472
0.960000
0.960000
0.960000
0.960000
0.960000
0.960000
0.960000
0.960000
0.960000
0.960000
0.960000
0.960000
0.960000
0.960000
0.960236
0.960236
0.960236
0.960236
0.960236
0.960236
0.960236
0.960236
0.960236
0.960236
0.961415
0.962358
0.962358
0.962358
0.962358
0.962358
0.962358
0.962358
0.962358
0.962358
0.962358
0.962358
0.962358
0.962358
0.962358
0.962358
0.962358
0.962358
0.962358
0.962358
0.962122
0.962122
0.962122
0.962122
0.962122
0.962122
0.962122
0.962122
0.962122
0.962122
0.961887
0.960943
0.961887
0.964716
0.964952
0.965660
0.967310
0.967546
0.967546
0.967546
0.968725
0.968725
0.968725
0.968725
0.968725
0.968725
0.968725
0.968725
0.969197
0.969197
0.969197
0.969197
0.969197
0.969197
0.969197
0.969197
0.969197
0.969197
0.969197
0.969197
0.968254
0.968254
0.967310
0.964481
0.964245
0.963537
0.961887
0.961651
0.961651
0.961651
0.960472
0.960472
0.960472
0.960472
0.960472
0.960472
0.960472
0.960472
0.960000
0.960000
0.960000
0.960000
0.960000
0.960000
0.960000
0.960000
0.960000
0.960000
0.960000
0.960000
0.960000
0.960000
0.960000
0.960000
0.960000
0.960236
0.960236
0.960236
0.960236
0.960236
0.960236
0.960236
0.960236
0.960236
0.960236
0.960236
0.960236
0.960236
0.960236
0.960236
0.960236
0.960236
0.960236
0.960236
0.960236
0.960236
0.960236
0.960236
0.960236
0.960236
0.960236
0.960236
0.960236
0.960236
0.960236
0.960943
0.960943
0.960943
0.960943
0.960943
0.960943
0.960943
0.960943
0.960943
0.960943
0.960943
0.960943
0.960943
0.960943
0.960943
0.960943
0.960943
0.960943
0.960943
0.960943
0.960943
0.960943
0.960943
0.960943
0.960943
0.960943
0.960943
0.960943
0.960943
0.960943
0.960000
0.960000
0.960000
0.960000
0.960000
0.960000
0.960000
0.960000
0.960000
0.960000
0.960000
0.960000
0.960000
0.960000
0.960000
0.960000
0.960000
0.960000
0.960000
0.960000
0.960000
0.960000
0.960000
0.960000
0.960000
0.960000
0.960000
0.960000
0.960000
0.960000
0.960000
0.960000
0.960000
0.960000
0.960000
0.960000
0.960000
0.960000
0.960000
0.960000
0.960000
0.960000
0.960000
0.960000
0.960000
0.960000
0.960000
0.960000
0.960000
0.960000
0.960000
0.960000
0.960236
0.960236
0.960236
0.960236
0.960236
0.960236
0.960236
0.960236
0.960236
0.962122
0.962122
0.962122
0.962122
0.962122
0.962122
0.962122
0.962122
0.962122
0.962122
0.962122
0.969197
0.976507
0.983582
0.988770
0.988770
0.988770
0.988770
0.988770
0.988770
0.988770
0.988534
0.988534
0.988534
0.988534
0.988534
0.988770
0.988770
0.988770
0.988770
0.986883
0.987119
0.987119
0.987119
0.987119
0.987119
0.987119
0.987119
0.987119
0.987355
0.988062
0.982403
0.978630
0.971791
0.966603
0.966603
0.966603
0.966603
0.967075
0.967310
0.967310
0.967310
0.967310
0.968725
0.969904
0.970140
0.970140
0.970612
0.971319
0.971791
0.972263
0.972027
0.972027
0.972027
0.972027
0.972027
0.972027
0.972027
0.972027
0.971791
0.971083
0.969669
0.966131
0.965895
0.965895
0.965895
0.965895
0.965895
0.965424
0.965188
0.965188
0.965188
0.965188
0.963773
0.962594
0.962358
0.962122
0.961651
0.960943
0.960472
0.960000
0.960000
0.960000
0.960000
0.960000
0.960000
0.960000
0.960000
0.960000
0.960000
0.960000
0.960000
0.960000
0.960000
0.960000
0.960000
0.960000
0.960000
0.960000
0.960000
0.960000
0.960000
0.960000
0.960000
0.960000
0.960000
0.960000
0.960000
0.960000
0.960000
0.960000
0.960000
0.960000
0.960000
0.960000
0.960000
0.960000
0.960000
0.960000
0.960000
0.960000
0.960000
0.960000
0.960000
0.960000
0.960000
0.960000
0.960000
0.960000
0.960000
0.960000
0.960000
0.960000
0.960000
0.960000
0.960000
0.960000
0.960000
0.960000
0.960000
0.960000
0.960000
0.960000
0.960000
0.960000
0.960000
0.960000
0.960000
0.960000
0.960000
0.960000
0.960000
0.960000
0.960000
0.960000
0.960000
0.960000
0.960000
0.960000
0.960000
0.960000
0.960000
0.960000
0.960000
0.960000
0.960000
0.960000
0.960000
0.960000
0.960000
0.960000
0.960000
0.960000
0.960000
0.960000
0.960000
0.960000
0.960000
0.960000
0.960000
0.960000
0.960000
0.960000
0.960000
0.960000
0.960000
0.960000
0.960000
0.960000
0.960000
0.960000
0.960000
0.960000
0.960000
0.960000
0.960000
0.960000
0.960000
0.960000
0.960000
0.960000
0.960000
0.960000
0.960000
0.960000
0.960000
0.960000
0.960000
0.960000
0.960000
0.960000
0.960000
0.960000
0.960000
0.960236
0.960236
0.960236
0.960236
0.960236
0.960236
0.960236
0.960236
0.960236
0.960236
0.960236
0.960236
0.960236
0.960236
0.960236
0.960236
0.960236
0.960236
0.960236
0.960236
0.960236
0.960236
0.960236
0.960236
0.960236
0.960236
0.960236
0.960236
0.960236
0.960236
0.960000
0.960000
0.960000
0.960000
0.960000
0.960000
0.960000
0.960000
0.960000
0.960000
0.960000
0.960000
0.960000
0.960000
0.960000
0.960000
0.960000
0.960000
0.960000
0.960000
0.960000
0.960000
0.960000
0.960000
0.960000
0.960000
0.960000
0.960000
0.960000
0.960000
0.960000
0.960000
0.960000
0.960000
0.960000
0.960000
0.960000
0.960000
0.960000
0.960000
0.960000
0.960000
0.960000
0.960000
0.960000
0.960000
0.960000
0.960000
0.960000
0.960000
0.960000
0.960000
0.960000
0.960000
0.960000
0.960000
0.960000
0.960000
0.960000
0.960000
0.960000
0.960000
0.960000
0.960000
0.960000
0.960000
0.960000
0.960000
0.960000
0.960000
0.960000
0.960000
0.960000
0.960236
0.965424
0.972970
0.980045
0.980045
0.980045
0.980045
0.988062
0.995373
0.995609
0.995609
0.995609
0.995609
0.995609
0.995609
0.995609
0.995609
0.995609
0.995609
0.995609
0.995609
0.995609
0.995609
0.995609
0.995609
0.995609
0.995609
0.995609
0.995609
0.995609
0.995373
0.990185
0.982639
0.975564
0.975564
0.975564
0.975564
0.967546
0.960236
0.960000
0.960000
0.960000
0.960000
0.960000
0.960000
0.960000
0.960000
0.960000
0.960000
0.960000
0.960000
0.960000
0.960000
0.960000
0.960000
0.960000
0.960000
0.960000
0.960000
0.960000
0.960000
0.960000
0.960000
0.960000
0.960000
0.960000
0.960000
0.960000
0.960000
0.960000
0.960000
0.960000
0.960236
0.960236
0.960236
0.960236
0.960236
0.960236
0.960236
0.960236
0.960236
0.960236
0.960236
0.960236
0.960236
0.960236
0.960472
0.961651
0.961651
0.961651
0.961651
0.961651
0.961651
0.961651
0.961651
0.961651
0.961651
0.961651
0.961651
0.961651
0.961651
0.961651
0.961415
0.961415
0.961415
0.961415
0.961415
0.961415
0.961415
0.961415
0.961415
0.961415
0.961415
0.961415
0.961415
0.961415
0.961179
0.960000
0.960000
0.960000
0.960000
0.960000
0.960000
0.960000
0.960000
0.960000
0.960000
0.960000
0.960000
0.960000
0.960000
0.960000
0.960000
0.960000
0.960000
0.960000
0.960000
0.960000
0.960000
0.960000
0.960000
0.960000
0.960000
0.960000
0.960000
0.960000
0.960000
0.960000
0.960000
0.960000
0.960000
0.960000
0.960000
0.960000
0.960000
0.960000
0.960000
0.960000
0.960000
0.960000
0.960000
0.960000
0.960000
0.960000
0.960000
0.960000
0.960000
0.960000
0.960000
0.960000
0.960000
0.960000
0.960000
0.960000
0.960000
0.960000
0.960000
0.960000
0.960000
0.960000
0.960000
0.960000
0.960000
0.960000
0.960000
0.960000
0.960000
0.960000
0.960000
0.960000
0.960000
0.960000
0.960000
0.960000
0.960000
0.960000
0.960000
0.960000
0.960000
0.960000
0.960000
0.960000
0.960000
0.960000
0.960000
0.960000
0.960000
0.960000
0.960000
0.960000
0.960000
0.960000
0.960000
0.960000
0.960000
0.960000
0.960000
0.960000
0.960000
0.960000
0.960000
0.960000
0.960000
0.960000
0.960000
0.960000
0.960000
0.960000
0.960000
0.960000
0.960000
0.960000
0.960000
0.960000
0.960000
0.960000
0.960000
0.960000
0.960000
0.960000
0.960000
0.960000
0.960000
0.960000
0.960000
0.960000
0.960000
0.960000
0.960000
0.960000
0.960000
0.960000
0.960000
0.960000
0.960000
0.960000
0.960000
0.960000
0.960000
0.960000
0.960000
0.960000
0.960000
0.960000
0.960000
0.960000
0.960000
0.960000
0.960000
0.960000
0.960000
0.960000
0.960000
0.960000
0.960000
0.960000
0.960000
0.960000
0.960000
0.960000
0.960000
0.960000
0.960000
0.960000
0.960000
0.960000
0.960000
0.960000
0.960000
0.960000
0.960000
0.960000
0.960000
0.960000
0.960000
0.960000
0.960000
0.960000
0.960000
0.960000
0.960000
0.960000
0.960000
0.960000
0.960000
0.960000
0.960000
0.960000
0.960000
0.960000
0.960000
0.960000
0.960000
0.960000
0.960000
0.960000
0.960000
0.960000
0.960000
0.960000
0.960000
0.960000
0.960000
0.960000
0.960000
0.960000
0.960000
0.960000
0.960000
0.960000
0.960000
0.960000
0.960000
0.960000
0.960000
0.960000
0.960000
0.960000
0.960000
0.960000
0.960000
0.960000
0.960000
0.960000
0.960000
0.960000
0.960000
0.960000
0.960000
0.960000
0.960000
0.960000
0.960000
0.960000
0.960000
0.960000
0.960000
0.960000
0.960000
0.960000
0.960000
0.960000
0.960000
0.960000
0.960000
0.960000
0.960000
0.960000
0.960000
0.960000
0.960000
0.960000
0.960000
0.960000
0.960000
0.960000
0.960000
0.960000
0.960000
0.960000
0.960000
0.960000
0.960000
0.960000
0.960000
0.960000
0.960000
0.960000
0.960000
0.960000
0.960000
0.960000
0.960000
0.960000
0.960000
0.960000
0.960000
0.960000
0.960000
0.960000
0.960000
0.960000
0.960000
0.960000
0.960000
0.960000
0.960000
0.960000
0.960000
0.960000
0.960000
0.960000
0.960000
0.960000
0.960000
0.960000
0.960000
0.960000
0.960000
0.960000
0.960000
0.960000
0.960000
0.960000
0.960000
0.960000
0.960000
0.960000
0.960000
0.960000
0.960000
0.960000
0.960000
0.960000
0.960000
0.960000
0.960000
0.960000
0.960000
0.960000
0.960000
0.960000
0.960000
0.960000
0.960000
0.960000
0.960000
0.960000
0.960000
0.960000
0.960000
0.960000
0.960000
0.960000
0.960000
0.960000
0.960000
0.960000
0.960000
0.960000
0.960000
0.960000
0.960000
0.960000
0.960000
0.960236
0.960472
0.960472
0.960472
0.960472
0.960472
0.960472
0.960472
0.960472
0.960472
0.960472
0.960472
0.960472
0.960472
0.960472
0.960472
0.960472
0.960472
0.960472
0.960472
0.960472
0.960472
0.960472
0.960472
0.960472
0.960472
0.960472
0.960472
0.960472
0.960472
0.960236
0.960000
0.960000
0.960000
0.960000
0.960000
0.960000
0.960000
0.960000
0.960000
0.960000
0.960000
0.960000
0.960000
0.960000
0.960000
0.960000
0.960000
0.960000
0.960000
0.960000
0.960000
0.960000
0.960000
0.960000
0.960000
0.960000
0.960000
0.960000
0.960000
0.960000
0.960000
0.960000
0.960000
0.960000
0.960000
0.960000
0.960000
0.960000
0.960000
0.960000
0.960000
0.960000
0.960000
0.960000
0.960000
0.960000
0.960000
0.960000
0.960000
0.960000
0.960000
0.960000
0.960000
0.960000
0.960000
0.960000
0.960000
0.960000
0.960000
0.960000
0.960000
0.960000
0.960000
0.960000
0.962594
0.963301
0.963301
0.963537
0.963773
0.968254
0.968725
0.970140
0.971319
0.971319
0.971319
0.971319
0.971319
0.971319
0.971319
0.971319
0.971555
0.971555
0.971555
0.971555
0.971555
0.971555
0.971555
0.971555
0.971555
0.971555
0.971555
0.971555
0.971555
0.971555
0.968961
0.968254
0.968254
0.968018
0.967782
0.963301
0.962830
0.961415
0.960236
0.960236
0.960236
0.960472
0.960707
0.961179
0.961179
0.961179
0.960943
0.960943
0.960943
0.962122
0.962122
0.962122
0.962122
0.962122
0.962122
0.962122
0.962122
0.962122
0.962122
0.962122
0.962122
0.962122
0.962122
0.962122
0.962122
0.962122
0.965424
0.974857
0.982874
0.982874
0.984525
0.984761
0.984525
0.984525
0.984761
0.985233
0.993486
1.002211
1.004806
1.003626
1.003626
1.003626
1.003626
1.003626
1.004806
1.008579
1.008579
1.020134
1.037820
1.037820
1.037820
1.037820
1.037820
1.037820
1.037820
1.037820
1.034519
1.025086
1.017068
1.017068
1.015417
1.014946
1.014946
1.014474
1.014238
1.013767
1.005513
0.996788
0.994194
0.994194
0.994194
0.994194
0.994194
0.994194
0.993015
0.989241
0.989241
0.977686
0.960000
0.960000
0.960000
0.960000
0.960000
0.960000
0.960000
0.960000
0.960000
0.960000
0.960000
0.960000
0.960000
0.960000
0.960000
0.960000
0.960000
0.960000
0.960000
0.960000
0.960000
0.960000
0.960000
0.960000
0.960000
0.960000
0.960000
0.960000
0.960000
0.960000
0.960000
0.960000
0.960000
0.960000
0.960000
0.960000
0.960000
0.960000
0.960000
0.960000
0.960000
0.960000
0.960000
0.960000
0.960000
0.960000
0.960000
0.960000
0.960000
0.960000
0.960000
0.960000
0.960000
0.960000
0.960000
0.960000
0.960000
0.960000
0.960000
0.960000
0.960000
0.960000
0.960000
0.960000
0.960000
0.960000
0.960000
0.960000
0.960000
0.960000
0.960000
0.960000
0.960000
0.960000
0.960000
0.960000
0.960000
0.960236
0.960236
0.960236
0.960236
0.960236
0.960236
0.960236
0.960943
0.962122
0.962122
0.962358
0.962830
0.962830
0.962830
0.962830
0.962830
0.962830
0.962830
0.962830
0.962830
0.962830
0.962830
0.962830
0.962830
0.962830
0.962830
0.962830
0.962830
0.962830
0.962830
0.962594
0.962594
0.962594
0.962594
0.962594
0.962594
0.962594
0.961887
0.960707
0.960707
0.960472
0.960000
0.960000
0.960000
0.960000
0.960000
0.960000
0.960000
0.960000
0.960000
0.960000
0.960000
0.960000
0.960000
0.960000
0.960000
0.960000
0.960000
0.960000
0.960000
0.960000
0.960000
0.960000
0.960000
0.960000
0.960000
0.960000
0.960000
0.960000
0.960000
0.960000
0.960000
0.960000
0.960000
0.960000
0.960000
0.960000
0.960000
0.960000
0.960000
0.960000
0.960000
0.960000
0.960000
0.960000
0.960000
0.960000
0.960000
0.960000
0.960000
0.960000
0.960000
0.960000
0.960000
0.960000
0.960000
0.960000
0.960000
0.960000
0.960000
0.960000
0.960000
0.960000
0.960000
0.960000
0.960000
0.960000
0.960000
0.960000
0.960000
0.960000
0.960000
0.960000
0.960000
0.960000
0.960000
0.960000
0.960000
0.960000
0.960000
0.960000
0.960000
0.960000
0.960000
0.960000
0.960000
0.960000
0.960000
0.960000
0.960000
0.960000
0.960000
0.960000
0.960000
0.960000
0.960000
0.960000
0.960000
0.960000
0.960000
0.960000
0.960000
0.960000
0.960000
0.960000
0.960000
0.960000
0.960000
0.960000
0.960000
0.960000
0.960000
0.960000
0.960000
0.960000
0.960000
0.960000
0.960000
0.960000
0.960000
0.960707
0.960707
0.962358
0.963537
0.963537
0.964481
0.964481
0.964716
0.964716
0.964716
0.965895
0.967310
0.967546
0.967546
0.967546
0.967546
0.967546
0.967546
0.967546
0.967546
0.967546
0.967546
0.967546
0.967546
0.967546
0.967546
0.967546
0.967546
0.967546
0.967546
0.966839
0.966839
0.965424
0.964245
0.964245
0.963301
0.963301
0.963066
0.963066
0.963066
0.961887
0.960472
0.960236
0.960236
0.960236
0.960236
0.960236
0.960236
0.960236
0.960236
0.960236
0.960236
0.960236
0.960236
0.960236
0.960236
0.960236
0.960236
0.960236
0.960236
0.960236
0.960236
0.960000
0.960000
0.960000
0.960000
0.960000
0.960000
0.960000
0.960000
0.961887
0.962122
0.962358
0.962358
0.965188
0.965424
0.966131
0.966603
0.966603
0.966603
0.966603
0.966603
0.966603
0.966603
0.966603
0.966603
0.966603
0.966603
0.966603
0.966603
0.966603
0.966603
0.966603
0.966603
0.966603
0.966603
0.966603
0.966603
0.966603
0.966603
0.964716
0.964481
0.964245
0.964245
0.961415
0.961179
0.960472
0.960000
0.960000
0.960000
0.960000
0.960000
0.960000
0.960000
0.960000
0.960000
0.960000
0.960000
0.960000
0.960000
0.960000
0.960000
0.960000
0.960000
0.960000
0.960000
0.960000
0.960000
0.960000
0.960000
0.960000
0.960000
0.960000
0.960000
0.960000
0.960000
0.960000
0.960000
0.960000
0.960000
0.960000
0.960000
0.960000
0.960000
0.960000
0.960000
0.960000
0.960000
0.960000
0.960000
0.960000
0.960000
0.960000
0.960000
0.960707
0.960707
0.960707
0.960707
0.960707
0.960707
0.960707
0.960707
0.960707
0.960707
0.960707
0.960707
0.960707
0.960707
0.960707
0.960707
0.960707
0.960943
0.963773
0.964009
0.964009
0.964009
0.964009
0.964009
0.964009
0.964009
0.964009
0.964009
0.964009
0.964009
0.963301
0.963301
0.963301
0.963301
0.963301
0.963301
0.963301
0.963301
0.963301
0.963301
0.963301
0.963301
0.963301
0.963301
0.963301
0.963301
0.963301
0.963066
0.960236
0.960000
0.960000
0.960000
0.960000
0.960000
0.964716
0.965660
0.965660
0.965660
0.965660
0.965660
0.965660
0.965660
0.965660
0.965660
0.965660
0.965660
0.965660
0.965660
0.965660
0.965660
0.965660
0.965660
0.965660
0.965660
0.965660
0.965660
0.965660
0.965660
0.965660
0.965660
0.965660
0.965660
0.965660
0.972027
0.988298
0.987355
0.987355
0.987355
0.987355
0.987355
0.987355
0.987355
0.987355
0.987355
0.987355
0.987355
0.987355
0.987355
0.987355
0.987355
0.987355
0.987827
0.987827
0.987827
0.987827
0.987827
0.987827
0.987827
0.987827
0.987827
0.987827
0.987827
0.987827
0.981459
0.960472
0.960472
0.960472
0.960472
0.960472
0.960472
0.960472
0.960472
0.960472
0.960472
0.960472
0.960472
0.960472
0.960472
0.960472
0.960472
0.960472
0.960000
0.960000
0.960000
0.960000
0.960236
0.960236
0.960236
0.960236
0.960236
0.960236
0.960236
0.960236
0.960236
0.960236
0.960236
0.960236
0.960236
0.960236
0.960236
0.960236
0.960236
0.960236
0.960236
0.960236
0.960236
0.960236
0.960236
0.960236
0.960236
0.960236
0.960236
0.960236
0.960236
0.960236
0.960000
0.960000
0.960000
0.960000
0.960000
0.960472
0.960472
0.961651
0.961651
0.961651
0.961651
0.962122
0.962122
0.962122
0.962122
0.962358
0.962358
0.962358
0.962358
0.963773
0.964245
0.964245
0.964245
0.964245
0.964245
0.964245
0.964481
0.965188
0.965660
0.965895
0.966603
0.967310
0.967310
0.967310
0.968018
0.968018
0.968254
0.967075
0.969669
0.970376
0.970376
0.970140
0.970140
0.972498
0.972970
0.974149
0.975092
0.976271
0.976271
0.974857
0.974385
0.974385
0.974385
0.974385
0.974385
0.974385
0.974149
0.973442
0.972970
0.972734
0.972027
0.971319
0.971319
0.971319
0.970612
0.970140
0.969904
0.969904
0.967310
0.966603
0.966603
0.966367
0.966367
0.964481
0.964009
0.962594
0.961887
0.960707
0.960707
0.964716
0.965424
0.965895
0.965895
0.965895
0.965895
0.965895
0.965895
0.965895
0.965895
0.965895
0.965895
0.965895
0.965895
0.965895
0.965895
0.965895
0.965895
0.965895
0.965895
0.965895
0.965895
0.965895
0.965895
0.965424
0.965424
0.965424
0.965188
0.965188
0.965188
0.961179
0.960472
0.960000
0.960000
0.960000
0.960000
0.960000
0.960000
0.960943
0.960943
0.960943
0.960943
0.960943
0.960943
0.960943
0.960943
0.960943
0.960943
0.960943
0.960943
0.960943
0.960943
0.960943
0.960943
0.960943
0.960943
0.960943
0.960943
0.960943
0.960943
0.960943
0.960943
0.960943
0.960943
0.960943
0.960943
0.960943
0.960943
0.960000
0.960000
0.960000
0.960000
0.960000
0.960000
0.960000
0.960000
0.960000
0.960000
0.960000
0.960000
0.960000
0.960000
0.960000
0.960000
0.960000
0.960000
0.960000
0.960000
0.960000
0.960000
0.960000
0.960000
0.960000
0.960000
0.960000
0.960000
0.960000
0.960000
0.960000
0.960000
0.960000
0.960236
0.960236
0.960236
0.960236
0.965895
0.973442
0.974621
0.974621
0.974621
0.974621
0.974621
0.974621
0.974621
0.974621
0.974621
0.974621
0.974621
0.974621
0.974621
0.974621
0.974621
0.974857
0.974857
0.974857
0.974857
0.974857
0.974857
0.974857
0.974857
0.974857
0.974621
0.974621
0.974621
0.974621
0.968961
0.961415
0.960236
0.960236
0.960236
0.960236
0.960236
0.960236
0.960236
0.960236
0.960472
0.964716
0.965188
0.965188
0.965188
0.965188
0.965188
0.964952
0.964952
0.964952
0.964952
0.964952
0.964952
0.964952
0.964952
0.964952
0.964952
0.964952
0.964952
0.964952
0.964952
0.964952
0.964952
0.964952
0.964952
0.964952
0.964952
0.964952
0.964952
0.964952
0.964716
0.960472
0.960000
0.960000
0.960000
0.960000
0.960000
0.960000
0.960000
0.960000
0.960000
0.960000
0.960000
0.960000
0.960000
0.960000
0.960000
0.960000
0.960000
0.960000
0.960000
0.960000
0.960000
0.960000
0.960000
0.960000
0.960000
0.960000
0.960000
0.960000
0.960000
0.960000
0.960000
0.960000
0.960000
0.960000
0.960000
0.960000
0.960000
0.960000
0.960000
0.960000
0.960000
0.960000
0.960000
0.960000
0.960000
0.960000
0.960000
0.960000
0.960000
0.960000
0.960000
0.960000
0.960000
0.960000
0.960000
0.960000
0.960000
0.960000
0.960000
0.960000
0.960000
0.960000
0.960000
0.960000
0.960000
0.960000
0.960000
0.960000
0.960000
0.960000
0.960000
0.960000
0.960000
0.960000
0.960000
0.960000
0.960000
0.960000
0.960000
0.960000
0.960000
0.960000
0.960000
0.960000
0.960000
0.960000
0.960000
0.960000
0.960000
0.960000
0.960000
0.960000
0.960000
0.960000
0.960000
0.960000
0.960000
0.960000
0.960000
0.960000
0.960000
0.960000
0.960000
0.960000
0.960000
0.960000
0.960000
0.960000
0.960000
0.960000
0.960000
0.960000
0.960000
0.960000
0.960000
0.960000
0.960000
0.960000
0.960000
0.960000
0.960000
0.960000
0.960000
0.960000
0.960000
0.960000
0.960000
0.960000
0.960000
0.960000
0.960000
0.960000
0.960000
0.960000
0.960000
