0.960000
0.960000
0.960000
0.960000
0.960000
0.960000
0.960000
0.960000
0.960000
0.960000
0.960000
0.960000
0.960000
0.960000
0.960000
0.960000
0.960000
0.960000
0.960000
0.960000
0.960000
0.960000
0.960000
0.960000
0.960000
0.960000
0.960000
0.960000
0.960000
0.960000
0.960000
0.960000
0.960000
0.960000
0.960000
0.960000
0.960000
0.960000
0.960000
0.960000
0.960000
0.960000
0.960000
0.960000
0.960000
0.960000
0.960000
0.960000
0.969592
0.970767
0.970767
0.970767
0.971550
0.971550
0.971550
0.971550
0.971550
0.971550
0.971550
0.971550
0.971550
0.971550
0.971550
0.971550
0.971550
0.971550
0.971550
0.971550
0.971550
0.971550
0.971550
0.971550
0.971550
0.971550
0.971550
0.971550
0.971550
0.971550
0.961958
0.960783
0.960783
0.960783
0.960000
0.960000
0.960000
0.960000
0.960000
0.960000
0.960000
0.960000
0.960000
0.960000
0.960000
0.960000
0.960000
0.960000
0.960000
0.960000
0.960000
0.960000
0.960000
0.960000
0.960000
0.960000
0.960000
0.960000
0.960000
0.960000
0.960000
0.960000
0.960000
0.960000
0.960000
0.960000
0.960000
0.960000
0.960000
0.960000
0.960000
0.960000
0.960000
0.960000
0.960000
0.960000
0.960000
0.960000
0.960000
0.960000
0.960000
0.960000
0.960000
0.960000
0.960000
0.960000
0.960000
0.960000
0.960000
0.960000
0.960000
0.960000
0.960000
0.960000
0.960000
0.960000
0.960000
0.960000
0.960000
0.960000
0.960000
0.960000
0.960000
0.960000
0.960000
0.960000
0.960000
0.960000
0.960000
0.960000
0.960000
0.960000
0.960000
0.960000
0.960000
0.960000
0.960000
0.960000
0.960000
0.960000
0.960000
0.960000
0.960000
0.960000
0.960000
0.960000
0.960000
0.960000
0.960000
0.960000
0.960000
0.960000
0.960000
0.960000
0.960000
0.960000
0.960000
0.960000
0.960000
0.960000
0.960000
0.960000
0.960000
0.960000
0.960000
0.960000
0.960000
0.960000
0.960000
0.960000
0.960000
0.960000
0.960000
0.960000
0.960000
0.960000
0.960000
0.960000
0.960000
0.960000
0.960000
0.960000
0.964503
0.970571
0.970571
0.970571
0.970571
0.970571
0.970571
0.970571
0.970571
0.970571
0.970571
0.970571
0.970571
0.970571
0.970571
0.970571
0.970571
0.970571
0.970571
0.970571
0.970571
0.970571
0.970571
0.970571
0.970571
0.970571
0.970571
0.970571
0.970571
0.970571
0.966069
0.960000
0.960000
0.960000
0.960000
0.960000
0.960000
0.960000
0.960000
0.960000
0.960000
0.960000
0.960000
0.960000
0.960000
0.960000
0.960000
0.960000
0.960000
0.960000
0.960000
0.960000
0.960000
0.960000
0.960000
0.960000
0.960000
0.960000
0.960000
0.960000
0.960000
0.960000
0.960000
0.960000
0.960000
0.960000
0.960000
0.960000
0.960000
0.960000
0.960000
0.960000
0.960000
0.960000
0.960000
0.960000
0.960000
0.960000
0.960000
0.960000
0.960000
0.960000
0.960000
0.960000
0.960000
0.960000
0.960000
0.960000
0.960000
0.960000
0.960000
0.960000
0.960000
0.960000
0.960000
0.960000
0.960000
0.960000
0.960000
0.960000
0.960000
0.960000
0.960000
0.960000
0.960000
0.960000
0.960000
0.960000
0.960000
0.960000
0.960000
0.960000
0.960000
0.960000
0.960000
0.960000
0.960000
0.960000
0.960000
0.960000
0.960000
0.960000
0.960000
0.960000
0.960000
0.960000
0.960000
0.960000
0.960000
0.960000
0.960000
0.960000
0.960000
0.960000
0.960000
0.960000
0.960000
0.960000
0.960000
0.960000
0.960000
0.960000
0.960000
0.960000
0.960000
0.960000
0.960000
0.960000
0.960000
0.960000
0.960000
0.960000
0.960000
0.960000
0.960000
0.960000
0.960000
0.960000
0.960000
0.960000
0.960000
0.960000
0.960000
0.960000
0.960000
0.960000
0.960000
0.960000
0.960000
0.960000
0.960000
0.960000
0.960000
0.960000
0.969005
0.971550
0.971550
0.971550
0.971550
0.971550
0.971550
0.971550
0.971550
0.971550
0.971550
0.971550
0.971550
0.971550
0.971550
0.971550
0.971550
0.971550
0.971550
0.971550
0.971550
0.971550
0.971550
0.971550
0.986036
0.986428
0.986428
0.986428
0.986428
0.990735
0.981925
0.979380
0.979380
0.979380
0.979380
0.979380
0.979380
0.979380
0.979380
0.979772
0.979968
0.979968
0.979968
0.979968
0.981338
0.994062
0.994258
0.994258
0.994258
0.994258
0.994258
0.994258
0.994258
0.994258
0.979772
0.990147
0.992496
0.992496
0.992496
0.988190
0.987994
0.987994
0.987994
0.987994
0.989364
0.989364
0.989364
1.001697
1.002089
1.001697
1.001501
1.001501
1.006591
1.015205
1.013834
1.001110
1.000914
1.000914
1.000914
1.000914
1.000914
1.001306
1.001306
1.001306
1.001306
0.990539
0.988190
0.988190
0.988190
0.988190
0.988190
0.996020
1.003851
1.003851
1.002480
1.002480
1.002480
0.993475
0.995041
0.995041
0.995041
0.995041
0.991713
0.983100
0.983100
0.983100
0.983100
0.983100
0.983296
0.983296
0.983296
0.982904
0.982904
0.982904
0.982904
0.982904
0.982904
0.982904
0.982904
0.982904
0.982904
0.975074
0.967243
0.967243
0.967439
0.967439
0.967439
0.969005
0.967439
0.967439
0.967439
0.967439
0.965677
0.965677
0.965677
0.965677
0.965677
0.965677
0.965481
0.965481
0.965481
0.965481
0.965481
0.965481
0.965481
0.965481
0.965481
0.965481
0.965481
0.965481
0.965481
0.965481
0.965481
0.965481
0.965286
0.965286
0.965286
0.960392
0.960000
0.960000
0.960000
0.960000
0.960000
0.960000
0.960000
0.960000
0.960000
0.960000
0.960000
0.960000
0.960000
0.960000
0.960000
0.960000
0.960000
0.960000
0.960000
0.960000
0.960000
0.960000
0.960000
0.960000
0.960000
0.960000
0.960000
0.960196
0.960196
0.960196
0.960196
0.960196
0.960196
0.960196
0.960196
0.960196
0.960196
0.960196
0.960196
0.960196
0.960196
0.960196
0.960196
0.960196
0.960196
0.960196
0.960196
0.960196
0.960196
0.960196
0.960392
0.960392
0.960392
0.960392
0.960392
0.960392
0.960392
0.960196
0.960196
0.960196
0.960196
0.960196
0.960196
0.960196
0.960196
0.960196
0.960196
0.960196
0.960196
0.960196
0.960196
0.960196
0.960196
0.960196
0.960196
0.960196
0.960196
0.960196
0.960196
0.960196
0.960000
0.960000
0.960000
0.960000
0.960000
0.960000
0.960000
0.960000
0.960000
0.960000
0.960000
0.960000
0.960000
0.960000
0.960000
0.960000
0.960000
0.960000
0.960000
0.960000
0.960000
0.960000
0.960000
0.960000
0.960000
0.960000
0.960000
0.960000
0.960000
0.960000
0.960000
0.960000
0.960000
0.960000
0.960000
0.960000
0.960000
0.960000
0.960587
0.960979
0.961370
0.961566
0.962153
0.962153
0.962153
0.962153
0.962153
0.962153
0.962153
0.962153
0.968809
0.974878
0.975269
0.975269
0.975269
0.975661
0.975857
0.976248
0.976248
0.976248
0.976248
0.976248
0.976248
0.976248
0.976248
0.976248
0.976248
0.976248
0.975661
0.975269
0.974878
0.974682
0.974095
0.974095
0.974095
0.974095
0.974095
0.974095
0.974095
0.974095
0.967439
0.961370
0.960979
0.960979
0.960979
0.960587
0.960392
0.960000
0.960000
0.960000
0.960000
0.960000
0.960000
0.960000
0.960000
0.960000
0.960000
0.960000
0.960000
0.960000
0.960000
0.960392
0.960392
0.960392
0.960392
0.960392
0.960392
0.960392
0.960392
0.960392
0.960392
0.960392
0.960392
0.960392
0.960392
0.960392
0.960392
0.960392
0.960392
0.960392
0.960392
0.960392
0.960392
0.960392
0.960392
0.960392
0.960392
0.960392
0.960392
0.960392
0.960392
0.960000
0.960000
0.960000
0.960000
0.960000
0.960000
0.960000
0.960000
0.960000
0.960196
0.962545
0.965481
0.965481
0.965481
0.965481
0.965481
0.965481
0.965481
0.965481
0.965481
0.965481
0.965481
0.965481
0.965481
0.965481
0.965481
0.965481
0.965481
0.965481
0.965481
0.965481
0.965481
0.965481
0.965481
0.965481
0.965481
0.965481
0.965481
0.965481
0.965286
0.962936
0.960000
0.960000
0.960000
0.960000
0.960000
0.960000
0.960000
0.960000
0.960000
0.960000
0.960000
0.960000
0.960000
0.960000
0.960000
0.960000
0.960000
0.960000
0.960000
0.960000
0.960000
0.960000
0.960000
0.960000
0.960000
0.960000
0.960000
0.960000
0.960000
0.960000
0.960000
0.960000
0.960000
0.960000
0.960000
0.960392
0.960392
0.960392
0.960392
0.960392
0.960392
0.960392
0.960392
0.961370
0.961370
0.961370
0.961370
0.961958
0.962349
0.964111
0.966460
0.966460
0.966460
0.966460
0.972529
0.979968
0.985449
0.990930
0.991713
0.991713
0.991713
0.991713
0.996020
1.001501
1.010898
1.010702
1.010702
1.015988
1.016184
1.016184
1.016184
1.016184
1.016184
1.015988
1.017750
1.024210
1.032432
1.032432
1.032236
1.030866
1.029104
1.029300
1.029495
1.029495
1.023427
1.017358
1.012073
1.006591
1.005808
1.005808
1.005808
1.005808
1.001501
0.996020
0.986624
0.986428
0.986428
0.981142
0.980946
0.980946
0.980946
0.980946
0.980946
0.980163
0.978402
0.971941
0.963719
0.963132
0.962936
0.962545
0.961958
0.961762
0.965481
0.965677
0.965677
0.964307
0.964111
0.969201
0.969397
0.969397
0.969397
0.969397
0.969397
0.969397
0.969397
0.969397
0.969397
0.969397
0.969397
0.969397
0.969397
0.969397
0.969397
0.969397
0.969397
0.969397
0.969397
0.969397
0.969397
0.969397
0.969397
0.969397
0.965481
0.965286
0.965286
0.965286
0.965286
0.960196
0.960000
0.960000
0.960000
0.960000
0.960000
0.960000
0.960000
0.960000
0.960000
0.960000
0.960000
0.960000
0.960000
0.960000
0.960000
0.960000
0.960000
0.960000
0.960000
0.960000
0.960000
0.960000
0.960000
0.960000
0.960000
0.960000
0.960000
0.960000
0.960000
0.960000
0.960000
0.960000
0.960000
0.960000
0.960000
0.960000
0.960000
0.960000
0.960000
0.960000
0.960000
0.960000
0.960000
0.960000
0.960000
0.960000
0.960000
0.960000
0.960000
0.960000
0.960000
0.960000
0.960000
0.960000
0.960000
0.960000
0.960000
0.960000
0.960000
0.960000
0.960000
0.960000
0.960000
0.960000
0.960000
0.960000
0.960000
0.960000
0.960000
0.960000
0.960000
0.960000
0.960000
0.960000
0.960000
0.960000
0.960000
0.960000
0.960000
0.960000
0.960000
0.960000
0.960000
0.960000
0.960000
0.960000
0.960000
0.960000
0.960000
0.960000
0.960000
0.960000
0.960000
0.960000
0.960000
0.960000
0.960000
0.960000
0.960000
0.960000
0.960000
0.960000
0.960000
0.960000
0.960000
0.960000
0.960000
0.960000
0.960000
0.960000
0.960000
0.960000
0.960000
0.960000
0.960000
0.960000
0.960000
0.960000
0.960000
0.960000
0.960000
0.960000
0.960000
0.960000
0.960000
0.960000
0.960000
0.960000
0.960000
0.960000
0.960000
0.960000
0.960000
0.960000
0.960000
0.960000
0.960000
0.960000
0.960000
0.960000
0.960000
0.960000
0.960000
0.960000
0.960000
0.960000
0.960000
0.960000
0.960000
0.960000
0.960000
0.966069
0.990930
1.024601
1.037717
1.037717
1.056510
1.074129
1.093509
1.127180
1.150867
1.151063
1.151063
1.151063
1.151063
1.151063
1.151063
1.151063
1.151063
1.151063
1.151063
1.157719
1.162417
1.162417
1.163396
1.183364
1.203331
1.223495
1.242288
1.242679
1.242679
1.250118
1.225648
1.191977
1.178861
1.188845
1.172010
1.154391
1.135011
1.101340
1.077653
1.077457
1.077457
1.077457
1.077457
1.077457
1.077457
1.077457
1.077457
1.077457
1.077457
1.070801
1.066103
1.066103
1.066886
1.072563
1.067865
1.062971
1.059251
1.060034
1.060034
1.046527
1.046135
1.050246
1.079023
1.097033
1.121112
1.123461
1.123461
1.123461
1.123461
1.123461
1.123461
1.123461
1.123461
1.123461
1.123461
1.123461
1.123461
1.123461
1.123461
1.123657
1.123852
1.123852
1.126201
1.120524
1.120916
1.121699
1.122678
1.127768
1.127768
1.127768
1.127768
1.123657
1.094880
1.066886
1.040849
1.038500
1.038500
1.038500
1.038500
1.038500
1.038892
1.038892
1.041241
1.041633
1.041633
1.041633
1.042024
1.043394
1.045744
1.045548
1.045352
1.045744
1.041828
1.021861
1.006200
0.990147
0.974095
0.967830
0.967830
0.967830
0.967830
0.967830
0.967830
0.967830
0.967830
0.978597
0.979772
0.979772
0.979772
0.979772
0.979380
0.979380
0.977031
0.976640
0.976640
0.976640
0.976248
0.974878
0.972529
0.972529
0.972529
0.972137
0.971941
0.971941
0.971941
0.971941
0.971941
0.971941
0.971941
0.971941
0.971941
0.971941
0.971941
0.971941
0.971941
0.961175
0.960000
0.960000
0.960000
0.960000
0.960000
0.960000
0.960000
0.960000
0.960000
0.960000
0.960000
0.960000
0.960000
0.960000
0.960000
0.960000
0.960000
0.960000
0.960000
0.960000
0.960000
0.960000
0.960000
0.960000
0.960000
0.960000
0.960000
0.960000
0.960000
0.960000
0.960000
0.960000
0.960000
0.960000
0.960000
0.960000
0.960000
0.960000
0.960000
0.960000
0.960000
0.960000
0.960000
0.960000
0.960000
0.960000
0.960392
0.960392
0.960392
0.960392
0.960392
0.960392
0.960392
0.960392
0.960392
0.960392
0.960392
0.960392
0.960392
0.960392
0.960392
0.960392
0.960392
0.960392
0.960783
0.960783
0.960783
0.960783
0.960783
0.960783
0.960783
0.960783
0.960783
0.960783
0.974291
0.989756
1.004634
1.019903
1.035172
1.042220
1.042220
1.042220
1.042220
1.042220
1.042220
1.042220
1.042220
1.043590
1.043590
1.045156
1.045352
1.045352
1.045352
1.045352
1.044960
1.044960
1.044960
1.044960
1.044960
1.044960
1.044960
1.044960
1.044960
1.044960
1.031453
1.015988
1.000718
0.985449
0.970180
0.963132
0.963132
0.963132
0.963132
0.974486
0.976248
0.976248
0.976248
0.974878
0.975074
0.973508
0.973312
0.973312
0.973312
0.973312
0.973312
0.973312
0.973312
0.973312
0.973312
0.973312
0.973312
0.973312
0.973312
0.973312
0.973312
0.973312
0.973312
0.973312
0.973312
0.973312
0.973312
0.973312
0.973312
0.961958
0.960196
0.960196
0.960196
0.960196
0.960000
0.960000
0.960000
0.960000
0.960000
0.960000
0.960000
0.960000
0.960000
0.960000
0.960000
0.960000
0.960000
0.960000
0.960000
0.960000
0.960000
0.960000
0.960000
0.960000
0.960000
0.960000
0.960000
0.960000
0.960000
0.960000
0.960000
0.960000
0.960000
0.960000
0.960000
0.960000
0.960000
0.960000
0.960000
0.960000
0.960000
0.960000
0.960000
0.960000
0.960000
0.960000
0.960000
0.960000
0.960000
0.960000
0.960000
0.960000
0.960000
0.960000
0.960000
0.960000
0.960000
0.960000
0.960000
0.960000
0.960000
0.960000
0.960000
0.960000
0.960000
0.960000
0.960000
0.960000
0.960000
0.960000
0.960000
0.960000
0.960000
0.960000
0.960000
0.960000
0.960000
0.960000
0.960000
0.960000
0.960000
0.960000
0.960000
0.960000
0.960000
0.960000
0.960000
0.960000
0.960000
0.960000
0.960000
0.960000
0.960000
0.960000
0.960000
0.960000
0.960000
0.960000
0.960000
0.960000
0.960000
0.960000
0.960000
0.960000
0.960000
0.960000
0.960000
0.960000
0.960000
0.960000
0.960000
0.960000
0.960000
0.960000
0.960000
0.960000
0.960000
0.960000
0.960000
0.960000
0.960000
0.960000
0.960000
0.960000
0.960000
0.960000
0.960000
0.960000
0.960000
0.960000
0.960000
0.960000
0.960000
0.960000
0.960000
0.960000
0.960000
0.960000
0.960000
0.960000
0.960000
0.960000
0.960000
0.960000
0.960000
0.960000
0.960000
0.960000
0.960000
0.960000
0.960000
0.960000
0.960000
0.960000
0.960000
0.960000
0.960000
0.960000
0.960000
0.960000
0.960000
0.960000
0.960000
0.960000
0.960000
0.960000
0.960000
0.960000
0.960000
0.960000
0.960000
0.960000
0.960000
0.960000
0.960000
0.960000
0.960000
0.960000
0.960000
0.960000
0.960000
0.960000
0.960000
0.960000
0.960000
0.960000
0.960000
0.960000
0.960000
0.960000
0.960000
0.960000
0.960000
0.960000
0.960000
0.960000
0.960000
0.960000
0.960000
0.960000
0.960000
0.960000
0.960000
0.960000
0.960000
0.960000
0.960000
0.960000
0.960000
0.960000
0.960000
0.960000
0.960000
0.960000
0.960000
0.960000
0.960000
0.960000
0.960000
0.960000
0.960000
0.960000
0.960000
0.960000
0.960000
0.960000
0.960000
0.960000
0.960000
0.960000
0.960000
0.960000
0.960000
0.960000
0.960000
0.960000
0.960000
0.960000
0.960000
0.960000
0.960000
0.960000
0.960000
0.960000
0.960000
0.960000
0.960000
0.960000
0.960000
0.960000
0.960000
0.960000
0.960000
0.960000
0.960000
0.960000
0.960000
0.960000
0.960000
0.960000
0.960000
0.960000
0.960000
0.960000
0.960000
0.960000
0.960000
0.960000
0.960000
0.960000
0.960000
0.960000
0.960000
0.960000
0.960000
0.960000
0.960000
0.960000
0.960000
0.960000
0.960000
0.960000
0.960000
0.960000
0.960000
0.960000
0.960000
0.960000
0.960000
0.960000
0.960000
0.960000
0.960000
0.960000
0.960000
0.960000
0.960000
0.960000
0.960000
0.960000
0.960000
0.960000
0.960000
0.960000
0.960000
0.960000
0.960000
0.960000
0.960000
0.960000
0.960000
0.960000
0.960000
0.960000
0.960000
0.960000
0.960000
0.960000
0.960000
0.960000
0.960000
0.960000
0.960000
0.960000
0.960000
0.960000
0.960000
0.960000
0.960000
0.960000
0.960000
0.960000
0.960000
0.960000
0.960000
0.960000
0.960000
0.960000
0.960000
0.960000
0.960000
0.960000
0.960000
0.960000
0.960000
0.960000
0.960000
0.960000
0.960000
0.960000
0.960000
0.960000
0.960000
0.960000
0.960000
0.960000
0.960000
0.960000
0.960000
0.960000
0.960000
0.960000
0.960000
0.960000
0.960000
0.960000
0.960000
0.960000
0.960000
0.960000
0.960000
0.960000
0.960000
0.960000
0.960000
0.960000
0.960000
0.960000
0.960000
0.960000
0.960000
0.960000
0.960000
0.960000
0.960000
0.960000
0.960000
0.960000
0.960000
0.960000
0.960000
0.960000
0.960000
0.960000
0.960000
0.960000
0.960000
0.960000
0.960000
0.960000
0.960000
0.960000
0.960000
0.960000
0.960000
0.960000
0.960000
0.960000
0.960000
0.960000
0.960000
0.960000
0.960000
0.960000
0.960000
0.960000
0.960000
0.960000
0.960000
0.960000
0.960000
0.960000
0.960000
0.960000
0.960000
0.971550
0.971550
0.971550
0.971550
0.971550
0.971941
0.985057
0.985253
0.985253
0.985253
0.998173
1.007179
1.007179
1.007179
1.007179
1.007179
1.007179
1.007179
1.007179
1.007179
1.007179
1.007179
1.007179
1.007179
1.007179
1.007179
1.007570
1.007570
1.007570
1.007570
0.996020
0.996020
0.996020
0.996216
0.999935
1.010115
0.996999
0.996803
0.996803
0.996803
0.983883
0.977227
0.984862
0.992301
0.995824
1.003459
1.011094
1.018728
1.026167
1.028908
1.028908
1.032823
1.047310
1.061600
1.074129
1.090181
1.103102
1.115826
1.127768
1.140688
1.152629
1.164571
1.176512
1.188258
1.196480
1.188062
1.188062
1.188062
1.188845
1.190998
1.190998
1.188649
1.181015
1.173576
1.170052
1.162417
1.154783
1.147148
1.139709
1.149693
1.169660
1.186104
1.197067
1.209400
1.217035
1.220950
1.227802
1.216252
1.204310
1.191390
1.179449
1.167507
1.155566
1.152042
1.143233
1.146169
1.153804
1.159677
1.161438
1.159285
1.159285
1.159285
1.159285
1.159481
1.161047
1.161047
1.161047
1.161047
1.161047
1.148322
1.128355
1.107996
1.082547
1.058076
1.038109
1.025580
1.012073
1.010898
1.012268
1.012464
1.012464
1.012464
1.012464
1.004046
1.000914
0.995824
0.988190
0.983296
0.980751
0.980751
0.980751
0.980751
0.980751
0.980555
0.978989
0.978989
0.978989
0.978989
0.978989
0.978989
0.979576
0.980359
0.981142
0.979380
0.979185
0.971746
0.965090
0.965873
0.964503
0.964307
0.964307
0.964307
0.964307
0.964307
0.964307
0.964307
0.964307
0.963328
0.963328
0.963328
0.963328
0.963328
0.963328
0.963328
0.963328
0.963328
0.963328
0.963328
0.963328
0.963328
0.962741
0.961958
0.961175
0.960783
0.960783
0.960783
0.960783
0.960000
0.960000
0.960000
0.960000
0.960000
0.974095
0.994258
1.014226
1.034389
1.054357
1.074520
1.094488
1.114456
1.117588
1.117588
1.117588
1.117588
1.117588
1.117588
1.117588
1.117588
1.117588
1.117588
1.117588
1.123069
1.143037
1.164375
1.184538
1.204506
1.224669
1.244637
1.264801
1.267541
1.267541
1.267541
1.253446
1.241113
1.225648
1.211553
1.196676
1.176512
1.156544
1.136577
1.133445
1.133445
1.133445
1.133445
1.133445
1.133445
1.133445
1.133445
1.133445
1.133445
1.133445
1.127963
1.107996
1.086658
1.066494
1.046527
1.026363
1.006395
0.986232
0.983491
0.983491
0.983491
0.983491
0.975661
0.971158
0.965090
0.960000
0.960000
0.960000
0.960000
0.960000
0.960000
0.960000
0.960000
0.960000
0.978010
0.994454
1.005612
1.016379
1.016379
1.016379
1.016379
1.016379
1.016379
1.016379
1.016379
1.016379
1.016379
1.016379
1.016379
1.016379
1.016379
1.016379
1.016379
1.016379
1.016379
1.016379
1.016379
1.016379
1.016379
1.016379
1.016379
1.016379
1.016379
1.016379
0.998369
0.981925
0.970767
0.960000
0.960000
0.960000
0.960000
0.960000
0.960000
0.960000
0.963915
0.963915
0.963915
0.963915
0.963915
0.963915
0.963915
0.963915
0.974878
0.978597
0.978597
0.979380
0.979380
0.979380
0.979380
0.979380
0.979380
0.979380
0.979380
0.979380
0.979380
0.979380
0.979380
0.979380
0.979380
0.979380
0.979380
0.979380
0.979380
0.979380
0.975465
0.975465
0.975465
0.975465
0.975465
0.975465
0.975465
0.975465
0.964503
0.964111
0.966264
0.965481
0.965481
0.965481
0.965481
0.965481
0.965481
0.965481
0.965481
0.965481
0.965481
0.965481
0.965481
0.965481
0.965677
0.965677
0.965677
0.965677
0.965677
0.965677
0.965873
0.965873
0.966852
0.987015
1.006983
1.026950
1.046918
1.066886
1.086853
1.103689
1.119154
1.119350
1.120329
1.120524
1.125027
1.132662
1.140492
1.148127
1.150867
1.150867
1.150867
1.150867
1.158306
1.178078
1.199025
1.218992
1.238960
1.259123
1.279091
1.296514
1.296514
1.298667
1.298667
1.278504
1.259123
1.244637
1.231130
1.211358
1.197459
1.177491
1.162026
1.162417
1.164571
1.172010
1.168486
1.160851
1.153021
1.145386
1.142645
1.142645
1.142645
1.142645
1.135206
1.115435
1.108974
1.101731
1.097033
1.095271
1.095663
1.088615
1.088419
1.086266
1.085287
1.085287
1.084700
1.079219
1.072759
1.074325
1.068256
1.068843
1.069039
1.068452
1.065320
1.069431
1.088419
1.108387
1.128355
1.134815
1.134815
1.136577
1.137556
1.138143
1.138339
1.143428
1.134423
1.121699
1.106430
1.088028
1.067669
1.057293
1.057881
1.057881
1.058860
1.058860
1.059251
1.060426
1.060426
1.058664
1.058664
1.057881
1.055532
1.055532
1.055532
1.043786
1.023818
1.003851
0.983883
0.977423
0.977423
0.975661
0.974682
0.974095
0.973899
0.968809
0.963132
0.963132
0.963132
0.963132
0.963132
0.963132
0.962545
0.962545
0.961566
0.961566
0.961175
0.960000
0.960000
0.960000
0.960000
0.960000
0.960000
0.960000
0.960000
0.960000
0.960000
0.960000
0.960000
0.960000
0.960000
0.960000
0.960000
0.960000
0.960000
0.964894
0.979380
0.984862
0.997978
1.009919
1.021861
1.033802
1.045744
1.057685
1.069626
1.081372
1.093314
1.105255
1.117588
1.129529
1.141471
1.145386
1.145582
1.148127
1.148910
1.148910
1.149301
1.149497
1.149497
1.151259
1.156544
1.165745
1.184538
1.188845
1.194326
1.203331
1.212336
1.231325
1.241309
1.252468
1.263822
1.275176
1.286726
1.290445
1.282419
1.274980
1.267150
1.259515
1.251293
1.248944
1.255404
1.263822
1.267737
1.267933
1.267150
1.267150
1.266758
1.266562
1.266562
1.264801
1.259515
1.250314
1.231521
1.227214
1.221733
1.207834
1.184343
1.159872
1.136773
1.113673
1.090377
1.067081
1.043590
1.027929
1.024014
1.019707
1.015596
1.012856
1.008745
0.999935
0.981534
0.969201
0.965090
0.962349
0.962349
0.962349
0.962349
0.962349
0.962349
0.962349
0.962349
0.962349
0.962349
0.962349
0.962349
0.962349
0.962349
0.962349
0.962349
0.962349
0.962349
0.962349
0.962349
0.962349
0.962349
0.962349
0.962349
0.960783
0.960783
0.960000
0.960000
0.960000
0.960000
0.960000
0.960000
0.960000
0.960000
0.960000
0.960000
0.960000
0.960000
0.960000
0.960000
0.960000
0.960000
0.960000
0.960000
0.960000
0.960000
0.960000
0.960000
0.960000
0.960000
0.960000
0.960000
0.960000
0.960000
0.960000
0.960000
0.960000
0.960000
0.960000
0.960000
0.960000
0.960000
0.960000
0.960000
0.960000
0.960000
0.960000
0.960000
0.960000
0.960000
0.960000
0.960000
0.960000
0.960000
0.960000
0.960000
0.960000
0.960000
0.970180
0.970963
0.990539
1.021078
1.042416
1.042416
1.042416
1.042416
1.042416
1.042416
1.044177
1.045548
1.047897
1.047897
1.047897
1.047897
1.047897
1.047897
1.047897
1.047897
1.048093
1.049659
1.049659
1.049659
1.049659
1.049659
1.049659
1.049659
1.049659
1.050050
1.039871
1.039088
1.019511
0.988973
0.967635
0.967635
0.967635
0.967635
0.967635
0.967635
0.965873
0.964503
0.962153
0.962153
0.962153
0.962153
0.962153
0.962153
0.962153
0.962153
0.961958
0.960392
0.960392
0.961566
0.969005
0.976444
0.983883
0.986819
0.986819
0.991909
0.995041
0.999348
0.999348
0.999348
0.999348
1.001893
1.010115
1.012073
1.014422
1.014813
1.017162
1.022644
1.024014
1.024601
1.025972
1.033215
1.036151
1.036151
1.036151
1.036151
1.036151
1.036738
1.036738
1.035564
1.028712
1.023035
1.015792
1.012856
1.013639
1.012268
1.012464
1.008157
1.008157
1.009332
1.009332
1.006787
0.998565
0.996607
0.994258
0.993867
0.991518
0.986036
0.984666
0.984079
0.982708
0.975465
0.972529
0.972529
0.972529
0.972529
0.972529
0.971941
0.971941
0.971941
0.971354
0.969592
0.969397
0.969397
0.968614
0.964503
0.963328
0.965090
0.966069
0.965090
0.965090
0.969005
0.970571
0.970571
0.970571
0.970571
0.970571
0.970571
0.970571
0.970963
0.970963
0.970963
0.970963
0.970963
0.970963
0.970963
0.970963
0.970963
0.970963
0.970963
0.982513
0.983100
0.993084
0.996216
0.996216
0.996216
0.994062
0.992301
0.991322
0.991126
0.991126
0.987211
0.985645
0.985645
0.985645
0.985645
0.985645
0.985645
0.985645
0.985253
0.985253
0.985253
0.985253
0.985253
0.985253
0.985253
0.985253
0.985253
0.989168
0.989951
0.978402
0.989168
1.006591
1.024406
1.045548
1.066494
1.087441
1.108387
1.129334
1.150280
1.157915
1.157915
1.157915
1.157915
1.157915
1.157915
1.157915
1.157915
1.157915
1.157915
1.157915
1.157915
1.157915
1.157915
1.167899
1.175142
1.190998
1.206072
1.217231
1.231325
1.246399
1.249923
1.237394
1.231325
1.225061
1.218992
1.213120
1.206855
1.200787
1.194718
1.188845
1.188845
1.188845
1.188845
1.188845
1.188845
1.189432
1.189628
1.189628
1.189628
1.190411
1.190411
1.190411
1.190411
1.180427
1.173184
1.158111
1.143037
1.127963
1.113085
1.098012
1.083134
1.068256
1.053378
1.045548
1.046135
1.046527
1.045744
1.031061
1.016184
1.014422
1.014422
1.014422
1.014422
1.014422
1.014422
1.013834
1.013639
1.013639
1.013639
1.012856
1.012856
1.012856
1.012856
1.012856
1.017162
1.025776
1.025972
1.029300
1.029495
1.029495
1.029495
1.029495
1.029495
1.022448
1.006983
0.991518
0.977619
0.977423
0.977423
0.977423
0.977423
0.977423
0.977423
0.977423
0.977423
0.977423
0.977423
0.977423
0.977423
0.977423
0.977423
0.977423
0.977423
0.977423
0.973116
0.963719
0.963524
0.960196
0.960000
0.960000
0.960000
0.960000
0.960000
0.960000
0.960000
0.960000
0.960000
0.960000
0.960000
0.960000
0.960000
0.960000
0.960000
0.960000
0.960000
0.960000
0.960000
0.960000
0.960000
0.960000
0.960000
0.960000
0.962936
0.977814
0.992496
1.007374
1.022056
1.025580
1.025776
1.025776
1.038305
1.054749
1.069822
1.084700
1.100165
1.116218
1.132466
1.147344
1.162026
1.167703
1.167703
1.167703
1.170052
1.181406
1.181602
1.181602
1.181602
1.181602
1.181602
1.181602
1.181602
1.181602
1.178666
1.163788
1.149106
1.134228
1.119546
1.116022
1.115826
1.115826
1.103297
1.086853
1.071780
1.056902
1.041437
1.027342
1.011485
0.996607
0.981925
0.976248
0.976248
0.976248
0.973899
0.962545
0.962349
0.962349
0.962349
0.962349
0.962349
0.962349
0.962349
0.962349
0.962349
0.975661
0.976052
0.976052
0.976052
0.976052
0.976052
0.976052
0.976052
0.976052
0.976052
0.976052
0.976052
0.974095
0.973703
0.973703
0.973703
0.973703
0.973703
0.973703
0.973703
0.973703
0.973703
0.973703
0.973703
0.973703
0.973703
0.973703
0.973703
0.973703
0.973703
0.960392
0.960000
0.960000
0.960000
0.960000
0.960000
0.960000
0.960000
0.960000
0.960000
0.960000
0.960000
0.960000
0.960000
0.960000
0.960000
0.960000
0.960000
0.960000
0.960000
0.960000
0.960000
0.960000
0.960000
0.960000
0.960000
0.960000
0.960000
0.960000
0.960000
0.960000
0.960000
0.960000
0.960000
0.960000
0.960000
0.960000
0.960000
0.960000
0.960000
0.960000
0.960000
0.960000
0.960000
0.960000
0.960000
0.960000
0.960000
0.960000
0.960000
0.960000
0.960000
0.960000
0.960000
0.960000
0.960000
0.960000
0.960000
0.960000
0.960000
0.960000
0.960000
0.960000
0.960000
0.960000
0.960000
0.960000
0.960000
0.960000
0.960000
0.960000
0.960000
0.960000
0.960000
0.960000
0.960000
0.960000
0.960000
0.960000
0.960000
0.960000
0.960000
0.960000
0.960000
0.960000
0.960000
0.960000
0.960000
0.960000
0.960000
0.960000
0.960000
0.960000
0.960000
0.960000
0.960000
0.960000
0.960000
0.960000
0.960000
0.960000
0.960000
0.960000
0.960000
0.960000
0.960000
0.960000
0.960000
0.960000
0.960000
0.960000
0.960000
0.960000
0.960000
0.960000
0.960000
0.960000
0.960000
0.960000
0.960000
0.960000
0.960000
0.960000
0.960000
0.960000
0.960000
0.960000
0.960000
0.960000
0.960000
0.960000
0.960000
0.960000
0.960000
0.960000
0.960000
0.960000
0.960000
0.960000
0.960000
0.960000
0.960000
0.960000
0.960000
0.960000
0.960000
0.960000
0.960000
0.960000
0.960000
0.960000
0.960000
0.960000
0.960000
0.960000
0.960000
0.960000
0.960000
0.960000
0.960000
0.960000
0.960000
0.960000
0.960000
0.960000
0.960000
0.960000
0.960000
0.960000
0.960000
0.960000
0.960000
0.960000
0.960000
0.960000
0.960000
0.960000
0.960000
0.960000
0.960000
0.960000
0.960000
0.960000
0.960000
0.960000
0.960000
0.960000
0.960000
0.960000
0.960000
0.960000
0.960000
0.960000
0.960000
0.960000
0.960000
0.960000
0.960000
0.960000
0.960000
0.960000
0.960000
0.960000
0.960000
0.960000
0.960000
0.960000
0.960000
0.960000
0.960000
0.960000
0.960000
0.960000
0.960000
0.960000
0.960000
0.960000
0.960000
0.960000
0.960000
0.960000
0.960000
0.960000
0.960000
0.960000
0.960000
0.960000
0.960000
0.960000
0.960000
0.960000
0.960000
0.960000
0.960000
0.960000
0.960000
0.960000
0.960000
0.960000
0.960000
0.960000
0.960000
0.960000
0.960000
0.960000
0.960000
0.960000
0.960000
0.960000
0.960000
0.960000
0.960000
0.960000
0.960000
0.960000
0.960000
0.960000
0.960000
0.960000
0.960000
0.960000
0.960000
0.960000
0.960000
0.960000
0.960000
0.960000
0.960000
0.960000
0.960000
0.960000
0.960000
0.960000
0.960000
0.960000
0.960000
0.960000
0.960000
0.960000
0.960000
0.960000
0.960000
0.960000
0.960000
0.960000
0.960000
0.960000
0.960000
0.960000
0.960000
0.960000
0.960000
0.960000
0.960000
0.960000
0.960000
0.960000
0.960000
0.960000
0.960000
0.960000
0.960000
0.960000
0.960000
0.960000
0.960000
0.960000
0.960000
0.960000
0.960000
0.960000
0.960000
0.960000
0.960000
0.960000
0.960000
0.960000
0.960000
0.960000
0.960000
0.960000
0.960000
0.960000
0.960000
0.960000
0.960000
0.960000
0.960000
0.960000
0.960000
0.960000
0.960000
0.960000
0.960000
0.960000
0.960000
0.960000
0.960000
0.960000
0.960000
0.960000
0.960000
0.960000
0.960000
0.960000
0.960000
0.960000
0.960000
0.960000
0.960000
0.960000
0.960000
0.960000
0.960000
0.960000
0.960000
0.960000
0.960000
0.960000
0.960000
0.960000
0.960000
0.960000
0.960000
0.960000
0.960000
0.960000
0.960000
0.960000
0.960000
0.960000
0.960000
0.960000
0.960000
0.960000
0.960000
0.970963
0.971354
0.971354
0.971354
0.971354
0.971354
0.971354
0.971354
0.971354
0.971354
0.971354
0.973312
0.985449
0.988190
0.988973
0.988973
0.988973
0.988973
0.988973
0.988973
0.988973
0.988973
0.988973
0.988973
0.988973
0.988973
0.988973
0.988973
0.988973
0.988973
0.978010
0.977619
0.977619
0.977619
0.977619
0.977619
0.977619
0.977619
0.977619
0.977619
0.977619
0.975661
0.963524
0.962545
0.961958
0.961958
0.961958
0.961958
0.961958
0.962349
0.962349
0.962349
0.962349
0.962349
0.962936
0.963719
0.963719
0.963719
0.963719
0.963719
0.963719
0.963719
0.963719
0.963719
0.965481
0.965677
0.965677
0.965677
0.965677
0.965677
0.965677
0.965677
0.965677
0.964698
0.964503
0.964503
0.964503
0.964503
0.964503
0.964503
0.964894
0.964894
0.964894
0.964894
0.964307
0.963524
0.963524
0.963524
0.963524
0.963524
0.963524
0.963524
0.963524
0.963524
0.968222
0.975465
0.975465
0.975465
0.975465
0.975465
0.976640
0.987994
0.988385
0.987602
0.987602
0.987602
0.987602
0.987602
0.987602
0.987211
0.986819
0.990343
0.997978
0.998369
0.998369
0.998369
0.998369
0.998369
1.012856
1.025580
1.027342
1.027342
1.027342
1.028321
1.021861
1.015205
1.015596
1.016575
1.018141
1.018141
1.016967
1.005612
1.009528
1.032040
1.036738
1.040262
1.040262
1.040262
1.040262
1.040262
1.040262
1.036738
1.029104
1.028712
1.028712
1.028712
1.028712
1.028908
1.014422
1.001697
0.999935
0.999935
0.999935
0.998957
0.998957
0.998173
0.997782
0.996803
0.995237
0.995237
0.995237
0.995237
0.990930
0.968418
0.963719
0.960196
0.960196
0.960196
0.960196
0.960196
0.960196
0.960196
0.960196
0.960196
0.960196
0.960392
0.960392
0.960196
0.960196
0.960196
0.960196
0.960196
0.960196
0.960196
0.960196
0.960196
0.960196
0.960196
0.960196
0.960979
0.968614
0.969788
0.970180
0.970180
0.970180
0.970180
0.970180
0.972333
0.972333
0.973508
0.973703
0.975269
0.977619
0.977619
0.981925
0.985057
0.985057
0.985057
0.985057
0.985057
0.985057
0.985057
0.985057
0.985057
0.985645
0.985645
0.985645
0.985645
0.985645
0.984862
0.977227
0.976052
0.975661
0.975661
0.975661
0.975661
0.975661
0.973508
0.973508
0.972333
0.972137
0.970571
0.968222
0.968222
0.963915
0.960587
0.960587
0.960587
0.960587
0.960587
0.960587
0.960587
0.960587
0.960587
0.960000
0.960000
0.960000
0.960000
0.960000
0.960000
0.960000
0.960000
0.960000
0.960000
0.960000
0.960000
0.960000
0.960000
0.960196
0.960196
0.960196
0.960196
0.960196
0.960196
0.960196
0.960196
0.960196
0.960196
0.960196
0.960196
0.960196
0.960196
0.960196
0.960196
0.960196
0.960196
0.960196
0.960196
0.960196
0.960196
0.960196
0.960196
0.960196
0.960196
0.960196
0.960196
0.960196
0.960196
0.960000
0.960000
0.960000
0.960000
0.960000
0.960000
0.960000
0.960000
0.960000
0.960000
0.960000
0.960000
0.960000
0.960000
0.960000
0.960000
0.960000
0.960000
0.960000
0.960000
0.960000
0.960000
0.960000
0.960000
0.960000
0.960000
0.960000
0.960000
0.960000
0.960000
0.960000
0.960000
0.960000
0.960000
0.960000
0.960000
0.960000
0.960000
0.960000
0.960000
0.960000
0.960000
0.960000
0.960000
0.960000
0.960000
0.960000
0.960000
0.960000
0.960000
0.960000
0.960000
0.960000
0.960587
0.964307
0.965677
0.965677
0.965677
0.965677
0.965677
0.965677
0.965677
0.965677
0.965677
0.965677
0.970963
0.978597
0.986232
0.992496
0.994650
0.996412
0.996607
0.996607
0.997195
0.997586
0.997586
0.998565
0.998565
0.998565
0.998565
0.998565
1.000718
1.002480
1.001893
0.998173
0.996803
0.996803
0.996803
0.996803
0.996803
0.996803
0.996803
0.997586
1.010311
1.010506
1.005221
1.000914
0.993279
0.987015
0.984862
0.983100
0.982904
0.982904
0.982317
0.981925
0.981925
0.980946
0.980946
0.980946
0.980946
0.980946
0.978793
0.977031
0.977031
0.977031
0.977031
0.977031
0.977031
0.977031
0.977031
0.977031
0.977031
0.976248
0.963524
0.963328
0.963328
0.960000
0.960000
0.960000
0.960000
0.960000
0.960000
0.960000
0.960000
0.960000
0.960000
0.960000
0.960000
0.960000
0.960000
0.960000
0.960000
0.960000
0.960000
0.960000
0.960000
0.960000
0.960000
0.960000
0.960000
0.960000
0.960000
0.960783
0.960783
0.960783
0.960783
0.960783
0.960783
0.960783
0.960783
0.960783
0.960783
0.960783
0.960783
0.960783
0.960783
0.960783
0.961175
0.961566
0.961958
0.962741
0.962741
0.962741
0.964111
0.966264
0.966460
0.972333
0.979968
0.987602
0.995237
0.997586
1.003068
1.006787
1.007374
1.007374
1.008157
1.008157
1.011877
1.017358
1.017554
1.017554
1.017554
1.017554
1.017554
1.017554
1.017554
1.017554
1.017162
1.016771
1.016379
1.015596
1.015596
1.015596
1.014226
1.012073
1.011877
1.006004
0.998369
0.990735
0.983100
0.980751
0.975269
0.970767
0.970180
0.970180
0.969397
0.969397
0.965677
0.960196
0.960000
0.960000
0.960000
0.960000
0.960000
0.960000
0.960000
0.960000
0.960000
0.960000
0.960000
0.960000
0.960000
0.960000
0.960000
0.960000
0.960000
0.960000
0.960000
0.960000
0.960000
0.960000
0.960000
0.960000
0.960000
0.960000
0.960000
0.960000
0.960000
0.960000
0.960000
0.960000
0.960000
0.960000
0.960000
0.960000
0.971746
0.972333
0.972333
0.972333
0.972333
0.972333
0.972333
0.972333
0.972724
0.972724
0.972724
0.972724
0.974095
0.976248
0.980359
0.981925
0.981925
0.981925
0.981925
0.981925
0.981925
0.982317
0.982904
0.982904
0.982904
0.984079
0.984079
0.984079
0.984079
0.984079
0.972333
0.971941
0.971941
0.971941
0.971941
0.971941
0.971941
0.971941
0.971550
0.971550
0.971550
0.971550
0.970180
0.968026
0.963915
0.962349
0.962349
0.962349
0.962349
0.962349
0.962349
0.961958
0.961370
0.961370
0.966656
0.984862
0.987211
0.989756
0.989756
0.989756
0.989756
0.989560
0.989560
0.993084
0.993084
0.993084
0.993084
0.993084
0.993084
0.997782
1.005808
1.009723
1.010115
1.016575
1.029691
1.042416
1.054357
1.066886
1.078827
1.093118
1.106625
1.118567
1.130508
1.142450
1.153217
1.146952
1.155370
1.154978
1.155174
1.158111
1.161243
1.162613
1.166528
1.178274
1.193543
1.208813
1.226040
1.241505
1.256774
1.271065
1.280070
1.307085
1.328423
1.342322
1.349369
1.356808
1.364835
1.372469
1.379908
1.366205
1.352697
1.340756
1.329010
1.317069
1.301212
1.297297
1.291228
1.300821
1.300821
1.297884
1.294752
1.293382
1.289466
1.274197
1.261277
1.246399
1.229172
1.213707
1.198437
1.179449
1.162417
1.131487
1.109757
1.089398
1.071780
1.054161
1.034194
1.014030
0.995041
0.995824
1.000131
1.000327
1.000131
1.000131
1.001501
0.992888
0.988190
0.976444
0.976248
0.976248
0.976248
0.979185
0.986624
0.992105
0.989756
0.989364
0.989364
0.989364
0.989364
0.989364
0.992692
1.012268
1.030670
1.049463
1.065907
1.075108
1.076087
1.076087
1.075695
1.074325
1.070018
1.069822
1.069822
1.069822
1.068256
1.067669
1.067669
1.067669
1.067669
1.067669
1.067669
1.064732
1.057293
1.051812
1.051812
1.051812
1.051812
1.051812
1.051812
1.051812
1.048484
1.028908
1.010506
0.991713
0.976052
0.984666
1.006200
1.012268
1.019903
1.027929
1.033802
1.033802
1.045939
1.046135
1.046135
1.046135
1.046135
1.046135
1.046135
1.046331
1.046527
1.046527
1.046527
1.046527
1.046527
1.046527
1.046527
1.046527
1.046527
1.046527
1.046527
1.046527
1.052008
1.058468
1.061013
1.046135
1.030278
1.030474
1.024014
1.015988
1.010115
1.010115
0.997978
0.997782
0.997782
0.997782
0.997782
0.997782
0.997782
0.997586
0.997390
0.997390
0.997390
0.997390
0.997390
1.005612
1.015988
1.045156
1.071192
1.084896
1.107017
1.129138
1.145973
1.161634
1.169465
1.163983
1.157328
1.151063
1.149889
1.149889
1.149889
1.149889
1.149889
1.149889
1.149889
1.149889
1.149889
1.149889
1.150084
1.150084
1.150084
1.150084
1.150084
1.150084
1.150084
1.141862
1.131487
1.102319
1.076282
1.062579
1.040458
1.018337
0.996020
0.973899
0.960196
0.960196
0.960196
0.960196
0.960196
0.960196
0.960196
0.962545
0.962545
0.962545
0.962545
0.962545
0.962545
0.965873
0.975661
0.975661
0.975661
0.975661
0.975661
0.975661
0.975661
0.975661
0.975661
0.975661
0.975661
0.975661
0.975661
0.975661
0.975661
0.975661
0.975661
0.975661
0.975661
0.975661
0.975661
0.975661
0.975661
0.973312
0.973312
0.973312
0.973312
0.973312
0.973312
0.969984
0.960000
0.960000
0.960000
0.960000
0.960000
0.960000
0.961370
0.961762
0.961762
0.961762
0.961762
0.980359
0.999348
1.015400
1.022056
1.022056
1.022056
1.022056
1.022056
1.022056
1.022056
1.022056
1.022056
1.022644
1.022644
1.022644
1.022644
1.022644
1.022644
1.022644
1.022644
1.022644
1.022644
1.022644
1.022644
1.022644
1.021273
1.020882
1.020882
1.020882
1.020882
1.002284
0.983296
0.967243
0.960587
0.960587
0.960587
0.960587
0.960587
0.960587
0.960587
0.960587
0.960587
0.960000
0.960000
0.960000
0.960000
0.960000
0.960000
0.960000
0.960000
0.960000
0.960000
0.960000
0.960000
0.960000
0.960000
0.960000
0.960000
0.960000
0.960000
0.960000
0.960000
0.961175
0.961175
0.962153
0.962153
0.962153
0.962153
0.962153
0.962153
0.962349
0.962349
0.962349
0.962741
0.963719
0.964111
0.965090
0.965090
0.965090
0.965090
0.970375
0.985841
1.000914
1.015988
1.030866
1.045939
1.060817
1.071780
1.071976
1.071976
1.075695
1.085483
1.084700
1.084700
1.083721
1.083721
1.083721
1.083721
1.083721
1.083721
1.083525
1.083525
1.083525
1.083134
1.082155
1.081764
1.080785
1.080785
1.080785
1.080785
1.075499
1.060034
1.044960
1.029887
1.015009
0.999935
0.985057
0.974095
0.973899
0.973899
0.970180
0.960392
0.960000
0.960000
0.962349
0.974486
0.974486
0.985057
0.987407
0.987407
0.987407
0.987407
0.987407
0.987407
0.987407
0.987407
0.987407
0.987407
0.987407
0.987407
0.987407
0.987407
0.987407
0.987407
0.987407
0.987407
0.987407
0.987407
0.987407
0.987407
0.987407
0.987407
0.987407
0.987407
0.985057
0.972920
0.972920
0.962349
0.960000
0.960000
0.960000
0.960000
0.960000
0.960000
0.960000
0.960000
0.960000
0.960000
0.960000
0.960000
0.960000
0.960000
0.960000
0.960000
0.960000
0.960000
0.960000
0.960000
0.960000
0.960000
0.960000
0.960000
0.960000
0.960000
0.960000
0.960000
0.960000
0.960000
0.960000
0.960000
0.960000
0.960000
0.960000
0.960000
0.960000
0.960000
0.960000
0.960000
0.960000
0.960000
0.960000
0.960000
0.960000
0.960000
0.960000
0.960000
0.960000
0.960000
0.960000
0.960000
0.960000
0.960000
0.960000
0.960000
0.960000
0.960000
0.960000
0.960000
0.960000
0.960000
0.960000
0.960000
0.960000
0.960000
0.960000
0.960000
0.960000
0.960000
0.960000
0.960000
0.960000
0.960000
0.960000
0.960000
0.960000
0.960000
0.960000
0.960000
0.960000
0.960000
0.960000
0.960000
0.960000
0.960000
0.960000
0.960000
0.960000
0.960000
0.960000
0.960000
0.960000
0.960000
0.960000
0.960000
0.960000
0.960000
0.960000
0.960000
0.960000
0.960000
0.960000
0.960000
0.960000
0.960000
0.960000
0.960000
0.960000
0.960000
0.960000
0.960000
0.960000
0.960000
0.960000
0.960000
0.960000
0.960000
0.960000
0.960000
0.960000
0.960000
0.960000
0.960000
0.960000
0.960000
0.960000
0.960000
0.960000
0.960000
0.960000
0.960000
0.960000
0.960000
0.960000
0.960000
0.960000
0.960000
0.960000
0.960000
0.960000
0.960000
0.960000
0.960000
0.960000
0.960000
0.960000
0.960000
0.960000
0.960000
0.960000
0.960000
0.960000
0.960000
0.960000
0.960000
0.960000
0.960000
0.960000
0.960000
0.960000
0.960000
0.960000
0.960000
0.960000
0.960000
0.960000
0.960000
0.960000
0.960000
0.960000
0.960000
0.960000
0.960000
0.960000
0.960000
0.960000
0.960000
0.960000
0.960000
0.960000
0.960000
0.960000
0.960000
0.960000
0.960000
0.960000
0.960000
0.960000
0.960000
0.960000
0.960000
0.960000
0.960000
0.960000
0.960000
0.960000
0.960000
0.960000
0.960000
0.960000
0.960000
0.960000
0.960000
0.960000
0.960000
0.960000
0.960000
0.960000
0.960000
0.960000
0.960000
0.960000
0.960000
0.960000
0.960000
0.960000
0.960000
0.960000
0.960000
0.960000
0.960000
0.960000
0.960000
0.960000
0.960000
0.960000
0.960000
0.960000
0.960000
0.960000
0.960000
0.960000
0.960000
0.960000
0.960000
0.960000
0.960000
0.960000
0.960000
0.960000
0.960000
0.960000
0.960000
0.960000
0.960000
0.960000
0.960000
0.960000
0.960000
0.960000
0.960000
0.960000
0.960000
0.960000
0.960000
0.960000
0.960000
0.960000
0.960000
0.960000
0.960196
0.960196
0.960196
0.960196
0.960196
0.960196
0.960196
0.960196
0.960196
0.960196
0.960196
0.960196
0.960196
0.960196
0.960196
0.960196
0.960196
0.960196
0.960196
0.960196
0.960196
0.960196
0.960196
0.960196
0.960196
0.960196
0.960196
0.960196
0.960196
0.960196
0.960000
0.960000
0.960000
0.960000
0.960000
0.960000
0.960000
0.960000
0.960000
0.960000
0.960000
0.960000
0.960000
0.960000
0.960000
0.960000
0.960000
0.960000
0.960000
0.960000
0.960000
0.960000
0.960000
0.960000
0.960000
0.960000
0.960000
0.960000
0.960000
0.960000
0.960000
0.960000
0.960000
0.960000
0.960000
0.960000
0.960000
0.960000
0.960000
0.960000
0.960000
0.960000
0.960000
0.960000
0.960000
0.960000
0.960000
0.960000
0.960000
0.960000
0.960000
0.960000
0.960000
0.960000
0.960000
0.960196
0.960196
0.960196
0.960196
0.960196
0.960196
0.960196
0.960196
0.960196
0.960196
0.960196
0.960196
0.960196
0.960196
0.960196
0.960196
0.960196
0.960196
0.960196
0.960196
0.960196
0.960196
0.960196
0.960196
0.960196
0.960196
0.960196
0.960196
0.960196
0.960196
0.960000
0.960000
0.960000
0.960000
0.960000
0.960000
0.960000
0.960000
0.960000
0.960000
0.960000
0.960000
0.960000
0.960000
0.960000
0.960000
0.960000
0.960000
0.960000
0.960000
0.960000
0.963524
0.972724
0.972724
0.972724
0.972724
0.972724
0.972724
0.972724
0.972724
0.972724
0.972724
0.972724
0.972724
0.972724
0.972724
0.972724
0.977619
0.986624
0.986624
0.986624
0.986624
0.986624
0.986624
0.986624
0.986624
0.986624
0.986624
0.986624
0.986624
0.986624
0.983100
0.973899
0.974095
0.975661
0.975661
0.975661
0.975661
0.975661
0.975661
0.975661
0.975661
0.975661
0.975661
0.979185
0.985253
0.993671
0.988973
0.979968
0.980359
0.981534
0.984274
0.984470
0.984470
0.984666
0.984666
0.984666
0.984666
0.984666
0.992692
0.999152
0.999152
0.999152
0.998957
0.997390
0.998565
0.998565
0.998565
0.998565
0.998565
0.998565
0.998565
0.998565
0.998565
0.995041
0.988973
0.986819
0.991322
1.003851
1.009919
1.009136
1.006787
1.006591
1.006591
1.006395
1.006395
1.006395
1.006395
1.006395
0.998369
0.992888
1.004046
1.004046
1.004046
1.004046
1.002872
1.002872
1.002872
1.002872
1.002872
1.002872
1.002872
1.002872
1.002872
1.002872
1.002872
0.996607
0.991909
0.979380
0.972920
0.975661
0.983883
0.985057
0.985057
0.985057
0.985057
0.985057
0.985057
0.985057
0.985057
0.984079
0.972920
0.972920
0.972920
0.972920
0.976248
0.976444
0.976444
0.976444
0.976444
0.976444
0.976444
0.976444
0.978793
0.978793
0.978793
0.978793
0.978793
0.978793
0.978793
0.975661
0.967047
0.965873
0.965873
0.965873
0.965873
0.980946
0.993867
1.005808
1.017554
1.029495
1.042416
1.054357
1.066298
1.078240
1.087441
1.089790
1.092530
1.093509
1.093509
1.093509
1.093509
1.093509
1.091160
1.091160
1.091160
1.091160
1.091160
1.091160
1.091160
1.107017
1.126984
1.146756
1.166724
1.186692
1.206268
1.191782
1.178861
1.166920
1.155174
1.143233
1.130312
1.125418
1.117001
1.105059
1.092726
1.108191
1.125223
1.144211
1.165745
1.187671
1.208617
1.230151
1.251685
1.256187
1.256187
1.256187
1.256187
1.256187
1.256187
1.240330
1.220363
1.200591
1.180623
1.160655
1.141079
1.140492
1.140492
1.140492
1.140492
1.140492
1.140492
1.133445
1.129921
1.129921
1.133053
1.135011
1.135206
1.135206
1.133836
1.131879
1.130900
1.129334
1.118567
1.114064
1.114064
1.114064
1.114064
1.114064
1.122286
1.124635
1.124635
1.124635
1.124635
1.124635
1.124635
1.124635
1.124635
1.124635
1.124635
1.124635
1.124635
1.124635
1.124635
1.124635
1.121307
1.101340
1.081372
1.061404
1.041241
1.021273
1.001306
0.981338
0.970571
0.970571
0.970571
0.971158
0.971158
0.971158
0.962936
0.960587
0.960587
0.960587
0.960587
0.960587
0.961370
0.961370
0.961370
0.961370
0.961370
0.961370
0.961370
0.961370
0.968418
0.974878
0.982317
1.002284
1.022252
1.042220
1.062187
1.082155
1.102123
1.116022
1.116218
1.116218
1.116218
1.115630
1.115630
1.115630
1.115630
1.115630
1.117784
1.137751
1.157719
1.177687
1.196871
1.216839
1.237981
1.249923
1.249923
1.249923
1.249923
1.249923
1.242875
1.240918
1.239547
1.219580
1.199612
1.179644
1.159677
1.139709
1.119741
1.105842
1.106430
1.106430
1.107213
1.107213
1.107213
1.119546
1.135206
1.140688
1.141275
1.121307
1.101340
1.081372
1.061404
1.041437
1.021469
1.009528
1.009528
1.009528
1.009528
1.009528
1.009528
1.005025
0.998957
0.998957
0.998957
0.998957
0.998957
0.998957
0.998957
0.998957
0.998173
0.998173
0.997390
0.997390
0.997390
0.985057
0.969397
0.963915
0.977031
0.996999
1.016967
1.036934
1.056902
1.060034
1.058860
1.058860
1.058860
1.058860
1.058860
1.058860
1.058860
1.058860
1.058860
1.058860
1.058860
1.058860
1.058860
1.075695
1.095663
1.115630
1.135598
1.151846
1.152042
1.152042
1.155957
1.165549
1.165549
1.166528
1.160264
1.140296
1.120329
1.100361
1.080393
1.077261
1.077261
1.077261
1.078044
1.095858
1.114847
1.130508
1.130704
1.130704
1.130704
1.130704
1.130704
1.130704
1.130704
1.113868
1.105451
1.085875
1.065907
1.049659
1.049463
1.063754
1.065320
1.055727
1.055727
1.054749
1.045156
1.045156
1.045156
1.045156
1.045156
1.045156
1.045156
1.045156
1.048680
1.046527
1.029887
1.014226
1.028712
1.041437
1.053378
1.065320
1.078240
1.091160
1.104863
1.112498
1.100948
1.100752
1.102710
1.102710
1.116413
1.102710
1.097229
1.097229
1.097229
1.097229
1.097229
1.097229
1.097229
1.102319
1.122286
1.142254
1.162222
1.182189
1.188258
1.172793
1.170444
1.170444
1.155761
1.143037
1.135402
1.129334
1.116413
1.103493
1.089790
1.082155
1.082155
1.081959
1.080198
1.080198
1.066494
1.066690
1.066886
1.066886
1.066886
1.066886
1.066886
1.066886
1.066886
1.061796
1.042220
1.022252
1.002284
0.985449
0.982708
0.982904
0.982904
0.986428
0.992496
0.996803
0.993279
0.987407
0.987407
0.993279
0.993475
0.993475
0.993475
0.993475
0.998565
0.998761
0.998761
0.997978
0.997782
0.997782
0.997782
0.997782
0.997782
0.997782
0.997782
0.997782
0.998173
0.998173
0.998957
0.996803
0.989168
0.990147
0.990147
0.986624
0.980946
0.976640
0.975857
0.976248
0.976835
0.970963
0.971158
0.971158
0.973703
0.974486
0.969788
0.969592
0.970375
0.970375
0.970375
0.974291
0.974878
0.975269
0.975661
0.976052
0.977227
0.977227
0.976444
0.976444
0.975661
0.979772
0.983296
0.989560
0.997195
1.005221
1.015205
1.022839
1.030474
1.034389
1.041437
1.042807
1.042416
1.042807
1.040262
1.039479
1.038892
1.039479
1.043199
1.043199
1.043199
1.042024
1.041828
1.041437
1.041045
1.040654
1.039479
1.039479
1.039479
1.039479
1.039479
1.034585
1.031844
1.025384
1.017750
1.009723
1.011289
1.004634
0.996999
0.992692
0.985057
0.985645
0.989364
0.989168
0.989168
0.989168
0.989168
0.988581
0.984079
0.984079
0.984079
0.981338
0.991713
1.006200
1.006395
1.006395
1.006395
1.006395
1.006395
1.006395
1.006395
1.006200
1.005417
1.004634
1.006591
1.006591
0.994650
0.994258
0.994258
0.995824
0.995824
0.993867
0.992496
0.992301
0.992301
0.992301
0.992301
0.992301
0.992301
0.992301
0.992301
0.992301
0.981534
0.967047
0.966852
0.966852
0.966852
0.966852
0.966852
0.966852
0.966852
0.966852
0.966852
0.966460
0.964503
0.964503
0.964503
0.963915
0.963915
0.963524
0.963524
0.963524
0.968222
0.998369
1.020686
1.043003
1.065124
1.087441
1.109562
1.131683
1.154783
1.176904
1.184734
1.186887
1.187083
1.190803
1.198437
1.201961
1.201961
1.203723
1.205093
1.207051
1.210183
1.213511
1.213511
1.213511
1.213511
1.213511
1.213511
1.212336
1.212336
1.212336
1.205289
1.175142
1.152825
1.130508
1.108387
1.086070
1.063949
1.041828
1.018728
0.996607
0.989168
0.987015
0.986819
0.983100
0.975465
0.971941
0.971941
0.970180
0.968809
0.966852
0.963719
0.960392
0.960392
0.960392
0.960392
0.960392
0.960392
0.960392
0.960392
0.960392
0.960392
0.960392
0.960783
0.968222
0.975857
0.982513
0.982708
0.993671
1.003263
1.018533
1.041828
1.060817
1.076087
1.091356
1.106625
1.121895
1.137360
1.153804
1.169073
1.184343
1.199416
1.214686
1.221929
1.221929
1.221929
1.221929
1.221929
1.221929
1.222516
1.222516
1.222516
1.222516
1.222125
1.214686
1.207051
1.200591
1.200395
1.189432
1.179840
1.164571
1.148910
1.133249
1.117979
1.102710
1.096250
1.091747
1.100361
1.090769
1.082742
1.092726
1.079219
1.063949
1.056706
1.056706
1.059055
1.079610
1.095075
1.110345
1.122090
1.122090
1.122090
1.122090
1.122090
1.122090
1.122090
1.121895
1.121895
1.121895
1.121895
1.122090
1.114847
1.112302
1.117392
1.143820
1.151650
1.140884
1.116805
1.109953
1.102710
1.077457
1.075891
1.075891
1.075891
1.075891
1.073542
1.052987
1.037522
1.022252
1.009919
1.009919
1.009919
1.009919
1.009919
1.009919
1.009919
1.009919
1.009919
1.009919
1.009919
1.009723
1.008940
1.008157
1.003068
0.976640
0.960000
0.960000
0.960000
0.960000
0.960000
0.960000
0.960000
0.960000
0.960000
0.960000
0.960000
0.960000
0.960000
0.960000
0.960000
0.960000
0.960000
0.960000
0.960000
0.960000
0.960000
0.960000
0.960000
0.960000
0.960000
0.960000
0.960000
0.960000
0.960000
0.960000
0.960000
0.960000
0.961566
0.961566
0.961566
0.961566
0.961566
0.961566
0.962153
0.962153
0.962153
0.962153
0.962153
0.962153
0.962153
0.962153
0.962153
0.962153
0.962153
0.962153
0.962153
0.962153
0.962153
0.962545
0.962545
0.962545
0.962741
0.964894
0.964894
0.964894
0.964894
0.964894
0.963328
0.963328
0.963328
0.963328
0.963328
0.963328
0.962741
0.962741
0.962741
0.962741
0.962741
0.962741
0.962741
0.962741
0.962741
0.962741
0.962741
0.962741
0.962741
0.962741
0.962741
0.962349
0.962349
0.962349
0.962153
0.960000
0.960000
0.960000
0.960000
0.960000
0.960000
0.960000
0.960000
0.960000
0.960000
0.960000
0.960979
0.961566
0.961566
0.961566
0.961566
0.961566
0.961566
0.961566
0.961566
0.961566
0.961566
0.961566
0.961566
0.961566
0.961566
0.961566
0.961566
0.961566
0.961566
0.961566
0.961566
0.961566
0.961566
0.961566
0.961566
0.961566
0.961566
0.961566
0.961566
0.961566
0.960587
0.960000
0.960783
0.962349
0.962349
0.962349
0.962349
0.984666
1.000327
1.015792
1.031061
1.046527
1.061992
1.077261
1.092530
1.107800
1.122678
1.123461
1.123461
1.123461
1.123461
1.123461
1.123461
1.123461
1.123461
1.123461
1.123461
1.128355
1.135402
1.135402
1.135794
1.136185
1.136968
1.135402
1.135402
1.135402
1.135402
1.113085
1.097425
1.081959
1.066690
1.051225
1.035760
1.020490
1.005221
0.989951
0.975074
0.974291
0.974291
0.974291
0.974291
0.974291
0.974291
0.974291
0.974291
0.974291
0.974291
0.969397
0.962349
0.962349
0.961958
0.961762
0.963719
0.963719
0.963719
0.963719
0.963719
0.975465
0.978010
0.985841
1.001501
1.017750
1.033998
1.037717
1.037717
1.037717
1.037717
1.037717
1.037717
1.037717
1.037717
1.037717
1.037717
1.037717
1.037913
1.037913
1.037913
1.037913
1.037913
1.037913
1.037913
1.037717
1.034194
1.034194
1.034194
1.034194
1.034194
1.022448
1.019903
1.021469
1.009332
0.993084
0.976835
0.973116
0.973116
0.973116
0.973116
0.973116
0.973116
0.973116
0.973116
0.973116
0.973116
0.973116
0.972920
0.972920
0.972920
0.972920
0.972920
0.972920
0.972920
0.972920
0.972920
0.972920
0.972920
0.972920
0.972920
0.972920
0.972920
0.963524
0.960000
0.960000
0.960000
0.960000
0.960000
0.960000
0.960000
0.960000
0.960000
0.960000
0.960000
0.960000
0.960000
0.960000
0.960000
0.960000
0.960000
0.960000
0.960000
0.960000
0.960000
0.960000
0.960000
0.960000
0.960000
0.960000
0.960000
0.960000
0.960000
0.960000
0.960000
0.960000
0.960000
0.960000
0.960000
0.960000
0.960000
0.960000
0.960000
0.960000
0.960000
0.960000
0.960000
0.960000
0.960000
0.960000
0.960000
0.960000
0.960000
0.960000
0.960000
0.960000
0.960000
0.960000
0.960000
0.960000
0.960000
0.960000
0.960000
0.960000
0.960000
0.960000
0.960000
0.960000
0.960000
0.960000
0.960000
0.960000
0.960000
0.960000
0.960000
0.960000
0.960000
0.960000
0.960000
0.960000
0.960000
0.960000
0.960000
0.960000
0.960000
0.960000
0.960000
0.960000
0.960000
0.960000
0.960000
0.960000
0.960000
0.960000
0.960000
0.960000
0.960000
0.960000
0.960000
0.960000
0.960000
0.960000
0.960000
0.960000
0.960000
0.960000
0.960000
0.960000
0.960000
0.960000
0.960000
0.960000
0.960000
0.960000
0.960000
0.960000
0.960000
0.960000
0.960000
0.960000
0.960000
0.960000
0.960000
0.960000
0.960000
0.960000
0.960000
0.960000
0.960000
0.960000
0.960000
0.960000
0.960000
0.960000
0.960000
0.960000
0.960000
0.960000
0.960000
0.960000
0.960000
0.960000
0.960000
0.960000
0.960000
0.960000
0.960000
0.960000
0.960000
0.960000
0.960000
0.960000
0.960000
0.960000
0.960000
0.960000
0.960000
0.960000
0.960000
0.960000
0.960000
0.960000
0.960000
0.960000
0.960000
0.960000
0.960000
0.960000
0.960000
0.960000
0.960000
0.960000
0.960000
0.960000
0.960000
0.960000
0.960000
0.960000
0.960000
0.960000
0.960000
0.960000
0.960000
0.960000
0.960000
0.960000
0.960000
0.960000
0.960000
0.960000
0.960000
0.960000
0.960000
0.960000
0.960000
0.960000
0.960000
0.960000
0.960000
0.960000
0.960000
0.960000
0.960000
0.960000
0.960000
0.960000
0.960000
0.960000
0.960000
0.960000
0.960000
0.960000
0.960000
0.960000
0.960000
0.960000
0.960000
0.960000
0.960000
0.960000
0.960000
0.960000
0.960000
0.960000
0.960000
0.960000
0.960000
0.960000
0.960000
0.960000
0.960000
0.960000
0.960000
0.960000
0.960000
0.960000
0.960000
0.960000
0.960000
0.960000
0.960000
0.960000
0.960000
0.960000
0.960000
0.960000
0.960000
0.960000
0.960000
0.960000
0.960000
0.960000
0.960000
0.960000
0.960000
0.960000
0.960000
0.960000
0.960000
0.960000
0.960000
0.960000
0.960000
0.960000
0.960000
0.960000
0.960000
0.960000
0.960000
0.960000
0.960000
0.960000
0.960000
0.960000
0.960000
0.960000
0.960000
0.960000
0.960000
0.960000
0.960000
0.960000
0.960000
0.960000
0.960000
0.960000
0.960000
0.960000
0.960000
0.960000
0.960000
0.960000
0.960000
0.960000
0.960000
0.960000
0.960000
0.960000
0.960000
0.960000
0.960000
0.960000
0.960000
0.960000
0.960000
0.960000
0.960000
0.960000
0.960000
0.960000
0.960000
0.960000
0.960000
0.960000
0.960000
0.960000
0.960000
0.960000
0.960000
0.960000
0.960000
0.960000
0.960000
0.960000
0.960000
0.960000
0.960000
0.960000
0.960000
0.960000
0.960000
0.960000
0.960000
0.960000
0.960000
0.960000
0.960000
0.960000
0.960000
0.960000
0.960000
0.960000
0.960000
0.960000
0.960000
0.960000
0.960000
0.960000
0.960000
0.960000
0.960000
0.960000
0.960000
0.960000
0.960000
0.960000
0.960000
0.960000
0.960000
0.960000
0.960000
0.960000
0.960000
0.960000
0.960000
0.960000
0.960000
0.960000
0.960000
0.960000
0.960000
0.960000
0.960000
0.960000
0.960000
0.960000
0.960000
0.960000
0.960000
0.960000
0.960000
0.960000
0.960000
0.960000
0.960000
0.960000
0.960000
0.960000
0.960000
0.960000
0.960000
0.960000
0.960000
0.960000
0.960000
0.960000
0.960000
0.960000
0.960000
0.960000
0.960000
0.963915
0.973508
0.975661
0.975661
0.975661
0.975661
0.986036
0.990147
0.990147
0.990147
0.990147
0.990147
0.990147
0.990147
0.990147
0.990147
0.990147
0.990147
0.990147
0.990147
0.992301
0.993671
0.993671
0.993671
0.993671
0.993671
0.993671
0.993671
0.993671
0.993671
0.989756
0.980163
0.978010
0.978010
0.978989
0.979576
0.969201
0.965090
0.965090
0.965481
0.965677
0.965677
0.965677
0.967830
0.967830
0.969005
0.969201
0.969201
0.969201
0.969201
0.967047
0.965677
0.965677
0.965873
0.965873
0.965873
0.966264
0.966264
0.966264
0.967635
0.967635
0.967635
0.967635
0.967635
0.966656
0.966069
0.966460
0.966460
0.966460
0.966069
0.965873
0.970375
0.976640
0.981925
0.989560
0.999544
1.010702
1.013443
1.014030
1.015792
1.016184
1.016184
1.019316
1.020686
1.026363
1.027929
1.027538
1.027538
1.027538
1.026167
1.026167
1.026167
1.026167
1.026363
1.051029
1.068060
1.087049
1.107604
1.137947
1.160655
1.181798
1.198046
1.215860
1.213707
1.212141
1.201570
1.191977
1.193152
1.194131
1.192565
1.192173
1.192173
1.189041
1.187475
1.181798
1.181015
1.182581
1.203331
1.223299
1.243463
1.263626
1.284768
1.304932
1.324704
1.315698
1.298863
1.279483
1.258928
1.228585
1.211162
1.191586
1.180623
1.158698
1.154000
1.147931
1.147344
1.146756
1.143037
1.141471
1.141275
1.141275
1.141275
1.141275
1.141275
1.141275
1.140492
1.138926
1.118175
1.098208
1.078044
1.057881
1.036738
1.016575
0.996607
0.980946
0.980751
0.980751
0.980751
0.980751
0.975465
0.973899
0.964111
0.961958
0.961370
0.961370
0.961370
0.960196
0.960000
0.960783
0.960979
0.966656
0.982904
1.002872
1.022644
1.043786
1.063754
1.085287
1.106038
1.123461
1.123657
1.123657
1.123657
1.123657
1.123657
1.123657
1.123657
1.123657
1.123657
1.123657
1.123657
1.123657
1.123657
1.123657
1.123657
1.123657
1.123657
1.123657
1.123657
1.122873
1.122678
1.117001
1.100752
1.080785
1.061013
1.039871
1.019903
0.998369
0.977619
0.960196
0.960000
0.960000
0.960000
0.960000
0.960000
0.960000
0.960000
0.960000
0.960000
0.960000
0.960000
0.960000
0.960000
0.960000
0.960000
0.960000
0.960000
0.960000
0.960000
0.960000
0.960000
0.960000
0.960000
0.960000
0.960000
0.960000
0.960000
0.960000
0.960000
0.960000
0.960000
0.960000
0.960000
0.960000
0.960000
0.960000
0.960000
0.960000
0.960000
0.960000
0.960000
0.960000
0.960000
0.960000
0.960000
0.960000
0.960000
0.960000
0.960000
0.960000
0.960000
0.960000
0.960000
0.960000
0.960000
0.960000
0.960000
0.960000
0.974291
0.994454
1.014422
1.034389
1.054553
1.074520
1.094488
1.109757
1.109757
1.109757
1.109757
1.109757
1.109757
1.111128
1.120329
1.120524
1.120524
1.120524
1.120524
1.120524
1.120524
1.120524
1.120524
1.120524
1.120524
1.120524
1.120524
1.120524
1.120524
1.120524
1.113868
1.099382
1.079414
1.059447
1.039283
1.019316
0.999348
0.984079
0.984079
0.984079
0.984079
0.984079
0.984079
0.982708
0.973508
0.973312
0.973312
0.973312
0.973312
0.973312
0.973312
0.973312
0.973312
0.973312
0.973312
0.974878
0.975074
0.975074
0.975074
0.975074
0.969397
0.964111
0.964111
0.964111
0.964111
0.964111
0.964111
0.964111
0.964111
0.964111
0.964111
0.964111
0.964111
0.964111
0.964111
0.964111
0.964111
0.964111
0.964307
0.964307
0.964307
0.964307
0.964307
0.964307
0.964307
0.964111
0.963915
0.963915
0.963915
0.963915
0.961958
0.961566
0.961566
0.961566
0.961566
0.961566
0.961566
0.961566
0.961566
0.961566
0.961566
0.961566
0.961566
0.961566
0.961566
0.961566
0.961566
0.961566
0.961370
0.961370
0.962545
0.962545
0.962545
0.962545
0.962545
0.961175
0.961175
0.961175
0.961175
0.961175
0.961175
0.961175
0.961175
0.961175
0.961175
0.961175
0.961175
0.961175
0.961175
0.961175
0.961175
0.961175
0.961175
0.961175
0.961175
0.961175
0.961175
0.961175
0.961175
0.961175
0.960000
0.960000
0.960000
0.960000
0.960000
0.960000
0.960000
0.960000
0.960000
0.960000
0.960000
0.960000
0.960000
0.960000
0.960000
0.960000
0.960000
0.960000
0.960000
0.960000
0.960000
0.960000
0.960000
0.960000
0.960000
0.960000
0.960000
0.960000
0.960000
0.960000
0.960000
0.960000
0.960000
0.960000
0.960000
0.960000
0.960000
0.960000
0.960000
0.960000
0.960000
0.960783
0.960783
0.960783
0.960783
0.960783
0.960783
0.960783
0.960783
0.960783
0.960783
0.960783
0.960783
0.960783
0.960783
0.960783
0.960783
0.960783
0.960783
0.960783
0.960783
0.960783
0.960783
0.960783
0.960783
0.960783
0.960783
0.960783
0.960783
0.960783
0.960783
0.960000
0.960000
0.960392
0.971550
0.971550
0.971550
0.971550
0.971550
0.971550
0.971550
0.971550
0.971550
0.971550
0.971550
0.971550
0.971550
0.971550
0.971550
0.971550
0.971550
0.971550
0.971550
0.971550
0.971550
0.971550
0.971550
0.971550
0.971746
0.979380
0.986232
0.987407
0.987407
0.987211
0.976052
0.985841
0.988777
0.988777
0.988777
0.988777
0.988777
0.988777
0.988777
0.988777
0.988777
0.988777
0.988777
0.988777
0.988777
0.988777
0.988777
0.988777
0.988777
0.988777
0.989560
0.989560
0.989560
0.989560
0.989364
0.981730
0.974878
0.973703
0.973703
0.976052
0.991322
0.982904
0.981925
0.981925
0.981925
0.981925
0.981925
0.981925
0.981925
0.981925
0.981925
0.981925
0.981925
0.981925
0.981925
0.981925
0.981925
0.981925
0.981925
0.981925
0.981142
0.981142
0.981142
0.981142
0.981142
0.981142
0.981142
0.981142
0.981142
0.978597
0.963328
0.961958
0.960000
0.960000
0.960000
0.960000
0.960000
0.960000
0.960000
0.960000
0.960000
0.960000
0.960000
0.960000
0.960000
0.960000
0.960000
0.960000
0.960000
0.960000
0.960000
0.960000
0.960000
0.960000
0.960000
0.960000
0.960000
0.960000
0.961175
0.961370
0.962349
0.962545
0.962545
0.962545
0.962545
0.962545
0.962545
0.964111
0.964111
0.964111
0.964111
0.969201
0.969984
0.970571
0.977423
0.980359
0.980359
0.985449
0.985449
0.985449
0.985449
0.987211
0.992692
0.993084
0.993279
0.993279
0.993279
0.996803
0.997586
0.997586
0.996999
0.996803
0.996803
0.996803
0.997195
1.000523
1.000523
0.998957
0.998957
0.998957
0.998957
0.993867
0.993084
0.992496
0.985645
0.982708
0.982708
0.978402
0.978402
0.978402
0.978402
0.976640
0.971158
0.970767
0.970571
0.970571
0.971354
0.967830
0.970767
0.971746
0.971354
0.971354
0.971354
0.971354
0.970963
0.967635
0.967635
0.972333
0.975074
0.975074
0.975074
0.975857
0.980751
0.980751
0.980751
0.980751
0.980751
0.980555
0.982708
0.983296
0.988385
0.994454
0.994650
0.994650
0.995041
1.001306
1.005612
1.010311
1.005417
1.004242
1.004242
1.004242
1.004242
1.004242
1.004242
1.004242
1.004242
0.999544
0.996803
0.996803
0.996803
0.996020
0.991126
0.992105
0.997782
1.003459
1.009136
1.014226
1.017750
1.022839
1.024797
1.023622
1.023622
1.023622
1.023231
1.016967
1.011877
1.007179
1.007179
1.007179
1.007179
1.007179
1.007179
1.007179
1.007179
1.013443
1.020295
1.021469
1.021469
1.021469
1.021469
1.022252
1.022252
1.021273
1.015596
1.009919
1.004242
0.998565
0.992888
0.987211
0.980163
0.975269
0.975074
0.996999
1.024014
1.025972
1.025972
1.025972
1.025972
1.025972
1.025972
1.025972
1.025972
1.025972
1.025972
1.019707
1.012856
1.028712
1.054944
1.081176
1.107213
1.130900
1.133249
1.144016
1.144211
1.144211
1.144211
1.148910
1.148910
1.148910
1.148910
1.155761
1.176904
1.171814
1.163396
1.179449
1.197459
1.208421
1.212141
1.216056
1.220167
1.224474
1.228585
1.232891
1.237002
1.241309
1.245420
1.232500
1.210770
1.191586
1.174359
1.162026
1.169465
1.164179
1.171618
1.187475
1.203527
1.215469
1.231325
1.232500
1.232696
1.225844
1.204702
1.187866
1.169269
1.151259
1.133249
1.123461
1.119741
1.116805
1.112890
1.108583
1.104472
1.102710
1.099969
1.095663
1.091552
1.087441
1.089398
1.089398
1.080589
1.068452
1.058664
1.053182
1.045548
1.029691
1.013639
0.996999
0.981142
0.979968
0.983491
0.987602
0.993279
0.993279
0.993279
0.993279
0.993279
0.992105
0.992105
0.991322
0.995041
0.996216
0.996216
0.993671
0.992301
0.992301
0.992301
0.992692
0.986232
0.979185
0.979185
0.979185
0.979185
0.979185
0.979185
0.979185
0.979185
0.979185
0.979185
0.979185
0.975465
0.971746
0.966069
0.971941
0.987407
1.002872
1.018337
1.033606
1.043786
1.043590
1.039675
1.051616
1.052204
1.052204
1.052204
1.052204
1.052204
1.051812
1.051812
1.051812
1.051812
1.051812
1.051812
1.051812
1.051812
1.051812
1.051812
1.051812
1.051812
1.051812
1.051812
1.051421
1.051421
1.045548
1.030278
1.014813
1.000131
0.984862
0.974682
0.974682
0.974682
0.961566
0.960979
0.960979
0.960979
0.960979
0.960979
0.960979
0.960979
0.960979
0.960979
0.960979
0.960979
0.960979
0.960979
0.960979
0.960979
0.960979
0.960979
0.960979
0.960979
0.960979
0.960979
0.960979
0.960783
0.960783
0.960000
0.960000
0.960000
0.960000
0.960000
0.960000
0.960000
0.960783
0.960783
0.960783
0.973312
0.989168
1.005025
1.020295
1.020882
1.020882
1.020882
1.021469
1.021469
1.022056
1.022056
1.026167
1.026363
1.026363
1.026363
1.026363
1.026363
1.026363
1.026363
1.028125
1.028125
1.028125
1.028125
1.028125
1.028125
1.028125
1.028125
1.027342
1.027342
1.027342
1.014813
0.998957
0.983100
0.967830
0.967243
0.967243
0.967243
0.966656
0.966656
0.966069
0.966069
0.961958
0.961762
0.961762
0.961762
0.961762
0.961762
0.961762
0.961762
0.960000
0.960000
0.972724
0.973116
0.973116
0.973116
0.973116
0.973116
0.973116
0.973116
0.973116
0.973116
0.973116
0.973116
0.973116
0.973116
0.973116
0.973116
0.973116
0.973116
0.973116
0.973116
0.973116
0.973116
0.973116
0.973116
0.973116
0.973116
0.973116
0.973116
0.973116
0.973116
0.960392
0.960000
0.960000
0.960000
0.960000
0.960000
0.960000
0.960000
0.960000
0.960000
0.960000
0.960000
0.960000
0.960000
0.960000
0.960000
0.960000
0.960000
0.960000
0.960000
0.960000
0.960000
0.960000
0.960000
0.960000
0.960000
0.960000
0.960000
0.960000
0.960000
0.960000
0.960000
0.960000
0.960000
0.960000
0.960000
0.960000
0.960000
0.960000
0.960000
0.960000
0.960000
0.960000
0.960000
0.960000
0.960000
0.960000
0.960000
0.960000
0.960000
0.960000
0.960000
0.960000
0.960000
0.960000
0.960000
0.960000
0.960000
0.960000
0.960000
0.960000
0.960000
0.960000
0.960000
0.960000
0.960000
0.960000
0.960000
0.960000
0.960000
0.960000
0.960000
0.960000
0.960000
0.960000
0.960000
0.960000
0.960000
0.960000
0.960000
0.960000
0.960000
0.960000
0.960000
0.960000
0.960000
0.960000
0.960000
0.960000
0.960000
0.960000
0.960000
0.960000
0.960000
0.960000
0.960000
0.960000
0.960000
0.960000
0.960000
0.960000
0.960000
0.960000
0.960000
0.960000
0.960000
0.960000
0.960000
0.960000
0.960000
0.960000
0.960000
0.960000
0.960000
0.960000
0.960000
0.960000
0.960000
0.960000
0.960000
0.960000
0.960000
0.960000
0.960000
0.960000
0.960000
0.960000
0.960000
0.960000
0.960000
0.960000
0.960000
0.960000
0.960000
0.960000
0.960000
0.960000
0.960000
0.960000
0.960000
0.960000
0.960000
0.960000
0.960000
0.960000
0.960000
0.960000
0.960000
0.960000
0.960000
0.960000
0.960000
0.960000
0.960000
0.960000
0.960000
0.960000
0.960000
0.960000
0.960000
0.960000
0.960000
0.960000
0.960000
0.960000
0.960000
0.960000
0.960000
0.960000
0.960000
0.960000
0.960000
0.960000
0.960000
0.960000
0.960000
0.960000
0.960000
0.960000
0.960000
0.960000
0.960000
0.960000
0.960000
0.960000
0.960000
0.960000
0.960000
0.960000
0.960000
0.960000
0.960000
0.960000
0.960000
0.960000
0.960000
0.960000
0.960000
0.960000
0.960000
0.960000
0.960000
0.960000
0.960000
0.960000
0.960000
0.960000
0.960000
0.960000
0.960000
0.960000
0.960000
0.960000
0.960000
0.960000
0.960000
0.960000
0.960000
0.960000
0.960000
0.960000
0.960000
0.960000
0.960000
0.960000
0.960000
0.960000
0.960000
0.960000
0.960000
0.960000
0.960000
0.960000
0.960000
0.960000
0.960000
0.960000
0.960000
0.960000
0.960000
0.960000
0.960000
0.960000
0.960000
0.960000
0.960000
0.960000
0.960000
0.960000
0.960000
0.960000
0.960000
0.960000
0.960000
0.960000
0.960000
0.960000
0.960000
0.960000
0.960000
0.960000
0.960000
0.960000
0.960000
0.960000
0.960000
0.960000
0.960000
0.960000
0.960000
0.960000
0.960000
0.960000
0.960000
0.960000
0.960000
0.960000
0.960000
0.960000
0.960000
0.960000
0.960000
0.960000
0.960000
0.960000
0.960000
0.960000
0.960000
0.960000
0.960000
0.960000
0.960000
0.960000
0.960000
0.960000
0.960000
0.960000
0.960000
0.960000
0.960000
0.960000
0.960000
0.960000
0.960000
0.960000
0.960000
0.960000
0.960000
0.960000
0.960000
0.960000
0.960000
0.960000
0.960000
0.960000
0.960000
0.960000
0.960000
0.960000
0.960000
0.960000
0.960000
0.960000
0.960000
0.960000
0.960000
0.960000
0.960000
0.960000
0.960000
0.960000
0.960000
0.960000
0.960000
0.960000
0.960000
0.960000
0.960000
0.960000
0.960000
0.960000
0.960000
0.960000
0.960000
0.960000
0.960000
0.960000
0.960000
0.960000
0.960000
0.960000
0.960000
0.960000
0.960000
0.960000
0.960000
0.960000
0.960000
0.960000
0.960000
0.960000
0.960000
0.960000
0.960000
0.960000
0.960000
0.960000
0.960000
0.960000
0.960000
0.960000
0.960000
0.960000
0.960000
0.960000
0.960000
0.960000
0.960000
0.960000
0.960000
0.960000
0.960000
0.960000
0.960000
0.960000
0.960000
0.960000
0.960000
0.960000
0.960000
0.960000
0.960000
0.960000
0.960000
0.960000
0.960000
0.960000
0.960000
0.960000
0.960000
0.960000
0.960000
0.960000
0.960000
0.960000
0.960000
0.960000
0.960000
0.960000
0.960000
0.960000
0.960000
0.960000
0.960000
0.960000
0.960000
0.960000
0.960000
0.960000
0.965286
0.976640
0.978989
0.978989
0.982708
0.992888
0.992888
0.992888
0.992888
0.992888
0.992888
0.992888
0.992888
0.992888
0.992888
0.992888
0.992888
0.992888
0.992888
0.992888
0.992888
0.992888
0.992888
0.992888
0.992888
1.004634
1.007962
1.008353
1.017554
1.032823
1.047114
1.054553
1.072367
1.092530
1.109170
1.118958
1.140101
1.148714
1.150476
1.150672
1.153608
1.167507
1.168094
1.168486
1.168486
1.168486
1.172597
1.183755
1.183755
1.183755
1.185517
1.185713
1.185713
1.185713
1.185713
1.173967
1.170639
1.170248
1.161047
1.145778
1.126201
1.107408
1.087245
1.067081
1.046722
1.026755
1.005612
0.996999
0.995237
0.995041
0.992105
0.978206
0.977619
0.977227
0.977227
0.977227
0.973116
0.961958
0.961958
0.961958
0.960196
0.960000
0.960000
0.960000
0.960000
0.960000
0.960000
0.960000
0.960000
0.960000
0.960000
0.960000
0.967243
0.971158
0.971158
0.971354
0.971354
0.971354
0.971550
0.971550
0.972529
0.983883
0.984079
0.984666
0.984666
0.984666
0.984666
0.984666
0.984666
0.984666
0.984666
0.984666
0.984666
0.984666
0.984666
0.984666
0.984666
0.985645
0.985645
0.985645
0.985645
0.985645
0.978402
0.974486
0.974486
0.974291
0.974291
0.974291
0.974095
0.974095
0.973116
0.961762
0.961566
0.960979
0.960979
0.960979
0.960979
0.961566
0.961566
0.961762
0.962545
0.962741
0.964307
0.964307
0.964307
0.964307
0.964307
0.963328
0.963328
0.963328
0.963328
0.963328
0.963328
0.963328
0.963328
0.963328
0.963328
0.963328
0.963328
0.963328
0.963328
0.963328
0.963328
0.964698
0.964698
0.964698
0.964698
0.964111
0.964111
0.963915
0.963132
0.962936
0.961370
0.961370
0.961370
0.961370
0.961370
0.978793
0.998565
1.018533
1.038500
1.059251
1.079219
1.101731
1.132466
1.139317
1.139317
1.139317
1.140101
1.140492
1.140492
1.140492
1.140492
1.139122
1.139122
1.139122
1.139122
1.139122
1.139122
1.139122
1.139122
1.139122
1.139122
1.139122
1.139122
1.139122
1.139122
1.121699
1.101927
1.081959
1.061992
1.041241
1.021273
0.998761
0.968026
0.961175
0.961175
0.961175
0.960392
0.960000
0.960000
0.960000
0.960000
0.960000
0.960000
0.960000
0.960000
0.960000
0.960000
0.960000
0.960000
0.960000
0.960000
0.960000
0.960000
0.960000
0.960000
0.960000
0.960000
0.960000
0.960000
0.960000
0.960000
0.960000
0.960000
0.960000
0.960000
0.960000
0.960000
0.960000
0.960000
0.960000
0.960000
0.960000
0.960000
0.960000
0.960000
0.960000
0.960000
0.960000
0.960000
0.960000
0.960000
0.960000
0.960000
0.960000
0.960000
0.960000
0.960000
0.960000
0.960000
0.960000
0.960000
0.960000
0.960000
0.960000
0.960000
0.960000
0.960000
0.960000
0.960000
0.960000
0.960000
0.960000
0.960000
0.960000
0.960000
0.960000
0.960000
0.960000
0.960000
0.960000
0.960000
0.960000
0.960000
0.960000
0.960000
0.960000
0.960000
0.960000
0.960000
0.960000
0.960000
0.960000
0.960000
0.960000
0.960000
0.960000
0.960000
0.960000
0.960000
0.960000
0.960000
0.960000
0.960000
0.960000
0.960000
0.960000
0.960000
0.960000
0.960000
0.960000
0.960000
0.960000
0.960000
0.960000
0.960000
0.960000
0.960000
0.960000
0.960000
0.960000
0.960000
0.960000
0.971746
0.974095
0.974486
0.988581
0.988777
0.988777
0.988777
0.992888
0.993084
0.993084
0.996020
0.996020
0.996020
0.996020
0.996020
0.996020
0.996020
0.996020
0.996020
1.000327
1.000523
1.000523
1.000523
1.000523
1.000523
1.000523
1.000523
1.002284
1.002284
1.002284
0.990539
0.988190
0.987798
0.973703
0.973508
0.973508
0.973508
0.969397
0.969201
0.969201
0.966264
0.966264
0.966264
0.966264
0.966264
0.966264
0.966264
0.966264
0.966264
0.961958
0.961762
0.961762
0.961762
0.961762
0.961762
0.961762
0.961762
0.960000
0.960000
0.960000
0.960000
0.960000
0.960000
0.960000
0.960000
0.960000
0.960000
0.960000
0.960000
0.960000
0.960000
0.960000
0.960000
0.960000
0.960000
0.960000
0.960000
0.960000
0.960000
0.960000
0.965090
0.985057
1.005025
1.024993
1.044960
1.065124
1.077653
1.080589
1.080589
1.080589
1.083917
1.091552
1.095467
1.097620
1.097620
1.098599
1.098599
1.103885
1.123657
1.144603
1.164375
1.184343
1.204310
1.213511
1.213511
1.213511
1.213511
1.213511
1.226431
1.245812
1.245029
1.238568
1.219188
1.199220
1.179253
1.159089
1.146561
1.143624
1.143624
1.143624
1.140296
1.132662
1.128746
1.128159
1.129529
1.128746
1.128746
1.123461
1.103689
1.082742
1.062971
1.043003
1.023035
1.013834
1.013834
1.013834
1.013834
1.021469
1.013051
0.993867
1.006200
0.995237
0.997195
0.998957
0.998957
0.998957
0.998957
0.998957
0.998957
1.003459
1.003655
1.005025
1.005025
1.003459
1.002089
1.001893
1.001893
1.002872
1.002872
1.002872
1.004046
1.016184
1.016379
1.016379
1.016379
1.016379
1.016379
1.008745
1.004242
1.004046
0.987407
0.984862
0.982317
0.980555
0.980555
0.980555
0.980555
0.980555
0.980555
0.976052
0.975857
0.974486
0.974486
0.974486
0.974486
0.974486
0.974486
0.973508
0.973508
0.973508
0.972333
0.960196
0.960000
0.960000
0.960000
0.960000
0.960000
0.960000
0.960000
0.960000
0.960000
0.960000
0.960000
0.960000
0.960000
0.960000
0.960000
0.960000
0.960000
0.960000
0.960000
0.960000
0.960000
0.960000
0.960000
0.960000
0.960000
0.960000
0.960000
0.960000
0.960000
0.960000
0.960000
0.960000
0.960000
0.960000
0.960000
0.960000
0.960000
0.960000
0.960000
0.960000
0.960000
0.960000
0.960000
0.960000
0.960000
0.960000
0.960000
0.960000
0.960000
0.960000
0.960000
0.960000
0.960000
0.960000
0.960000
0.960000
0.960000
0.960000
0.960000
0.960000
0.960000
0.960000
0.960000
0.960000
0.960000
0.960000
0.960000
0.960000
0.960000
0.960783
0.973899
0.973899
0.973899
0.973899
0.973899
0.978793
0.986428
0.987602
0.987602
0.987602
0.987602
0.987602
0.988581
0.989756
0.989756
0.989756
0.989756
0.989756
0.989756
0.989756
0.989756
0.990343
0.990343
0.990343
0.990343
0.990343
0.990343
0.990343
0.990343
0.989560
0.976444
0.976444
0.976444
0.976444
0.977423
0.974682
0.968614
0.968418
0.971158
0.973116
0.973703
0.974878
0.973899
0.972724
0.972724
0.972920
0.978989
0.983883
0.989560
0.992496
0.995433
0.995041
0.996020
0.996999
0.996999
0.999935
0.999935
0.999935
0.999935
0.999935
0.999935
1.002872
1.003068
1.004829
1.009723
1.012268
1.010898
1.009919
1.007179
1.007179
1.010311
1.009919
1.009919
1.009919
1.009919
1.009723
1.003655
0.998761
0.993084
0.990147
0.987798
0.988581
0.987798
0.988190
0.988190
0.985253
0.985253
0.985253
0.985253
0.985253
0.985253
0.982317
0.982121
0.980359
0.974486
0.969788
0.969592
0.970571
0.972529
0.970571
0.966852
0.966069
0.966069
0.966069
0.966069
0.966069
0.966069
0.966069
0.966069
0.966069
0.965481
0.965873
0.965677
0.964307
0.968614
0.998957
1.021273
1.043394
1.067081
1.089007
1.110736
1.132662
1.153021
1.155174
1.162613
1.170248
1.174359
1.173380
1.176708
1.191586
1.206464
1.221146
1.232891
1.232891
1.232891
1.232891
1.232891
1.232891
1.232891
1.232891
1.232891
1.238373
1.257949
1.273610
1.286922
1.271848
1.264801
1.257753
1.249335
1.242679
1.236024
1.234458
1.234458
1.246399
1.253055
1.259515
1.269499
1.274980
1.269695
1.254817
1.239939
1.225257
1.214098
1.214098
1.214098
1.214098
1.226040
1.247965
1.267933
1.286530
1.297688
1.306106
1.296710
1.281049
1.264801
1.249531
1.236219
1.222125
1.206855
1.191586
1.176512
1.157915
1.139122
1.125418
1.111324
1.097816
1.084113
1.078631
1.079219
1.079219
1.079219
1.079219
1.078631
1.078631
1.078631
1.078631
1.066690
1.044765
1.024797
1.006200
0.995041
0.979772
0.970571
0.970571
0.969201
0.969201
0.967243
0.966264
0.966264
0.966264
0.966264
0.964503
0.962936
0.962545
0.962545
0.961958
0.961566
0.961566
0.960979
0.960979
0.960979
0.960979
0.960979
0.960979
0.960979
0.960979
0.960979
0.960979
0.961958
0.961958
0.961958
0.961958
0.960979
0.961762
0.965481
0.965481
0.967635
0.967635
0.967635
0.967635
0.967635
0.970180
0.970375
0.970375
0.970375
0.970375
0.970375
0.970375
0.970375
0.970375
0.970375
0.970375
0.970375
0.970375
0.970375
0.970375
0.970375
0.970375
0.969397
0.969397
0.969397
0.969397
0.969397
0.968614
0.964894
0.964894
0.962741
0.962741
0.962741
0.962741
0.962741
0.960196
0.960000
0.960000
0.966852
0.973508
0.973508
0.974095
0.974095
0.974095
0.974095
0.974095
0.974095
0.974095
0.974095
0.974095
0.974095
0.974095
0.974095
0.974095
0.974095
0.974095
0.974095
0.974095
0.974095
0.974095
0.974095
0.974095
0.974095
0.974095
0.974095
0.974095
0.974095
0.974095
0.973508
0.966852
0.966852
0.966264
0.966264
0.971158
0.971158
0.971158
0.971158
0.971158
0.976640
0.977814
0.977814
0.977814
0.977814
0.977814
0.977814
0.979968
0.994846
1.009528
1.024014
1.038500
1.053182
1.067669
1.082155
1.096641
1.108779
1.108974
1.108974
1.108974
1.102710
1.102710
1.102710
1.102710
1.102710
1.097816
1.097816
1.097816
1.097816
1.098012
1.092530
1.091356
1.091356
1.100557
1.116022
1.131487
1.147148
1.155174
1.141471
1.126789
1.112498
1.098012
1.083330
1.069235
1.054749
1.048288
1.036738
1.037913
1.037913
1.037913
1.043394
1.043590
1.043590
1.043590
1.043590
1.043590
1.043590
1.043590
1.043590
1.043394
1.043394
1.043394
1.043394
1.034194
1.018728
1.003263
0.987602
0.977423
0.976248
0.989560
0.989560
0.989560
0.989560
0.989168
0.989168
0.981142
0.980555
0.979185
0.979185
0.979185
0.973703
0.973508
0.973508
0.973508
0.973508
0.973508
0.973508
0.973508
0.973508
0.973508
0.973508
0.973508
0.973508
0.973508
0.973508
0.973508
0.973508
0.973508
0.973508
0.960196
0.960000
0.960000
0.960000
0.960000
0.960000
0.960000
0.960000
0.960000
0.960000
0.960000
0.960000
0.960000
0.960000
0.960000
0.960000
0.960000
0.960000
0.960000
0.960000
0.960000
0.960000
0.960000
0.960000
0.960000
0.960000
0.960000
0.960000
0.960000
0.960000
0.960000
0.960000
0.960000
0.960000
0.960000
0.960000
0.960000
0.960000
0.960000
0.960000
0.960000
0.960000
0.960000
0.960000
0.960000
0.960000
0.960000
0.960000
0.960000
0.960000
0.960000
0.960000
0.960000
0.960000
0.960000
0.960000
0.960000
0.960000
0.960000
0.960000
0.960000
0.960000
0.960000
0.960000
0.960000
0.960000
0.960000
0.960000
0.960000
0.960000
0.960000
0.960000
0.960000
0.960000
0.960000
0.960000
0.960000
0.960000
0.960000
0.960000
0.960000
0.960000
0.960000
0.960000
0.960000
0.960000
0.960000
0.960000
0.960000
0.960000
0.960000
0.960000
0.960000
0.960000
0.960000
0.960000
0.960000
0.960000
0.960000
0.960000
0.960000
0.960000
0.960000
0.960000
0.960000
0.960000
0.960000
0.960000
0.960000
0.960000
0.960000
0.960000
0.960000
0.960000
0.960000
0.960000
0.960000
0.960000
0.960000
0.960000
0.960000
0.960000
0.960000
0.960000
0.960000
0.960000
0.960000
0.960000
0.960000
0.960000
0.960000
0.960000
0.960000
0.960000
0.960000
0.960000
0.960000
0.960000
0.960000
0.960000
0.960000
0.960000
0.960000
0.960000
0.960000
0.960000
0.960000
0.960000
0.960000
0.960000
0.960000
0.960000
0.960000
0.960000
0.960000
0.960000
0.960000
0.960000
0.960000
0.960000
0.960000
0.960000
0.960000
0.960000
0.960000
0.960000
0.960000
0.960000
0.960000
0.960000
0.960000
0.960000
0.960000
0.960000
0.960000
0.960000
0.960000
0.960000
0.960000
0.960000
0.960000
0.960000
0.960000
0.960000
0.960000
0.960000
0.960000
0.960000
0.960000
0.960000
0.960000
0.960000
0.960000
0.960000
0.960000
0.960000
0.960000
0.960000
0.960000
0.960000
0.960000
0.960000
0.960000
0.960000
0.960000
0.960000
0.960000
0.960000
0.960000
0.960000
0.960000
0.960000
0.960000
0.960000
0.960000
0.960000
0.960000
0.960000
0.960000
0.960000
0.960000
0.960000
0.960000
0.960000
0.960000
0.960000
0.960000
0.960000
0.960000
0.960000
0.960000
0.960000
0.960000
0.960000
0.960000
0.960000
0.960000
0.960000
0.960000
0.960000
0.960000
0.960000
0.960000
0.960000
0.960000
0.960000
0.960000
0.960000
0.960000
0.960000
0.960000
0.960000
0.960000
0.960000
0.960000
0.960000
0.960000
0.960000
0.960000
0.960000
0.960000
0.960000
0.960000
0.960000
0.960000
0.960000
0.960000
0.960000
0.960000
0.960000
0.960000
0.960000
0.960000
0.960000
0.960000
0.960000
0.960000
0.960000
0.960000
0.960000
0.960000
0.960000
0.960000
0.960000
0.960000
0.960000
0.960000
0.960000
0.960000
0.960000
0.960000
0.960000
0.960000
0.960000
0.960000
0.960000
0.960000
0.960000
0.960000
0.960000
0.960000
0.960000
0.960000
0.960000
0.960000
0.960000
0.960000
0.960000
0.960000
0.960000
0.960000
0.960000
0.960000
0.960000
0.960000
0.960000
0.960000
0.960000
0.960000
0.960000
0.960000
0.960000
0.960000
0.960000
0.960000
0.960000
0.960000
0.960000
0.960000
0.960000
0.960000
0.960000
0.960000
0.960000
0.960000
0.960000
0.960000
0.960000
0.960000
0.960000
0.960000
0.960000
0.960000
0.960000
0.960000
0.960000
0.960000
0.960000
0.960000
0.960000
0.960000
0.960000
0.960000
0.960000
0.960000
0.960000
0.960000
0.960000
0.960000
0.960000
0.960000
0.960000
0.960000
0.960000
0.960000
0.960000
0.960000
0.960000
0.960000
0.960000
0.960000
0.960000
0.960000
0.960000
0.960000
0.960000
0.960000
0.960000
0.960000
0.960000
0.960000
0.960000
0.960000
0.960000
0.960000
0.960000
0.960000
0.960000
0.960000
0.960000
0.960000
0.960000
0.960000
0.960000
0.960000
0.960000
0.960000
0.960000
0.960000
0.960000
0.960000
0.960000
0.960000
0.960000
0.960000
0.960000
0.960392
0.971550
0.971550
0.971550
0.972724
0.975269
0.975269
0.975269
0.975269
0.975269
0.975269
0.975269
0.975465
0.975465
0.975465
0.975465
0.975465
0.975465
0.975465
0.975465
0.975465
0.975465
0.975465
0.975465
0.975465
0.975465
0.975465
0.975465
0.975465
0.975465
0.975074
0.963915
0.963915
0.963915
0.962741
0.960196
0.967830
0.974095
0.974095
0.974095
0.974095
0.974095
0.973899
0.973899
0.973899
0.974878
0.974878
0.974878
0.974878
0.974878
0.974878
0.974878
0.974878
0.974878
0.974878
0.974878
0.974878
0.974878
0.974878
0.977423
0.982317
0.985057
0.985057
0.985057
0.985841
0.986232
0.978597
0.972333
0.972333
0.972333
0.972333
0.972333
0.972333
0.972333
0.972333
0.971354
0.983296
0.983491
0.983491
0.983491
0.983491
0.983491
0.984274
0.984274
0.984274
0.984274
0.984274
0.988385
1.001306
0.999152
0.994258
0.991518
0.991518
0.991518
0.990735
0.990343
0.990343
0.990343
0.990343
0.993867
1.004242
1.004242
1.007766
1.007962
1.007962
1.010115
0.998369
0.998173
0.998173
0.998173
1.000523
1.000523
0.999740
0.999740
0.999740
0.999740
1.000718
0.996607
0.983687
0.983296
0.983296
0.983296
0.983687
0.983883
0.987994
0.996607
0.996999
0.996999
1.006004
1.006200
0.995824
0.995824
0.992301
0.992105
0.992105
0.989951
0.990343
0.990343
0.994454
0.996412
0.994062
0.994062
0.994062
0.995433
0.995629
0.995629
0.994650
0.994650
0.994650
0.994650
0.994650
0.994650
0.994258
0.994062
0.989951
0.981338
0.980946
0.980946
0.971941
0.968222
0.968222
0.968222
0.968222
0.968222
0.968222
0.968222
0.967635
0.967635
0.963719
0.961762
0.961762
0.968026
0.974291
0.972920
0.972724
0.972724
0.972724
0.982904
0.987211
0.987211
0.987211
0.987211
0.987211
0.987211
0.987211
0.987211
0.987211
0.987211
0.987211
0.987211
0.987211
0.987211
0.987211
0.987211
0.987211
0.987211
0.987211
0.987211
0.987015
0.987015
0.987015
0.980751
0.974486
0.974486
0.974486
0.974486
0.974486
0.964307
0.960000
0.960000
0.960000
0.960000
0.960000
0.960000
0.960000
0.960000
0.960000
0.960000
0.960000
0.960000
0.960000
0.960000
0.960000
0.960000
0.960000
0.960000
0.960000
0.960000
0.960000
0.960000
0.960000
0.960000
0.960000
0.960000
0.960000
0.960000
0.960000
0.960000
0.960000
0.960000
0.960000
0.960000
0.960000
0.960000
0.960000
0.960000
0.960000
0.960000
0.960000
0.960000
0.960000
0.960000
0.960000
0.960000
0.960000
0.960000
0.960000
0.960000
0.960000
0.960000
0.960000
0.960000
0.960000
0.960000
0.960000
0.960000
0.960000
0.960000
0.960000
0.960000
0.963524
0.971746
0.971746
0.971746
0.971746
0.971746
0.971746
0.971746
0.971746
0.971746
0.971746
0.971746
0.971746
0.971746
0.971746
0.971746
0.971746
0.972920
0.972920
0.972920
0.972920
0.975465
0.980163
0.980163
0.980163
0.980163
0.980163
0.980163
0.980163
0.980163
0.976640
0.968418
0.968418
0.968418
0.968418
0.968418
0.968418
0.968418
0.968418
0.968418
0.968418
0.968418
0.968418
0.968418
0.968418
0.968418
0.968418
0.967243
0.967243
0.967243
0.967243
0.964698
0.960000
0.960000
0.960000
0.960000
0.960000
0.960000
0.960000
0.960000
0.960000
0.960000
0.960000
0.960000
0.960000
0.960000
0.960000
0.960000
0.960000
0.960000
0.960000
0.960000
0.960000
0.960000
0.960000
0.960000
0.960000
0.960000
0.960000
0.960000
0.960000
0.960000
0.960000
0.960000
0.960000
0.960000
0.960000
0.960000
0.964698
0.972137
0.972137
0.972137
0.973116
0.973116
0.973116
0.973116
0.973116
0.973116
0.973116
0.973116
0.994062
1.003655
1.003655
1.011094
1.014813
1.014813
1.014813
1.014813
1.014813
1.014813
1.014813
1.014813
1.014813
1.014813
1.014813
1.014813
1.014813
1.014813
1.011289
1.003851
1.003851
1.003851
1.002872
1.002872
1.002872
1.002872
1.002872
1.002872
1.002872
1.002872
0.981925
0.972333
0.972333
0.964894
0.961175
0.961175
0.961175
0.961175
0.961175
0.961175
0.961175
0.961175
0.961175
0.961175
0.961175
0.961175
0.961175
0.961175
0.960000
0.960979
0.961762
0.962741
0.962741
0.962741
0.962741
0.962741
0.962741
0.962741
0.966460
0.976640
0.976640
0.978010
0.978010
0.978010
0.978010
0.978010
0.978010
0.978010
0.978010
0.978010
0.978010
0.978010
0.978010
0.978793
0.991713
0.991909
0.991909
0.991909
0.991909
0.993475
0.997586
0.996803
0.996803
0.996803
0.996999
0.996999
0.996999
0.996999
0.993475
0.990735
0.998369
1.002872
1.002872
1.003655
1.003655
1.003655
1.003655
1.003655
1.003655
1.003655
1.003655
1.003655
1.006200
1.013247
1.004438
1.004242
1.004242
1.004242
1.004242
1.001697
0.996803
0.996607
0.996607
0.996607
0.996412
0.996412
0.996412
0.996412
0.996216
0.988777
0.981142
0.975269
0.975269
0.974486
0.974486
0.974486
0.974486
0.974486
0.974486
0.974486
0.974486
0.974486
0.971941
0.964111
0.960000
0.960000
0.960000
0.960000
0.960000
0.960000
0.960000
0.960000
0.960000
0.960000
0.960000
0.960000
0.960000
0.960000
0.960000
0.960000
0.960000
0.960000
0.966852
0.980751
0.999740
1.020099
1.040458
1.060426
1.081176
1.101144
1.122873
1.127768
1.127768
1.127768
1.127768
1.127768
1.127768
1.127768
1.127768
1.127768
1.127768
1.127768
1.127768
1.127768
1.127768
1.127768
1.127768
1.127768
1.127768
1.131487
1.151455
1.171227
1.184343
1.190411
1.191390
1.190998
1.192369
1.180036
1.159285
1.139317
1.120524
1.115630
1.115630
1.120524
1.126397
1.126397
1.126397
1.126397
1.127180
1.127572
1.127572
1.127572
1.127572
1.127572
1.127572
1.127572
1.127572
1.129138
1.131291
1.127572
1.107604
1.087832
1.071388
1.051616
1.031649
1.011681
0.989951
0.982317
0.982317
0.982317
0.979380
0.979380
0.979380
0.974486
0.968614
0.968614
0.968614
0.968614
0.967830
0.967439
0.967439
0.967439
0.967439
0.967439
0.967439
0.967439
0.967439
0.965873
0.963719
0.963719
0.963719
0.963719
0.960196
0.960000
0.960000
0.960000
0.960000
0.960000
0.960000
0.960000
0.960000
0.960000
0.960000
0.960000
0.960000
0.960000
0.960000
0.960000
0.960000
0.960000
0.960000
0.960000
0.960000
0.960000
0.960000
0.960000
0.960000
0.960000
0.960000
0.960000
0.960000
0.960000
0.960000
0.972529
0.972920
0.972920
0.973899
0.974095
0.974095
0.974095
0.975661
0.975857
0.977031
0.977227
0.977227
0.977227
0.977227
0.977227
0.978206
0.979968
0.979968
0.980555
0.980555
0.980555
0.980555
0.980555
0.982121
0.982513
0.983883
0.983883
0.983883
0.987211
0.994846
0.989364
0.990539
0.991518
0.990539
0.990343
0.990343
0.990343
0.989756
0.989560
0.988385
0.988190
0.988190
0.988190
0.988190
0.994258
0.997390
0.995629
0.995629
0.995629
0.995629
0.995629
0.996216
1.003851
1.008549
1.009919
1.015988
1.023035
1.024406
1.021469
1.013834
1.006983
1.005417
1.007179
1.007570
1.007766
1.010115
1.010898
1.011485
1.023622
1.033019
1.053965
1.074716
1.097425
1.120524
1.138143
1.156349
1.177295
1.189432
1.190607
1.191586
1.191586
1.190998
1.185909
1.180427
1.178861
1.172597
1.165549
1.176316
1.198242
1.214294
1.230151
1.245616
1.250314
1.250118
1.250118
1.247769
1.246986
1.245420
1.233283
1.223886
1.202940
1.182189
1.159677
1.138339
1.114847
1.092530
1.071584
1.059447
1.062579
1.071976
1.073542
1.074129
1.071780
1.070997
1.070801
1.069626
1.069626
1.057489
1.035172
1.019120
1.003068
0.987602
0.980163
0.979968
0.979772
0.997390
1.017554
1.034585
1.049267
1.063949
1.070409
1.070801
1.078240
1.084308
1.092139
1.097620
1.103885
1.107996
1.103297
1.096054
1.098012
1.099578
1.099382
1.099382
1.101340
1.104276
1.104276
1.105059
1.105059
1.107800
1.110541
1.110541
1.110541
1.110541
1.110541
1.092922
1.072759
1.068452
1.076282
1.079806
1.081568
1.104080
1.116413
1.110932
1.103102
1.097620
1.091356
1.087245
1.087049
1.083917
1.080393
1.078240
1.078240
1.078240
1.076282
1.073346
1.073346
1.072563
1.072563
1.069822
1.067081
1.067081
1.067081
1.067081
1.067081
1.067081
1.067081
1.054357
1.031844
1.013639
1.005417
0.982708
0.962936
0.960587
0.963524
0.966460
0.966656
0.966656
0.966852
0.970767
0.972724
0.977619
0.981925
0.982513
0.986036
0.988581
0.988581
0.988581
0.989756
0.989756
0.989756
0.989756
0.989756
0.989756
0.989756
0.989756
0.989756
0.989756
0.989756
0.989756
0.989756
0.989560
0.989364
0.990735
0.989168
0.986428
0.987602
0.987602
0.989756
0.985841
0.983883
0.978989
0.974682
0.974095
0.970571
0.968026
0.968026
0.968026
0.966852
0.966852
0.966852
0.966852
0.966852
0.966852
0.966852
0.966852
0.966852
0.966852
0.966852
0.966852
0.966852
0.966852
0.966852
0.965481
0.963915
0.963719
0.962545
0.963132
0.960783
0.960783
0.960783
0.960783
0.960783
0.960783
0.960783
0.960783
0.960783
0.960783
0.960783
0.960783
0.960783
0.960783
0.960783
0.960783
0.960783
0.960783
0.960783
0.960783
0.960783
0.960783
0.960783
0.960783
0.960783
0.960783
0.960783
0.960783
0.960587
0.960000
0.960000
0.960000
0.960000
0.960000
0.960000
0.960000
0.960000
0.960000
0.960000
0.960000
0.960000
0.960000
0.960000
0.960000
0.960000
0.960000
0.960000
0.960000
0.960196
0.960196
0.985253
1.000523
1.015792
1.030866
1.046135
1.061209
1.076282
1.091552
1.106625
1.121699
1.127180
1.127180
1.127180
1.127180
1.127180
1.133836
1.149301
1.164766
1.183560
1.192956
1.192956
1.193152
1.193739
1.193739
1.194326
1.194326
1.194326
1.194326
1.194131
1.194131
1.169073
1.153804
1.138534
1.123461
1.108191
1.093118
1.078044
1.062775
1.047701
1.032627
1.027146
1.027146
1.027146
1.027146
1.027146
1.020490
1.005025
0.989560
0.983491
0.974291
0.974291
0.974095
0.973508
0.973508
0.972920
0.972920
0.972920
0.972920
0.972920
0.972920
0.972920
0.972920
0.972920
0.972920
0.972920
0.972920
0.972920
0.972920
0.972920
0.972920
0.972920
0.972920
0.972920
0.972920
0.972920
0.972920
0.972920
0.972920
0.960196
0.960000
0.960000
0.960000
0.960000
0.960000
0.960000
0.960000
0.960000
0.960000
0.960000
0.960000
0.960000
0.960000
0.960000
0.960000
0.960000
0.960000
0.960000
0.960000
0.960000
0.960000
0.960000
0.960000
0.960000
0.960000
0.960000
0.960000
0.960000
0.960000
0.960000
0.960000
0.960000
0.960000
0.960000
0.960000
0.960000
0.960000
0.960000
0.960000
0.960000
0.960000
0.960000
0.960000
0.960000
0.960000
0.960000
0.960000
