1.609154
1.568582
1.539768
1.507559
1.478740
1.452803
1.429336
1.408003
1.388524
1.370669
1.354242
1.339079
1.325039
1.312002
1.299864
1.288535
1.288535
1.288535
1.288535
1.288535
1.262807
1.232130
1.195269
1.156923
1.118083
1.079243
1.040402
1.001809
0.963958
0.963958
0.963958
0.963958
0.960000
0.960000
0.960000
0.960000
0.960000
0.960000
0.960000
0.960000
0.960000
0.960000
0.960000
0.960000
0.960000
0.960000
0.962227
0.962227
0.962227
0.962227
0.962227
0.962227
0.962227
0.962227
0.962227
0.962227
0.962227
0.962227
0.962227
0.962227
0.962227
0.962227
0.962227
0.962227
0.962227
0.962227
0.962227
0.962227
0.962227
0.962227
0.962227
0.962227
0.962227
0.962227
0.962227
0.962227
0.960000
0.960000
0.960000
0.960000
0.960000
0.960000
0.960000
0.960000
0.960000
0.960000
0.960000
0.960000
0.960000
0.960000
0.960000
0.960000
0.960000
0.960000
0.960000
0.960000
0.960000
0.960000
0.960000
0.960000
0.960000
0.960000
0.960000
0.960000
0.960000
0.960000
0.960000
0.960000
0.960000
0.960000
0.960000
0.960000
0.960000
0.960000
0.960000
0.960000
0.960000
0.960000
0.960000
0.960000
0.960000
0.960000
0.960000
0.960000
0.960000
0.960000
0.960000
0.960000
0.960000
0.960000
0.960000
0.960000
0.960000
0.960000
0.960000
0.960000
0.960000
0.960000
0.960000
0.960000
0.960000
0.960000
0.960000
0.960000
0.960000
0.960000
0.960000
0.960000
0.960000
0.960000
0.960000
0.960000
0.960000
0.960000
0.960000
0.960000
0.960000
0.960000
0.960000
0.960000
0.960000
0.960000
0.960000
0.960000
0.960000
0.960000
0.960000
0.960000
0.960000
0.960000
0.960000
0.960000
0.960000
0.960000
0.960000
0.960000
0.960000
0.960000
0.960000
0.960000
0.960000
0.960000
0.960000
0.960000
0.960000
0.960000
0.960000
0.960000
0.960000
0.960000
0.960000
0.960000
0.960000
0.960000
0.960000
0.960000
0.960000
0.960000
0.960000
0.960000
0.960000
0.960000
0.960000
0.960000
0.960000
0.960000
0.960000
0.960000
0.960000
0.960000
0.960000
0.960000
0.960000
0.960000
0.960000
0.960000
0.960000
0.960000
0.960000
0.960000
0.960000
0.960000
0.960000
0.960000
0.960000
0.960000
0.960000
0.960000
0.960000
0.960000
0.960000
0.960000
0.960000
0.960000
0.960000
0.960000
0.960000
0.960000
0.960000
0.960000
0.960000
0.960000
0.960000
0.960000
0.960000
0.960000
0.960000
0.960000
0.960000
0.960000
0.960000
0.960000
0.960000
0.960000
0.960000
0.968906
1.031001
1.051535
1.073305
1.086912
1.086912
1.097797
1.097797
1.097797
1.097797
1.097797
1.097797
1.097797
1.097797
1.097797
1.097797
1.097797
1.097797
1.097797
1.097797
1.097797
1.097797
1.097797
1.097797
1.097797
1.097797
1.097797
1.097797
1.097797
1.097797
1.088891
1.026796
1.006262
0.984492
1.000572
1.062667
1.114372
1.115609
1.115609
1.115609
1.115609
1.115609
1.115609
1.115609
1.115609
1.115609
1.115609
1.115609
1.115609
1.115609
1.115609
1.163603
1.231141
1.286804
1.287546
1.287546
1.287546
1.287546
1.287546
1.292494
1.292494
1.292494
1.292494
1.292494
1.262807
1.200712
1.138122
1.136885
1.136885
1.136885
1.136885
1.136885
1.136885
1.136885
1.136885
1.136885
1.136885
1.136885
1.136885
1.139606
1.139606
1.091612
1.024074
0.968411
0.967669
0.967669
0.967669
0.969896
0.976328
0.971380
0.971380
0.971380
0.971380
0.971380
0.971380
0.971380
0.971380
0.971380
0.971380
0.971380
0.971380
0.971380
0.971380
0.992161
0.992161
0.996119
1.024569
1.057225
1.092107
1.110661
1.110661
1.110661
1.110661
1.110661
1.119320
1.119320
1.119320
1.117093
1.110661
1.110661
1.110661
1.113630
1.117093
1.117093
1.117093
1.117093
1.117093
1.117093
1.117093
1.117093
1.117093
1.117093
1.117093
1.096312
1.096312
1.092354
1.063904
1.031249
0.996366
0.975091
0.975091
0.975091
0.975091
0.975091
0.966432
0.966432
0.991666
1.026548
1.040649
1.040649
1.040649
1.037681
1.034217
1.034217
1.034217
1.034217
1.034217
1.034217
1.034217
1.034217
1.034217
1.034217
1.034217
1.034217
1.040402
1.040402
1.040402
1.040402
1.040402
1.040402
1.040402
1.040402
1.040402
1.040402
1.040402
1.040402
1.015168
0.980286
0.966185
0.966185
0.966185
0.966185
0.966185
0.966185
0.966185
0.966185
0.966185
0.966185
0.966185
0.966185
0.966185
0.966185
0.966185
0.966185
0.960000
0.960000
0.960000
0.960000
0.963216
0.989192
1.004530
1.004530
1.004530
1.004530
1.004530
1.004530
1.004530
1.004530
1.004530
1.004530
1.004530
1.005025
1.005025
1.071326
1.071821
1.071821
1.071821
1.071821
1.071821
1.071821
1.071821
1.071821
1.071821
1.071821
1.071821
1.071821
1.071821
1.071821
1.073553
1.051040
1.039165
1.039165
1.039165
1.043618
1.043618
1.043618
1.043618
1.043618
1.043618
1.043618
1.043618
1.043123
1.043123
0.976823
0.976328
0.976328
0.976328
0.976328
0.976328
0.976575
0.976575
0.976575
0.976575
0.976575
0.976575
0.976575
0.976575
0.976575
0.971875
0.968659
0.965195
0.965195
0.965195
0.960742
0.960742
0.960742
0.960742
0.960742
0.960990
0.960990
0.960990
0.960990
0.960990
0.960990
0.960990
0.960990
0.960990
0.960990
0.961237
0.961237
0.961237
0.961237
0.961237
0.961237
0.961237
0.961237
0.961237
0.961237
0.960990
0.960742
0.960742
0.960742
0.960742
0.960742
0.960742
0.960742
0.960742
0.960742
0.960495
0.960495
0.960495
0.960495
0.960495
0.960495
0.960495
0.960495
0.960495
0.960495
0.960247
0.960000
0.960000
0.960000
0.960000
0.960000
0.960000
0.960000
0.960000
0.960000
0.960000
0.960000
0.960000
0.960000
0.960000
0.960000
0.960000
0.960000
0.960000
0.960000
0.960000
0.960000
0.960000
0.960000
0.960000
0.960000
0.960000
0.960000
0.960000
0.960000
0.960000
0.960000
0.960000
0.960000
0.960000
0.960000
0.960000
0.960000
0.960000
0.960000
0.960000
0.960000
0.960000
0.960000
0.960000
0.960000
0.960000
0.960000
0.960000
0.960000
0.960000
0.960000
0.960000
0.960000
0.960000
0.960000
0.960000
0.960000
0.960000
0.960000
0.960000
0.960000
0.960000
0.960000
0.960000
0.960000
0.960000
0.960000
0.960000
0.960000
0.960000
0.960000
0.960000
0.960000
0.960000
0.960000
0.960000
0.960000
0.960000
0.960000
0.960000
0.960000
0.960000
0.960000
0.960000
0.960000
0.960000
0.960000
0.960000
0.960000
0.960000
0.960000
0.960000
0.960000
0.960000
0.960000
0.960000
0.960000
0.960000
0.960000
0.960000
0.960000
0.960000
0.960000
0.960000
0.960000
0.960000
0.960000
0.960000
0.960247
0.960247
0.960247
0.960247
0.960247
0.960247
0.960247
0.960247
0.960247
0.960247
0.960247
0.960247
0.960247
0.960247
0.960495
0.960495
0.960495
0.960495
0.960495
0.960495
0.960495
0.960495
0.960495
0.960495
0.960495
0.960495
0.960495
0.960495
0.960495
0.960495
0.960247
0.960247
0.960247
0.960247
0.960247
0.960247
0.960247
0.960247
0.960247
0.960247
0.960247
0.960495
0.960495
0.960495
0.960247
0.960247
0.962969
0.968659
0.968659
0.968659
0.968659
0.978554
0.978554
0.978554
0.978554
0.978554
0.978554
0.978554
0.978554
0.978554
0.978554
0.978554
0.978554
0.978554
0.978554
0.978554
0.978554
0.978554
0.978554
0.978554
0.978554
0.978307
0.978307
0.978307
0.978307
0.978307
0.975586
0.969896
0.969896
0.969896
0.969896
0.960000
0.960000
0.960000
0.960000
0.960000
0.960000
0.960000
0.960000
0.960000
0.960000
0.960000
0.960000
0.960000
0.960000
0.960000
0.960000
0.960000
0.960000
0.960000
0.960000
0.960000
0.960000
0.960000
0.960000
0.960000
0.960000
0.960000
0.960000
0.960247
0.960247
0.960247
0.960247
0.962227
0.962227
0.962227
0.962227
0.962227
0.962227
0.962227
0.962227
0.962227
0.962227
0.962227
0.962227
0.962227
0.962227
0.962227
0.962227
0.962227
1.022343
1.022343
1.038918
1.086664
1.086664
1.086664
1.086664
1.086664
1.086664
1.086417
1.086417
1.086417
1.086417
1.084438
1.084438
1.084438
1.084438
1.084438
1.084438
1.084438
1.084438
1.084438
1.084438
1.084438
1.084438
1.084438
1.084438
1.084438
1.084438
1.084438
1.044113
1.071573
1.083201
1.064646
1.094086
1.121794
1.149254
1.178446
1.183889
1.195269
1.208628
1.208628
1.208628
1.208628
1.208875
1.220503
1.220503
1.220503
1.220503
1.220503
1.220503
1.220503
1.225698
1.226193
1.226193
1.226193
1.226193
1.226193
1.247963
1.277155
1.286804
1.263549
1.235346
1.212834
1.183394
1.155686
1.128226
1.099034
1.093591
1.082211
1.068852
1.068852
1.068852
1.076769
1.093591
1.097797
1.103982
1.103982
1.103982
1.103982
1.103982
1.103982
1.099776
1.106456
1.106456
1.106456
1.106456
1.106456
1.084685
1.055493
1.026053
1.022343
1.022343
1.020116
1.033228
1.033228
1.033228
1.033228
1.033228
1.033228
1.037433
1.059699
1.087901
1.102250
1.094086
1.078253
1.072316
1.072316
1.072316
1.072316
1.072316
1.072316
1.071326
1.064152
1.064152
1.064152
1.064152
1.072563
1.084438
1.084438
1.084438
1.083943
1.083943
1.079490
1.066378
1.066378
1.066378
1.066378
1.066378
1.066378
1.062173
1.054751
1.032486
1.010220
1.001314
1.001314
1.001067
1.001067
1.001067
1.001067
1.001067
1.001067
1.001067
1.001067
1.001067
1.001067
1.001067
0.992656
0.980781
0.980781
0.980781
0.980781
0.986471
0.992408
0.994635
0.994635
0.994635
0.994635
0.994635
0.994635
0.994635
0.979791
0.973854
0.973854
0.973854
0.973854
0.973854
0.973854
0.973854
0.973854
0.973854
0.973854
0.973854
0.973854
0.973854
0.973854
0.973854
0.973854
0.974101
0.975833
1.041886
1.047082
1.041392
1.035454
1.033228
1.033228
1.033228
1.041144
1.043866
1.043866
1.043866
1.043866
1.043866
1.043866
1.043866
1.043866
1.043866
1.043866
1.043866
1.043866
1.043866
1.043866
1.043866
1.043866
1.043866
1.043866
1.043866
1.043866
1.043618
1.041886
0.975833
0.970638
0.970638
0.970638
0.970638
0.970638
0.972370
0.967422
0.964700
0.964700
0.964700
0.964700
0.991419
1.007994
1.007994
1.007994
1.007994
1.007994
1.007994
1.007994
1.007994
1.007994
1.007994
1.007994
1.007994
1.071326
1.071326
1.071326
1.071326
1.071326
1.071326
1.071326
1.071326
1.071326
1.071326
1.071326
1.069594
1.066626
1.066626
1.066626
1.066626
1.066626
1.039907
1.023332
1.023332
1.023332
1.083943
1.083943
1.083943
1.083943
1.083943
1.083943
1.083943
1.083943
1.083943
1.020611
1.020858
1.020858
1.020858
1.020858
1.020858
1.020858
1.020858
1.020858
1.020858
1.043371
1.081222
1.081222
1.081222
1.081222
1.081222
1.081222
1.081469
1.081469
1.081469
1.083696
1.051535
1.081222
1.111156
1.141090
1.171025
1.184136
1.191805
1.191805
1.191805
1.193290
1.193042
1.193042
1.193042
1.193042
1.193042
1.193042
1.193042
1.193042
1.193042
1.170530
1.132679
1.132679
1.132679
1.132679
1.132679
1.132679
1.132432
1.132432
1.132432
1.130205
1.101755
1.072068
1.042134
1.012200
0.996861
1.014921
1.007252
1.007252
1.007252
1.005767
1.005767
1.005767
1.017890
1.066626
1.066626
1.066626
1.066626
1.066626
1.066626
1.071573
1.071573
1.071573
1.071573
1.071573
1.071573
1.071573
1.071573
1.071573
1.071573
1.071573
1.071573
1.071573
1.071573
1.071573
1.056977
1.025806
1.025806
1.025806
1.025806
1.025806
1.025806
1.025806
1.013684
0.964948
0.964948
0.964948
0.964948
0.964948
0.964948
0.960247
0.960247
0.960247
0.960247
0.987955
1.020611
1.020611
1.020611
1.020611
1.020611
1.020611
1.020611
1.020611
1.020611
1.020611
1.020611
1.020611
1.020611
1.020611
1.020611
1.020611
1.020611
1.020611
1.020611
1.020611
1.020611
1.020611
1.020611
1.020611
1.020611
1.020363
1.020363
1.020363
1.020363
0.992656
0.960000
0.960000
0.960000
1.020363
1.020363
1.020363
1.020363
1.020363
1.020363
1.020363
1.020363
1.020363
1.020363
1.020363
1.020363
1.020363
1.020363
1.020363
1.020363
1.020363
1.020363
1.020363
1.020363
1.020363
1.020363
1.020363
1.020363
1.020363
1.020363
1.020363
1.020363
1.020363
1.038918
1.024074
1.024074
1.024074
1.024074
1.024074
1.024074
1.024074
1.024074
1.024074
1.024074
1.024074
1.024074
1.024074
1.024074
1.024074
1.024074
1.024074
1.024074
1.024074
1.024074
1.024074
1.024074
1.024074
1.024074
1.024074
1.024074
1.024074
1.024074
1.024074
1.005520
0.960000
0.960000
0.965195
0.965443
0.965937
0.998098
1.012942
1.033475
1.042629
1.042629
1.042629
1.042629
1.042629
1.042629
1.042629
1.086169
1.103239
1.103239
1.103239
1.103239
1.105219
1.105219
1.105219
1.105219
1.105219
1.105219
1.105219
1.105219
1.105219
1.105219
1.105219
1.105219
1.100023
1.099776
1.099281
1.067120
1.052277
1.031743
1.022590
1.022590
1.022590
1.022590
1.022590
1.022590
1.022590
0.979049
0.961979
0.961979
0.961979
0.961979
0.960000
0.960000
0.960000
0.960000
0.960000
0.960000
0.960000
0.960000
0.960000
0.960000
0.960000
0.960000
0.960000
0.960000
0.960000
0.960000
0.960000
0.960000
0.960000
0.960000
0.960000
0.960000
0.960000
0.960000
0.960000
0.960000
0.960000
0.960000
0.960000
0.960000
0.960000
0.960000
0.960000
0.960000
0.960000
0.960000
0.960000
0.960000
0.960000
0.960000
0.960247
0.960247
0.960247
0.960247
0.960247
0.960247
0.960247
0.960247
0.960247
0.960247
0.960247
0.960247
0.960247
0.960247
0.960247
0.960247
0.960247
0.960247
0.960247
0.960247
0.960247
0.960247
0.960247
0.960247
0.960247
0.960247
0.960247
0.960495
0.960495
0.960495
0.960247
0.960247
0.960247
0.960247
0.960247
0.960247
0.960247
0.960247
0.960247
0.960247
0.960247
0.960247
0.960247
0.960247
0.960247
0.960247
0.960247
0.960247
0.960247
0.960247
0.960247
0.960247
0.960247
0.960247
0.960247
0.960247
0.960247
0.960000
0.960000
0.960000
0.960000
0.960000
0.960000
0.960000
0.960000
0.960000
0.960000
0.960000
0.960000
0.960000
0.960000
0.960000
0.960000
0.960000
0.960000
0.960000
0.960000
0.960000
0.960000
0.960000
0.960000
0.960000
0.960000
0.960000
0.960000
0.960000
0.960000
0.960000
0.960000
0.960000
0.960000
0.960000
0.960000
0.960000
0.960000
0.960247
0.960247
0.960247
0.960247
0.960247
0.960247
0.960247
0.960247
0.960247
0.960247
0.960247
0.960247
0.960247
0.960247
0.960247
0.960247
0.960247
0.960247
0.960247
0.960247
0.960247
0.960247
0.960247
0.960247
0.960247
0.960247
0.960247
0.960247
0.960247
0.960247
0.960000
0.960000
0.960000
0.960000
0.960000
0.960000
0.960000
0.960000
0.960000
0.960000
0.960000
0.960000
0.960000
0.960000
0.960000
0.960000
0.960000
0.960000
0.960000
0.960000
0.960000
0.960000
0.960000
0.960000
0.960000
0.960000
0.960000
0.960000
0.960000
0.960000
0.960000
0.960000
0.960000
0.960000
0.960000
0.960000
0.960000
0.960000
0.960000
0.960000
0.960000
0.960000
0.960000
0.960000
0.960000
0.960000
0.960000
0.960000
0.960000
0.960000
0.960000
0.960000
0.960000
0.960000
0.960000
0.960000
0.960000
0.960000
0.960000
0.960000
0.960000
0.960000
0.960000
0.960000
0.960000
0.960000
0.960000
0.960000
0.960000
0.960000
0.960000
0.960000
0.960000
0.960000
0.960000
0.960000
0.960000
0.960000
0.960000
0.960000
0.960000
0.960000
0.960000
0.960000
0.960000
0.960000
0.960000
0.960000
0.960000
0.960000
0.960000
0.960000
0.960000
0.960000
0.960000
0.960000
0.960000
0.960000
0.960000
0.960000
0.960000
0.960000
0.960000
0.960000
0.960000
0.960000
0.960000
0.960000
0.960000
0.960000
0.960000
0.960000
0.960000
0.960000
0.960000
0.960000
0.960000
0.960000
0.960000
0.960000
0.960000
0.960000
0.960000
0.960000
0.960000
0.960000
0.960000
0.960000
0.960000
0.960000
0.960000
0.960000
0.960000
0.960000
0.960000
0.960000
0.960000
0.960000
0.960000
0.960000
0.960000
0.960000
0.960000
0.960000
0.960000
0.960000
0.960000
0.989192
1.001067
1.001067
1.001067
1.001067
1.001067
1.001067
1.001067
1.001067
1.001067
1.001067
1.001067
1.001067
1.001067
1.001067
1.001067
1.001067
1.001067
1.001067
1.001067
1.001067
1.001067
1.001067
1.001067
1.001067
1.001067
1.001067
1.001067
1.001067
1.001067
0.971875
0.960000
0.960000
0.960000
0.960000
0.960000
0.960000
0.960000
0.960000
0.960000
0.960000
0.960000
0.960000
0.960000
0.960000
0.960000
0.960000
0.960000
0.960247
0.960247
0.960247
0.960247
0.960247
0.960247
0.960247
0.960247
0.960247
0.960247
0.960247
0.960247
0.960495
0.960495
0.960495
0.960495
0.960495
0.960495
0.960742
0.960742
0.960742
0.960742
0.960742
0.960742
0.960742
0.960742
0.960742
0.960742
0.960742
0.960742
0.960495
0.960495
0.960495
0.960495
0.960742
0.960742
0.960742
0.960742
0.960742
0.960742
0.960742
0.960742
0.960495
0.960495
0.960495
0.960495
0.960495
0.960495
0.960247
0.960247
0.960247
0.960247
0.960247
0.960247
0.960247
0.960247
0.960247
0.960247
0.960247
0.960247
0.960247
0.960247
0.960247
0.960247
0.960000
0.960000
0.960000
0.960000
0.960000
0.960000
0.960000
0.960000
0.960000
0.960000
0.960000
0.960000
0.960000
0.960000
0.960000
0.960000
0.960000
0.960000
0.960000
0.960000
0.960000
0.960000
0.960000
0.960000
0.960000
0.960000
0.960000
0.960000
0.960000
0.960000
0.960000
0.960000
0.960000
0.974843
1.024074
1.024074
1.024074
1.024074
1.024074
1.024074
1.024074
1.024074
1.024074
1.024074
1.024074
1.024074
1.024074
1.024074
1.024074
1.024074
1.024074
1.024074
1.024074
1.024074
1.024074
1.024074
1.024074
1.024074
1.024074
1.024074
1.024074
1.024074
1.033723
1.047082
1.028033
1.061678
1.097302
1.135648
1.173993
1.212092
1.245489
1.245489
1.245489
1.245489
1.245489
1.245489
1.245489
1.245489
1.245489
1.247468
1.247468
1.247468
1.247468
1.247468
1.247468
1.247468
1.247468
1.254643
1.286804
1.323418
1.362505
1.402335
1.432764
1.444392
1.453793
1.459730
1.451071
1.412726
1.374380
1.336282
1.302884
1.302884
1.302884
1.302884
1.302884
1.302884
1.302884
1.302884
1.302884
1.302637
1.302637
1.302637
1.302637
1.310058
1.318222
1.318222
1.318222
1.311048
1.278887
1.242273
1.203185
1.163355
1.123278
1.083448
1.043866
1.004283
0.977317
0.977317
0.977317
0.977317
0.977317
0.977317
0.977317
0.977317
0.977317
0.977317
0.977317
0.977812
0.977812
0.976080
0.976080
0.976080
0.976080
0.968659
0.960495
0.960495
0.960495
0.960495
0.960495
0.960495
0.960495
0.960495
0.960495
0.960495
0.960495
0.975338
0.975338
0.975338
0.975338
0.975338
0.975338
0.975338
0.975338
0.975338
0.975338
0.975338
0.975338
0.974843
0.974843
0.974843
0.974843
0.974843
0.974843
0.974843
0.974843
0.974843
0.974843
0.974843
0.974843
0.974843
0.974843
0.974843
0.974843
0.974843
0.974843
0.960000
0.960000
0.960000
0.960000
0.960000
0.960000
0.960000
0.960000
0.960000
0.960000
0.960000
0.960000
0.960000
0.960000
0.960000
0.960000
0.960000
0.960000
0.960000
0.960000
0.960000
0.960000
0.960000
0.960000
0.960000
0.960000
0.960000
0.960000
0.960000
0.960000
0.960000
0.960000
0.960000
0.960000
0.960000
0.960000
0.960000
0.960000
0.960000
0.960000
0.960000
0.960000
0.960000
0.960000
0.960000
0.960000
0.960000
0.960000
0.960000
0.960000
0.960000
0.960000
0.960000
0.960000
0.960000
0.960000
0.960000
0.960000
0.960000
0.960000
0.960000
0.960000
0.960000
0.960000
0.960000
0.960000
0.960000
0.960000
0.960000
0.960000
0.960000
0.960000
0.960000
0.960000
0.960000
0.960000
0.960000
0.960000
0.960000
0.960000
0.960000
0.960000
0.960000
0.960000
0.960000
0.960000
0.960000
0.960000
0.960000
0.960000
0.960000
0.960000
0.960000
0.960000
0.960000
0.960000
0.960000
0.960000
0.960000
0.960000
0.960000
0.960000
0.960000
0.960000
0.960000
0.960000
0.960000
0.960000
0.960000
0.960000
0.960000
0.960000
0.960000
0.960000
0.960000
0.960000
0.960000
0.960000
0.960000
0.960000
0.960000
0.960000
0.960000
0.960000
0.960000
0.960000
0.960000
0.960000
0.960000
0.960000
0.960247
0.960247
0.960247
0.960247
0.960247
0.960247
0.960247
0.960247
0.960247
0.960247
0.960247
0.960247
0.960247
0.960247
0.960247
0.960247
0.960247
0.960495
0.960495
0.960495
0.960495
0.960495
0.960495
0.960495
0.960495
0.960495
0.960495
0.960495
0.960495
0.960495
0.960247
0.960247
0.960247
0.960247
0.960247
0.960247
0.960247
0.960495
0.960495
0.960495
0.960495
0.960495
0.960495
0.960495
0.960495
0.960495
0.960495
0.960247
0.960247
0.960247
0.960247
0.960247
0.960247
0.960247
0.960247
0.960247
0.960247
0.960247
0.960247
0.960247
0.960247
0.960247
0.960247
0.960247
0.960247
0.960247
0.960247
0.960000
0.960000
0.960000
0.960000
0.960000
0.960000
0.960000
0.960000
0.960000
0.960000
0.960000
0.960000
0.960000
0.960000
0.960000
0.960000
0.960000
0.960000
0.960000
0.960000
0.960000
0.960000
0.960000
0.960000
0.960000
0.960000
0.960000
0.960000
0.960000
0.960000
0.960000
0.960000
0.960000
0.960000
0.960000
0.960000
0.960000
0.960000
0.960000
0.960000
0.960000
0.960000
0.960000
0.960000
0.960000
0.960000
0.960000
0.960000
0.960000
0.960000
0.960000
0.960000
0.960000
0.960000
0.960000
0.960000
0.960000
0.960000
0.960000
0.960000
0.960000
0.960000
0.960000
0.960000
0.960000
0.960000
0.960000
0.960000
0.960000
0.960000
0.960247
0.960247
0.960247
0.960495
0.960495
0.960495
0.960495
0.960495
0.960495
0.960495
0.960742
0.960742
0.960742
0.960742
0.960742
0.960742
0.960742
0.960742
0.960742
0.960742
0.960742
0.960742
0.960742
0.960742
0.960742
0.960742
0.960742
0.960742
0.960742
0.960742
0.960495
0.960495
0.960495
0.960247
0.960247
0.960247
0.960247
0.960247
0.960247
0.960247
0.960000
0.960000
0.960000
0.960000
0.960000
0.960000
0.960000
0.960000
0.960000
0.960000
0.960000
0.960000
0.960000
0.960000
0.960000
0.960000
0.960000
0.960000
0.960000
0.960000
0.960000
0.960000
0.960000
0.960000
0.960000
0.960000
0.960000
0.960000
0.960000
0.960000
0.960247
0.960247
0.960247
0.960247
0.960247
0.960247
0.960247
0.960247
0.960247
0.960247
0.960247
0.960247
0.960247
0.960247
0.960247
0.960247
0.960247
0.960247
0.960247
0.960247
0.960247
0.960247
0.960247
0.960247
0.960247
0.960247
0.960247
0.960247
0.960247
0.960495
0.960247
0.960247
0.960247
0.960247
0.960247
0.960247
0.960247
0.960247
0.960247
0.960247
0.960247
0.960247
0.960247
0.960247
0.960247
0.960247
0.960247
0.960247
0.960247
0.960495
0.960495
0.960495
0.960495
0.960495
0.960495
0.960495
0.960495
0.960495
0.960495
0.960495
0.960495
0.960495
0.960495
0.960495
0.960495
0.960495
0.960495
0.960495
0.960495
0.960495
0.960495
0.960495
0.960495
0.960495
0.960495
0.960495
0.960495
0.960742
0.960742
0.960495
0.960495
0.960495
0.960495
0.960495
0.960495
0.960495
0.960495
0.960495
0.960495
0.960247
0.960247
0.960247
0.960247
0.960247
0.960247
0.960247
0.960247
0.960247
0.960247
0.960247
0.960247
0.960247
0.960247
0.960247
0.960247
0.960247
0.960247
0.960000
0.960000
0.960000
0.960000
0.960000
0.960247
0.960247
0.960247
0.960247
0.960247
0.960247
0.960247
0.960247
0.960247
0.960247
0.960247
0.960247
0.960247
0.960247
0.960247
0.960247
0.960247
0.960247
0.960247
0.960247
0.960247
0.960247
0.960247
0.960247
0.960247
0.960247
0.960247
0.960247
0.960247
0.960247
0.960000
0.960000
0.960000
0.960000
0.960247
0.960247
0.960247
0.960247
0.960247
0.960247
0.960247
0.960247
0.960247
0.960247
0.960247
0.960247
0.960247
0.960495
0.960495
0.960495
0.960495
0.960495
0.960495
0.960495
0.960495
0.960495
0.960495
0.960495
0.960495
0.960495
0.960495
0.960495
0.960495
0.960495
0.960247
0.960247
0.960247
0.960495
0.960495
0.960495
0.960495
0.960495
0.960495
0.960495
0.960495
0.960495
0.960495
0.960247
0.960247
0.960247
0.960247
0.960247
0.960247
0.960247
0.960247
0.960247
0.960247
0.960247
0.960247
0.960247
0.960247
0.960247
0.960247
0.960247
1.007252
1.040649
1.063657
1.063409
1.063409
1.063409
1.063409
1.063409
1.063409
1.063409
1.063409
1.063409
1.063409
1.106950
1.183394
1.194527
1.194527
1.194527
1.194527
1.194527
1.194527
1.197001
1.197001
1.197001
1.197001
1.197990
1.197990
1.200464
1.200464
1.200464
1.153460
1.120062
1.097055
1.097055
1.097055
1.097055
1.097055
1.097055
1.097055
1.097055
1.097055
1.097055
1.097055
1.053514
0.977070
0.965937
0.965937
0.966185
0.966185
0.966185
0.966185
0.963711
0.963711
0.963711
0.963711
0.962969
0.962969
0.960495
0.960495
0.969648
0.972617
0.979544
1.050298
1.075532
1.089880
1.104971
1.104971
1.118330
1.118330
1.118330
1.118330
1.118330
1.118330
1.128473
1.161376
1.161376
1.161376
1.161129
1.161129
1.161129
1.161129
1.161129
1.161129
1.161129
1.161129
1.160882
1.166572
1.166572
1.166572
1.157418
1.154449
1.149502
1.079985
1.054751
1.040402
1.082459
1.144801
1.165335
1.165335
1.165335
1.165335
1.175230
1.175725
1.165582
1.132679
1.132679
1.132679
1.132679
1.132679
1.159150
1.224956
1.249200
1.267012
1.278145
1.278145
1.278145
1.272455
1.272455
1.272455
1.277403
1.277403
1.275424
1.274187
1.274187
1.274187
1.217039
1.154697
1.120804
1.120804
1.120804
1.154449
1.201206
1.215060
1.251674
1.281114
1.349888
1.397387
1.405799
1.423116
1.413715
1.347909
1.388976
1.419900
1.408767
1.413715
1.452803
1.453545
1.453545
1.453545
1.448597
1.448597
1.448597
1.448597
1.448597
1.448597
1.448597
1.448597
1.448597
1.448597
1.448597
1.414952
1.358300
1.343951
1.307337
1.277898
1.209123
1.161624
1.153212
1.135895
1.118825
1.118825
1.053514
1.004778
1.004778
0.999830
0.960742
0.960000
0.960000
0.960000
0.960000
0.960000
0.960000
0.960000
0.960000
0.960000
0.960000
0.960000
0.960000
0.960000
0.960000
0.960000
0.962227
0.962227
0.967174
0.967174
0.967174
0.967174
0.988945
0.993645
1.021353
1.037186
1.037186
1.037186
1.050050
1.050050
1.050050
1.059451
1.087159
1.089386
1.089386
1.099034
1.125010
1.154697
1.183147
1.187105
1.190569
1.190569
1.217782
1.248705
1.248705
1.248705
1.247716
1.247716
1.242768
1.245737
1.251674
1.251674
1.229904
1.225203
1.201948
1.186115
1.186115
1.186115
1.173251
1.173251
1.173251
1.163850
1.136142
1.133916
1.174735
1.167066
1.141090
1.111403
1.099776
1.095818
1.092354
1.092354
1.065141
1.034217
1.034217
1.034217
1.032980
1.032980
1.032980
1.030012
1.024074
1.024074
1.024074
1.024074
1.019621
1.019621
1.019621
1.019621
1.019621
1.019621
1.019621
1.019621
1.019621
1.019621
0.978802
0.976823
0.976823
0.976823
0.960000
0.960000
0.960000
0.960000
0.960000
0.960000
0.960000
0.960000
0.960000
0.960000
0.960000
0.960000
0.960000
0.960000
0.960000
0.960000
0.960000
0.960000
0.960000
0.960000
0.960000
0.960000
0.960000
0.960000
0.960000
0.960000
0.960000
0.960000
0.960000
0.960000
0.960000
0.960000
0.960000
0.960000
0.960000
0.960000
0.960000
0.960000
0.960000
0.960000
0.960000
0.960000
0.960000
0.960000
0.960000
0.960000
0.960000
0.960000
0.960000
0.960000
0.960000
0.960000
0.960000
0.960000
0.960000
0.960000
0.960000
0.960000
0.960000
0.960000
0.960000
0.960000
0.960000
0.960000
0.960000
0.960000
0.960000
0.960000
0.960000
0.960000
0.960000
0.960000
0.960000
0.960000
0.960000
0.960000
0.960000
0.960000
0.960000
0.960000
0.960000
0.960000
0.960000
0.960000
0.960000
0.960000
0.960000
0.960000
0.960000
0.960000
0.960000
0.960000
0.960000
0.960000
0.960000
0.960000
0.960000
0.960000
0.960000
0.960000
0.960000
0.960000
0.960000
0.960000
0.960000
0.960000
0.960000
0.960000
0.960000
0.960000
0.960000
0.960000
0.960000
0.960000
0.960000
0.960000
0.960000
0.960000
0.960000
0.960000
0.960000
0.960000
0.960000
0.960000
0.960000
0.960000
0.960000
0.960000
0.960000
0.960000
0.960000
0.960000
0.960000
0.960000
0.960000
0.960000
0.960000
0.960000
0.960000
0.960000
0.960000
0.960000
0.960000
0.960000
0.960000
0.960000
0.960000
0.960000
0.960000
0.960000
0.960000
0.960000
0.960000
0.960000
0.960000
0.960000
0.960000
0.960000
0.960000
0.960000
0.960000
0.960000
0.960000
0.960000
0.960000
0.960000
0.960000
0.960000
0.960000
0.960000
0.960000
0.960000
0.960000
0.960000
0.960000
0.960000
0.960000
0.960000
0.960000
0.960000
0.960000
0.960000
0.960000
0.960000
0.960000
0.960000
0.960000
0.960000
0.960000
0.960000
0.960000
0.960000
0.960000
0.960000
0.960000
0.960000
0.960000
0.960000
0.960000
0.960000
0.960000
0.960000
0.960000
0.960000
0.960000
0.960000
0.960000
0.960000
0.960000
0.960000
0.960000
0.960000
0.960000
0.960000
0.960000
0.960000
0.960000
0.960000
0.960000
0.960000
0.960000
0.960000
0.960000
0.960000
0.960000
0.960000
0.960000
0.960000
0.960000
0.960000
0.960000
0.960000
0.960000
0.960000
0.960000
0.960000
0.960000
0.960000
0.960000
0.960000
0.960000
0.960000
0.960000
0.960000
0.960000
0.960000
0.960000
0.960000
0.960000
0.960000
0.960000
0.960000
0.960000
0.960000
0.960000
0.960000
0.960000
0.960000
0.960000
0.960000
0.960000
0.960000
0.960000
0.960000
0.960000
0.960000
0.960000
0.960000
0.960000
0.960000
0.960000
0.960000
0.960000
0.960000
0.960000
0.960000
0.960000
0.960000
0.960000
0.960000
0.960000
0.960000
0.960000
0.960000
0.960000
0.960000
0.960000
0.960000
0.960000
0.960000
0.960000
0.960000
0.960000
0.960000
0.960000
0.960000
0.960000
0.960000
0.960000
0.960000
0.960000
0.960000
0.960000
0.960000
0.960000
0.960000
0.960000
0.960000
0.960000
0.960000
0.960000
0.960000
0.960000
0.960000
0.960000
0.960000
0.960000
0.960000
0.960000
1.002056
1.002056
1.002056
1.002056
1.002056
1.002056
1.002056
1.002056
1.002056
1.002056
1.002056
1.002056
1.002056
1.002056
1.002056
1.002056
1.002056
1.002056
1.002056
1.002056
1.002056
1.002056
1.002056
1.002056
1.002056
1.002056
1.002056
1.002056
1.002056
1.002056
0.960000
0.960000
0.960000
0.960000
0.960000
0.960000
0.960000
0.960000
0.960000
0.960000
0.960000
0.960000
0.960000
0.960000
0.960000
0.960000
0.960000
0.960000
0.960000
0.960000
0.960000
0.960000
0.960000
0.960000
0.960000
0.960000
0.960000
0.960000
0.960000
0.960000
0.960000
0.960000
0.960000
0.960000
0.960000
0.960000
0.960000
0.960000
0.960000
0.960000
0.960000
0.960000
0.960000
0.960000
0.960000
0.960000
0.960000
0.960000
0.960000
0.960000
0.960000
0.960000
0.960000
0.960000
0.960000
0.960000
0.960000
0.960000
0.960000
0.960000
0.960000
0.960000
0.960000
0.960000
0.960000
0.960000
0.960000
0.960000
0.960000
0.960000
0.960247
0.960247
0.960247
0.960247
0.960247
0.960247
0.960247
0.960247
0.960247
0.960247
0.960247
0.960247
0.960247
0.960247
0.960247
0.960247
0.960247
0.960247
0.960247
0.960247
0.960247
0.960247
0.960247
0.960247
0.960247
0.960247
0.960247
0.960247
0.960247
0.960247
0.960000
0.960000
0.960000
0.960000
0.960000
0.960000
0.960000
0.960000
0.960000
0.960000
0.960000
0.960000
0.960000
0.960000
0.960000
0.960000
0.960000
0.960000
0.960000
0.960000
0.960000
0.960000
0.960000
0.960000
0.969401
1.008489
1.008489
1.008489
1.008489
1.008489
1.008489
1.008489
1.008489
1.008489
1.008489
1.008489
1.008489
1.008489
1.008489
1.008489
1.008489
1.008489
1.008489
1.008489
1.008489
1.027785
1.027785
1.027785
1.045103
1.077511
1.114125
1.178941
1.230398
1.269734
1.299668
1.299668
1.338508
1.377349
1.415694
1.424848
1.424848
1.424848
1.424848
1.424848
1.424848
1.431775
1.453298
1.484717
1.519846
1.557697
1.595300
1.619792
1.620782
1.620782
1.620782
1.601485
1.601485
1.603712
1.586394
1.554233
1.517620
1.452803
1.401346
1.363000
1.323912
1.284825
1.245984
1.207144
1.168798
1.159645
1.159645
1.159645
1.159645
1.159645
1.159645
1.158655
1.137132
1.105713
1.070584
1.034712
0.997109
0.972617
0.971627
0.971627
0.971627
0.972122
1.029022
1.047082
1.047082
1.048319
1.048319
1.048319
1.052029
1.051782
1.051535
1.051535
1.051535
1.051535
1.051535
1.051535
1.051535
1.051535
1.051535
1.051535
1.051535
1.046587
1.046587
1.046587
1.046587
1.044608
1.044608
1.044608
1.044608
1.044608
1.044608
1.044113
0.987213
0.966927
0.966927
0.965443
0.965443
0.965443
0.961732
0.960990
0.960990
0.960990
0.960990
0.978060
0.998593
0.998593
0.998593
0.998593
0.998593
0.998593
1.021106
1.043618
1.044608
1.044608
1.044608
1.044608
1.044608
1.044608
1.044608
1.044608
1.044608
1.044608
1.044608
1.044608
1.044608
1.044608
1.044608
1.044608
1.044608
1.044608
1.044608
1.044608
1.044608
1.027538
1.007004
1.007004
1.007004
1.007004
1.007004
1.007004
0.984492
0.960990
0.960000
0.960000
0.960000
0.960000
0.960000
0.960000
0.960000
0.960000
0.960000
0.960000
0.960000
0.960000
0.960000
0.960000
0.960000
0.960000
0.960000
0.960000
0.960000
0.960000
0.960000
0.960000
0.960000
0.960000
0.960000
0.960000
0.960000
0.960000
0.960000
0.960000
0.960000
0.960000
0.960000
0.960000
0.960000
0.960000
0.960000
0.960000
0.960000
0.960000
0.960000
0.960000
0.960000
0.960000
0.960000
0.960000
0.960000
0.960000
0.960000
0.960000
0.960000
0.960000
0.960000
0.960000
0.960000
0.960000
0.960000
0.960000
0.960000
0.960000
0.960000
0.960000
0.960000
0.960000
0.960000
0.960000
0.960000
0.960000
0.960000
0.960000
0.960000
0.960000
0.960000
0.960000
0.960000
0.960000
0.960000
0.960000
0.960000
0.960000
0.960000
0.960000
0.960000
0.960000
0.960000
0.960000
0.960000
0.960000
0.960000
0.960000
0.960000
0.960000
0.960000
0.960000
0.960000
0.960000
0.960000
0.960000
0.960000
0.960000
0.960000
0.960000
0.960000
0.960000
0.960000
0.960000
0.960000
0.960000
0.960000
0.960000
0.960000
0.960000
0.960000
0.960000
0.960000
0.960000
0.960000
0.960247
0.960247
0.960247
0.960247
0.960247
0.960247
0.960247
0.960247
0.960247
0.960247
0.960247
0.960247
0.960247
0.960247
0.960247
0.960247
0.960247
0.960247
0.960247
0.960247
0.960247
0.960247
0.960247
0.960247
0.960247
0.960247
0.960247
0.960247
0.960247
0.960247
0.960000
0.960000
0.960000
0.960000
0.960000
0.960000
0.960000
0.960000
0.960000
0.960000
0.960000
0.960000
0.960000
0.960000
0.960000
0.960000
0.960000
0.960000
0.960000
0.960000
0.960000
0.960000
0.960000
0.960000
0.960000
0.960000
0.960000
0.960000
0.960000
0.960000
0.960000
0.960000
0.960000
0.960000
0.960000
0.960000
0.960000
0.960000
0.960000
0.960000
0.960000
0.960000
0.960000
0.960000
0.960000
0.960000
0.960000
0.960000
0.960000
0.960000
0.960000
0.960000
0.960000
0.960000
0.960000
0.960000
0.960000
0.960000
0.960000
0.960000
0.960000
0.960000
0.960000
0.960000
0.960000
0.960000
0.960000
0.960000
0.960000
0.960000
0.960000
0.960000
0.960000
0.960000
0.960000
0.960000
0.960000
0.960000
0.960000
0.960000
0.960000
0.960000
0.960000
0.960000
0.960000
0.960000
0.960000
0.960000
0.960000
0.960000
0.960000
0.960000
0.960000
0.960000
0.960000
0.960000
0.960000
0.960000
0.960000
0.960000
0.960000
0.960000
0.960000
0.960000
0.960000
0.960000
0.960000
0.960000
0.960000
0.960000
0.960000
0.960000
0.960000
0.960000
0.960247
0.960247
0.960247
0.960247
0.960247
0.960247
0.960247
0.960247
0.960247
0.960247
0.960247
0.960247
0.960247
0.960247
0.960247
0.960247
0.960247
0.960247
0.960247
0.960247
0.960247
0.960247
0.960247
0.960247
0.960247
0.960247
0.960247
0.960247
0.960247
0.960247
0.960000
0.960000
0.960000
0.960000
0.960000
0.960000
0.960000
0.960000
0.960000
0.960000
0.960000
0.960000
0.960000
0.960247
0.960247
0.960247
0.960247
0.960247
0.960247
0.960247
0.960247
0.960247
0.960247
0.960247
0.960247
0.960247
0.960247
0.960247
0.960247
0.960247
0.960247
0.960247
0.960247
0.960247
0.960495
0.960495
0.960495
0.960495
0.960495
0.960495
0.960495
0.960495
0.960495
0.960247
0.960247
0.960247
0.960247
0.960247
0.960247
0.960247
0.960247
0.960247
0.960247
0.960247
0.960247
0.960247
0.960247
0.960247
0.960495
0.960495
0.960495
0.960495
0.960495
0.960495
0.960247
0.960247
0.960247
0.960247
0.960247
0.960247
0.960247
0.960247
0.960247
0.960247
0.960247
0.960247
0.960247
0.960247
0.960495
0.960495
0.960495
0.960495
0.960742
0.960742
0.960742
0.960742
0.960742
0.960742
0.960495
0.960495
0.960495
0.960495
0.960495
0.960495
0.960495
0.960495
0.960495
0.960495
0.960495
0.960495
0.960495
0.960495
0.960495
0.960495
0.960495
0.960495
0.960495
0.960495
0.960247
0.960247
0.960247
0.960247
0.960000
0.960000
0.960000
0.960000
0.960000
0.960000
0.960000
0.960000
0.960000
0.960000
0.960000
0.960000
0.960000
0.960000
0.960000
0.960000
0.960000
0.960000
0.960000
0.960000
0.960000
0.960000
0.960000
0.960000
0.960000
0.960000
0.960000
0.960000
0.960247
0.960247
0.960247
0.960247
0.960247
0.960247
0.960247
0.960247
0.960247
0.960247
0.960247
0.960495
0.960495
0.960495
0.960495
0.960495
0.960495
0.960495
0.960495
0.960495
0.960742
0.960742
0.960742
0.960742
0.960742
0.960742
0.960742
0.960742
0.960742
0.960742
0.960495
0.960495
0.960495
0.960495
0.960495
0.960495
0.960495
0.960495
0.960495
0.960742
0.960742
0.960495
0.960495
0.960495
0.960495
0.960495
0.960495
0.960495
0.960495
0.960495
0.960247
0.960247
0.960247
0.960247
0.960247
0.960247
0.960247
0.960247
0.960247
0.960247
0.960247
0.960247
0.960247
0.960247
0.960247
0.960247
0.960247
0.960247
0.960247
0.960000
0.960000
0.960000
0.960000
0.960000
0.960000
0.960000
0.960000
0.960000
0.960000
0.960000
0.960000
0.960000
0.960000
0.960000
0.960000
0.960000
0.960000
0.960000
0.960000
0.960000
0.960000
0.960000
0.960000
0.960000
0.960000
0.960000
0.960000
0.960000
0.960000
0.960000
0.960000
0.960000
0.960000
0.960000
0.960000
0.960000
0.960000
0.960000
0.960000
0.960000
0.960000
0.960000
0.960000
0.960000
0.960000
0.960000
0.960000
0.960000
0.960000
0.960000
0.960000
0.960000
0.960000
0.960000
0.960000
0.966432
0.993398
0.996614
0.996614
0.996614
0.996614
0.996614
0.998593
0.998593
0.998593
1.061925
1.062915
1.065883
1.065883
1.065883
1.066626
1.066626
1.066873
1.066873
1.093591
1.109919
1.109919
1.109919
1.110166
1.110166
1.110166
1.110166
1.110166
1.114619
1.114619
1.108187
1.081222
1.078006
1.078500
1.078500
1.078500
1.078500
1.076521
1.076521
1.076521
1.013684
1.012694
1.009726
1.009726
1.009726
1.008983
1.008983
1.008736
1.008736
0.982018
0.965690
0.969401
1.024074
1.055246
1.069099
1.069842
1.107692
1.130452
1.133174
1.161129
1.181662
1.198238
1.198238
1.197743
1.197743
1.197743
1.197743
1.197743
1.197743
1.197743
1.197248
1.197248
1.197248
1.197248
1.197248
1.197248
1.197248
1.197248
1.197248
1.197248
1.197248
1.193537
1.138864
1.108435
1.156429
1.218029
1.192795
1.170035
1.162861
1.134906
1.114372
1.097797
1.097797
1.097797
1.097797
1.097797
1.097797
1.097797
1.097797
1.097797
1.097797
1.108682
1.173004
1.198980
1.214071
1.214071
1.214071
1.214071
1.214071
1.214071
1.219018
1.219018
1.219018
1.218029
1.156181
1.093839
1.081222
1.081222
1.081222
1.081222
1.081222
1.081222
1.081222
1.081222
1.081222
1.081222
1.081222
1.081222
1.081222
1.081222
1.081222
1.070336
1.006015
0.980039
0.964948
0.964948
0.964948
0.964948
0.964948
0.964948
0.960000
0.960000
0.960000
0.960000
0.960000
0.960000
0.960000
0.964700
0.964700
0.964700
0.964700
0.964700
0.964700
0.964700
0.964700
0.964700
0.964700
0.964700
0.965443
1.009726
1.009726
1.009726
1.009726
1.009726
1.015663
1.037681
1.059946
1.081222
1.099281
1.121794
1.149996
1.154944
1.154944
1.154944
1.154944
1.154944
1.154944
1.150244
1.150244
1.159150
1.159397
1.159397
1.159397
1.159397
1.164098
1.164098
1.164098
1.164098
1.163355
1.119072
1.119072
1.119072
1.119072
1.119072
1.113135
1.091117
1.068852
1.047576
1.029517
1.011210
0.984492
0.979544
1.002056
1.012942
1.047824
1.072316
1.072316
1.072316
1.072316
1.063409
1.064152
1.067368
1.067368
1.067368
1.062667
1.062667
1.062667
1.062667
1.062915
1.062915
1.070831
1.070831
1.070831
1.076026
1.094333
1.121546
1.121546
1.121546
1.121546
1.117341
1.115856
1.115856
1.093344
1.082459
1.047576
1.023085
1.023085
1.023085
1.023085
1.023085
1.022095
1.018879
1.018879
1.018879
1.018879
1.018879
1.018879
1.018879
1.018632
1.018632
1.010715
1.010715
1.010715
1.005520
0.987213
0.960000
0.960000
0.960000
0.960000
0.960000
0.960000
0.960000
0.960000
0.960000
0.960000
0.960000
0.960000
0.960000
0.960000
0.960000
0.960000
0.960000
0.960000
0.960000
0.960000
0.960000
0.960000
0.960000
0.960000
0.960000
0.960000
0.960000
0.960000
0.960000
0.960000
0.960000
0.960000
0.960000
0.960000
0.960000
0.960000
0.960000
0.960000
0.960000
0.960000
0.960000
0.960000
0.960000
0.960000
0.960000
0.960000
0.960000
0.960000
0.960000
0.960000
0.960000
0.960000
0.960000
0.960000
0.960000
0.960000
0.960000
0.960000
0.960000
0.960000
0.960000
0.960000
0.960000
0.960000
0.960000
0.960000
0.960000
0.960000
0.960000
0.960000
0.960000
0.960000
0.960000
0.960000
0.960000
0.960000
0.960000
0.960000
0.960000
0.960000
0.960000
0.960000
0.960000
0.960000
0.960000
0.960000
0.960000
0.960000
0.960000
0.960000
0.960000
0.960000
0.960000
0.960000
0.960000
0.960000
0.960000
0.960000
0.960000
0.960000
0.960000
0.960000
0.960000
0.960000
0.960000
0.960000
0.960000
0.960000
0.960000
0.960000
0.960000
0.960000
0.960000
0.960000
0.960000
0.960000
0.960000
0.960000
0.960000
0.960000
0.960000
0.960000
0.960000
0.960000
0.960000
0.960000
0.960000
0.960000
0.960000
0.960000
0.960000
0.960000
0.960000
0.960000
0.960000
0.960000
0.960000
0.960000
0.960000
0.960000
0.960000
0.960000
0.960000
0.960000
0.960000
0.960000
0.960000
0.960000
0.960000
0.960000
0.960000
0.960000
0.960000
0.960000
0.960000
0.960000
0.960000
0.960000
0.960000
0.960000
0.960000
0.960000
0.960000
0.960000
0.960000
0.960000
0.960000
0.960000
0.960000
0.960000
0.960000
0.960000
0.960000
0.960000
0.960000
0.960000
0.960000
0.960000
0.960000
0.960000
0.960000
0.960000
0.960000
0.960000
0.960000
0.960000
0.960000
0.960000
0.960000
0.960000
0.960000
0.960000
0.960000
0.960000
0.960000
0.960000
0.960000
0.960000
0.960000
0.960000
0.960000
0.960000
0.960000
0.960000
0.960000
0.960000
0.960000
0.960000
0.960000
0.960000
0.960000
0.960000
0.960000
0.960000
0.960000
0.960000
0.960000
0.960000
0.960000
0.960000
0.960000
0.960000
0.960000
0.960000
0.960000
0.960000
0.960000
0.960000
0.960000
0.960000
0.960000
0.960000
0.960000
0.960000
0.960000
0.960000
0.960000
0.960000
0.960000
0.960000
0.960000
0.960000
0.960000
0.960000
0.960000
0.960000
0.960000
0.960000
0.960000
0.960000
0.960000
0.960000
0.960000
0.960000
0.960000
0.960000
0.960000
0.960000
0.960000
0.960000
0.960000
0.960000
0.960000
0.960000
0.960000
0.960000
0.960000
0.960000
0.960000
0.960000
0.960000
0.960000
0.960000
0.960000
0.960000
0.960000
0.960000
0.960000
0.960000
0.960000
0.960000
0.960247
0.960247
0.960247
0.960247
0.960247
0.960247
0.960247
0.960247
0.960247
0.960495
0.960495
0.960495
0.960495
0.960495
0.960495
0.960495
0.960495
0.960495
0.960495
0.960495
0.960495
0.960495
0.960495
0.960495
0.960495
0.960495
0.960495
0.960495
0.960495
0.960495
0.960247
0.960247
0.960247
0.960247
0.960247
0.960247
0.960247
0.960247
0.960247
0.960000
0.960000
0.960000
0.960000
0.960000
0.960000
0.960000
0.960000
0.960000
0.960000
0.960000
0.960000
0.960000
0.960000
0.960000
0.960000
0.960000
0.960000
0.960000
0.960000
0.960000
0.960000
0.960000
0.960000
0.960000
0.960000
0.960247
0.960247
0.960247
0.960247
0.960247
0.960247
0.960247
0.960247
0.960247
0.960247
0.960247
0.960247
0.960247
0.960247
0.960247
0.960247
0.960247
0.960247
0.960247
0.960247
0.960247
0.960247
0.960247
0.960247
0.960247
0.960247
0.960247
0.960247
0.960247
0.960247
0.960000
0.960000
0.960000
0.960000
0.960000
0.960247
0.960247
0.960247
0.960247
0.960247
0.960247
0.960247
0.960247
0.960247
0.960247
0.960247
0.960247
0.960247
0.960247
0.960247
0.960247
0.960247
0.960247
0.960247
0.960247
0.960247
0.960247
0.960247
0.960247
0.960247
0.960247
0.960247
0.960247
0.960247
0.960247
0.960000
0.960000
0.960000
0.960000
0.960000
0.960000
0.960000
0.960000
0.960000
0.960000
0.960000
0.960000
0.960000
0.960000
0.960000
0.960000
0.960000
0.960000
0.960000
0.960000
0.960000
0.960000
0.960000
0.960000
0.960000
0.960000
0.960000
0.960000
0.960000
0.960000
0.960000
0.960000
0.960000
0.960000
0.960000
0.960000
0.960000
0.960000
0.960000
0.960000
0.960000
0.960000
0.960000
0.960000
0.960000
0.960000
0.960000
0.960000
0.960000
0.960000
0.960000
0.960000
0.960000
0.960000
0.960000
0.960000
0.960000
0.960000
0.960000
0.960000
0.960000
0.960000
0.960000
0.960000
0.960000
0.960000
0.960000
0.960000
0.960000
0.960000
0.960000
0.960000
0.960000
0.960000
0.960000
0.960000
0.960000
0.960000
0.960000
0.960000
0.960000
0.960000
0.960000
0.960000
0.960000
0.960000
0.960000
0.960000
0.960000
0.979297
1.007994
1.038176
1.081964
1.143812
1.185868
1.225203
1.261570
1.327623
1.371659
1.407530
1.445134
1.482737
1.521330
1.559676
1.597774
1.635872
1.640573
1.640573
1.644284
1.644284
1.644284
1.644284
1.644284
1.644284
1.644284
1.644284
1.644284
1.644284
1.644284
1.624987
1.614349
1.614844
1.600496
1.568335
1.555223
1.545080
1.537658
1.500797
1.485706
1.479274
1.470863
1.462204
1.452556
1.443155
1.433754
1.424353
1.442907
1.442907
1.439197
1.443897
1.443897
1.443897
1.443897
1.443897
1.444639
1.444639
1.444639
1.445134
1.445134
1.445134
1.427074
1.396398
1.366958
1.337271
1.308327
1.279135
1.250190
1.220998
1.192053
1.162613
1.133421
1.104476
1.075532
1.046587
1.017890
0.989192
0.965937
0.965937
0.965937
0.961237
0.961237
0.961237
0.961237
0.961237
0.960495
0.960495
0.960495
0.960000
0.960000
0.960000
0.960000
0.960000
0.960000
0.960000
0.960000
0.960000
0.960000
0.960000
0.960000
0.960000
0.960000
0.960000
0.960000
0.960000
0.960000
0.960000
0.960000
0.960000
0.960000
0.960000
0.960000
0.960000
0.960000
0.960000
0.960000
0.960000
0.960000
0.960000
0.960000
0.960000
0.960000
0.960000
0.960000
0.960000
0.960000
0.960000
0.960000
0.960000
0.960000
0.960000
0.960000
0.960000
0.960000
0.960000
0.960000
0.960000
0.960000
0.960000
0.960000
0.960000
0.960000
0.960000
0.960000
0.960000
0.960000
0.960000
0.960000
0.960000
0.960000
0.960000
0.960000
0.960000
0.960000
0.960000
0.960000
0.960000
0.960000
0.960000
0.960000
0.960000
0.960000
0.960000
0.960000
0.960000
0.960000
0.960000
0.960000
0.960000
0.960000
0.960000
0.960000
0.960000
0.960000
0.960000
0.960000
0.960000
0.960000
0.960000
0.960000
0.960000
0.960000
0.960000
0.960000
0.960000
0.960000
0.960000
0.960000
0.960000
0.960000
0.960000
0.960000
0.960000
1.001314
1.021106
1.021106
1.021106
1.021106
1.021106
1.021106
1.021106
1.021106
1.021106
1.021106
1.021106
1.021106
1.021106
1.021106
1.021106
1.021106
1.021106
1.021106
1.021106
1.021106
1.021106
1.021106
1.021106
1.021106
1.021106
1.021106
1.021106
1.021106
1.021106
0.979791
0.960000
0.960000
0.960000
0.960000
0.960000
0.960247
0.960247
0.960247
0.960247
0.960247
0.960247
0.960247
0.960247
0.960247
0.960247
0.960247
0.960247
0.960247
0.960247
0.960247
0.960247
0.960247
0.960247
0.960247
0.960247
0.960247
0.960247
0.960247
0.960247
0.960247
0.960247
0.960247
0.960247
0.960247
0.960247
0.960000
0.960000
0.960000
0.960000
0.960000
0.960000
0.960000
0.960000
0.960000
0.960000
0.960000
0.960000
0.960000
0.960000
0.960000
0.960000
0.960000
0.960000
0.960000
0.960000
0.960000
0.960000
0.960000
0.960000
0.960000
0.960000
0.960000
0.960000
0.960000
0.960000
0.960000
0.960000
0.960000
0.960000
0.960000
0.960000
0.960000
0.960000
0.960000
0.960000
0.960000
0.960000
0.960000
0.960000
0.960000
0.960000
0.960000
0.960000
0.960000
0.960000
0.960000
0.960000
0.960000
0.960000
0.960000
0.960000
0.960000
0.960000
0.960000
0.960000
0.960000
0.960000
0.960000
0.960000
0.960000
0.960000
0.960000
0.960000
0.960000
0.960000
0.960000
0.960000
0.960000
0.960000
0.960000
0.960000
0.960000
0.960000
0.960000
0.960000
0.960000
0.960000
0.960000
0.960000
0.960000
0.960000
0.960000
0.960000
0.960000
0.960000
0.960000
0.960000
0.960000
0.960000
0.960000
0.960000
0.960000
0.960000
0.960000
0.960000
0.960000
0.960000
0.960000
0.960000
0.960000
0.960000
0.960000
0.960000
0.960000
0.960000
0.960000
0.960000
0.960000
0.960000
0.960000
0.960000
0.960000
0.960000
0.960000
0.960000
0.960000
0.960000
0.960000
0.960000
0.960000
0.960000
0.960000
0.960000
0.960000
0.960000
0.960000
0.960000
0.960000
0.960000
0.960000
0.960000
0.960000
0.960000
0.960000
0.960000
0.960000
0.960000
0.960000
0.960000
0.960000
0.960000
0.960000
0.960000
0.960000
0.960000
0.960000
0.960000
0.960000
0.960000
0.960000
0.960000
0.960000
0.960000
0.960000
0.960000
0.960000
0.960247
0.960247
0.960247
0.960247
0.960247
0.960247
0.960247
0.960247
0.960247
0.960247
0.960247
0.960247
0.960247
0.960247
0.960247
0.960247
0.960247
0.960247
0.960247
0.960247
0.960247
0.960247
0.960247
0.960247
0.960247
0.960247
0.960247
0.960247
0.960247
0.960247
0.960000
0.960000
0.960000
0.960000
0.960000
0.960000
0.960000
0.960000
0.960000
0.960000
0.960000
0.960000
0.960000
0.960000
0.960000
0.960000
0.960000
0.960000
0.960000
0.960000
0.960000
0.960000
0.960000
0.960000
0.960000
0.960000
0.960000
0.960000
0.960000
0.960000
0.960000
0.960000
0.960000
0.960000
0.960000
0.960000
0.960000
0.960000
1.003293
1.020611
1.020611
1.020611
1.020611
1.020611
1.020611
1.020611
1.020611
1.020611
1.020611
1.020611
1.020858
1.020858
1.020858
1.020858
1.020858
1.037433
1.067120
1.099034
1.133421
1.172262
1.186610
1.187600
1.188837
1.238810
1.268002
1.268002
1.268002
1.268002
1.224708
1.207391
1.207391
1.207391
1.207391
1.207391
1.207391
1.207391
1.207391
1.207391
1.207391
1.207391
1.207144
1.207144
1.207144
1.207144
1.207144
1.190569
1.160882
1.128968
1.094581
1.055740
1.041392
1.040402
1.039165
0.989192
0.960000
0.960000
0.960000
0.960000
0.960000
0.960000
0.960000
0.960000
0.960000
0.960000
0.960000
0.960000
0.960000
0.960000
0.960000
0.960000
0.960000
0.960000
0.960000
0.960000
0.960000
0.960000
0.960000
0.960000
0.960000
0.960000
0.960000
0.960000
0.960000
0.960000
0.960000
0.960000
0.960000
0.960000
0.960000
0.960000
0.960000
0.960000
0.960000
0.960000
0.960000
0.960000
0.960000
0.960000
0.960000
0.960000
0.960000
0.960000
0.960000
0.960000
0.960000
0.960000
0.960000
0.960000
0.960000
0.960000
0.960000
0.960000
0.960000
0.960000
0.960000
0.960000
0.960000
0.960000
0.960000
0.960000
0.960000
0.960000
0.960000
0.960000
0.960000
0.960000
0.960000
0.960000
0.960000
0.960000
0.960000
0.960000
0.960000
0.960000
0.960000
0.960000
0.960000
0.960000
0.960000
0.960000
0.960000
0.960000
0.960000
0.960000
0.960000
0.960000
0.960000
0.960000
0.960000
0.960000
0.960000
0.960000
0.960000
0.960000
0.960000
0.960000
0.960000
0.960000
0.960000
0.960000
0.960000
1.007746
1.025064
1.025064
1.025064
1.025064
1.025064
1.025064
1.025311
1.025311
1.025311
1.025311
1.025311
1.025311
1.025311
1.025311
1.025311
1.025311
1.025311
1.025311
1.025311
1.025311
1.025311
1.025311
1.025311
1.025311
1.025311
1.025559
1.025559
1.025559
1.028775
0.981028
0.968906
0.968906
0.968906
0.968906
0.968906
0.968906
0.968659
0.968659
0.968659
0.968659
0.968659
0.968659
0.968659
0.968659
0.968659
0.968659
0.968659
0.968659
0.968659
0.968659
0.968659
0.968659
0.968659
0.968659
0.968659
0.968411
0.968411
0.968411
0.965195
0.965195
0.960000
0.960000
0.960000
0.960000
0.960000
0.960000
0.960000
0.960000
0.960000
0.960000
0.960000
0.960000
0.960000
0.960000
0.960000
0.960000
0.960000
0.960000
0.960000
0.960247
0.960247
0.960247
0.960247
0.960247
0.960247
0.960247
0.960247
0.960247
0.960247
0.960247
0.960247
0.960247
0.960247
0.960247
0.960247
0.960247
0.960247
0.960247
0.960247
0.960247
0.960247
0.960247
0.960247
0.960247
0.960247
0.960247
0.960247
0.960247
0.960247
0.960000
0.960000
0.960000
0.960000
0.960000
0.960000
0.960000
0.960000
0.960000
0.960000
0.960000
0.960000
0.960000
0.960000
0.960000
0.960000
0.960000
0.960000
0.960000
0.960000
0.960000
0.960000
0.960000
0.960000
0.960000
0.960000
1.024074
1.024074
1.024074
1.024074
1.024074
1.024074
1.024074
1.024074
1.024074
1.024074
1.024074
1.024074
1.024074
1.024074
1.024074
1.024074
1.024074
1.024074
1.024074
1.024074
1.024074
1.024074
1.024074
1.024074
1.024074
1.024074
1.024074
1.024074
1.024074
1.024074
0.960000
0.960000
0.960000
0.960000
0.960000
0.960000
0.960000
0.960000
0.960000
0.960000
0.960000
0.960000
0.960000
0.960000
0.960000
0.960000
0.960000
0.960000
0.960000
0.960000
0.960000
0.960000
0.960000
0.960000
0.960000
0.960000
0.960000
0.960000
0.960000
0.960000
0.960000
0.960000
0.966432
0.966432
0.966432
0.966432
0.966432
0.966432
0.966432
0.966432
0.966432
0.966432
0.966432
0.966432
0.966432
0.966432
0.966432
0.966432
0.966432
0.966432
0.966432
0.966432
0.966432
0.966432
0.966432
0.966432
0.966432
0.966432
0.966432
0.966432
0.966432
0.966432
0.960000
0.960000
0.960000
0.960000
0.960000
0.960000
0.960000
0.960000
0.960000
0.960247
0.968411
0.968411
0.968411
0.968411
0.968411
0.968411
0.968411
0.968411
0.968411
0.968411
0.968411
0.968411
0.968411
0.968411
0.968411
0.968411
0.985481
0.985481
0.985481
0.985481
0.985481
0.985976
1.012942
1.031496
1.032238
1.032238
1.032238
1.032238
1.032238
1.031991
1.023827
1.023827
1.023827
1.023827
1.023827
1.023827
1.023827
1.023827
1.023827
1.023827
1.023827
1.023827
1.023827
1.023827
1.023827
1.023827
1.006757
1.006757
1.006757
1.006757
1.006757
1.006262
0.979297
0.960742
0.960000
0.960000
0.960000
0.960000
0.960000
0.960000
0.960000
0.960000
0.960000
0.960000
0.960000
0.960000
0.960000
0.960000
0.960000
0.965195
0.965195
0.966185
0.972122
1.009231
1.011457
1.011457
1.011457
1.011457
1.011457
1.011457
1.011457
1.011457
1.011457
1.011457
1.011457
1.011457
1.011457
1.011457
1.011457
1.011457
1.011457
1.011457
1.011457
1.011457
1.011457
1.011457
1.011457
1.011457
1.011457
1.006262
1.006262
1.005273
0.999335
0.962227
0.960000
0.960000
0.960000
0.960000
0.960000
0.960000
0.960000
0.960000
0.960000
0.960000
0.960000
0.960000
0.960000
0.960000
0.960000
0.960000
0.960000
0.960000
0.960000
0.960000
0.960000
0.960000
0.960000
0.960000
0.960000
0.960000
0.960000
0.960000
0.960000
0.960000
0.960000
0.960000
0.960000
0.960000
0.960000
0.960000
0.960000
0.960000
0.960000
0.960000
0.960000
0.960000
0.960000
0.960000
0.960000
0.960000
0.960000
0.960000
0.960000
0.960000
0.960000
0.960000
0.960000
0.960000
0.960000
0.960000
0.960000
0.960000
0.960000
0.960000
0.960000
0.960000
0.960000
0.960000
0.960000
0.960000
0.960000
0.960000
0.960000
0.960000
0.960000
0.960000
0.960000
0.960000
0.960000
0.960000
0.960000
0.960000
0.960000
0.960000
0.960000
0.960000
0.960000
0.960000
0.960000
0.960000
0.960000
0.960000
0.960000
0.960000
0.960000
0.960000
0.960000
0.960000
0.960000
0.960000
0.960000
0.960000
0.960000
0.960000
0.960000
0.960000
0.960000
0.960000
0.960000
0.960000
0.960000
0.960000
0.960000
0.960000
0.960000
0.960000
0.960000
0.960000
0.960000
0.960000
0.960000
0.960000
0.960000
0.960000
0.960000
0.960000
0.960000
0.960000
0.960000
0.960000
0.960000
0.960000
0.960000
0.960000
0.960000
0.960000
0.960000
0.960000
0.960000
0.960000
0.960000
0.960000
0.960000
0.960000
0.960000
0.960000
0.960000
0.960000
0.960000
0.960000
0.960000
0.960000
0.960000
0.960000
0.960000
0.960000
0.960000
0.960000
0.960000
0.960000
0.960000
0.960000
0.960000
0.960000
0.960000
0.960000
0.960000
0.960000
0.960000
0.960000
0.960000
0.960000
0.960000
0.960000
0.960000
0.960000
0.960000
0.960000
0.960000
0.960000
0.960000
0.960000
0.960000
0.960000
0.960000
0.960000
0.960000
0.960000
0.960000
0.960000
0.960000
0.960000
0.960000
0.960000
0.960000
0.960000
0.960000
0.960000
0.960000
0.960000
0.960000
0.960000
0.960000
0.960000
0.960000
0.960000
0.960000
0.960000
0.960000
0.960000
0.960000
0.960000
0.960000
0.960000
0.960000
0.960000
0.960000
0.960000
0.960000
0.960000
0.960000
0.960000
0.960000
0.960000
0.960000
0.960000
0.960000
0.960000
0.960000
0.960000
0.960000
0.960000
0.960000
0.960000
0.960000
0.960000
0.960000
0.960000
0.960000
0.960000
0.960000
0.960000
0.960000
0.960000
0.960000
0.960000
0.960000
0.960000
0.960000
0.960000
0.960000
0.960000
0.960000
0.960000
0.960000
0.960000
0.960000
0.960000
0.960000
0.960000
0.960000
0.960000
0.960000
0.960000
0.960000
0.960000
0.960000
0.960000
0.960000
0.960000
0.960000
0.960000
0.960000
0.960000
0.960000
0.960000
0.960000
0.960000
0.960000
0.960000
0.960000
0.960000
0.960000
0.960000
0.960000
0.960000
0.960000
0.960000
0.960000
0.960000
0.960000
0.960000
0.960000
0.960000
0.960000
0.960000
0.960000
0.960000
0.960000
0.960000
0.960000
0.960000
0.960000
0.960000
0.960000
0.960000
0.960000
0.960000
0.960000
0.960000
0.960000
0.960000
0.960000
0.960000
0.960000
0.960000
0.960000
0.960000
0.960000
0.960000
0.960000
0.960000
0.960000
0.960000
0.960000
0.960000
0.960000
0.960000
0.960000
0.960000
0.960000
0.960000
0.960000
0.960000
0.960000
0.960000
0.960000
0.960000
0.960000
0.960000
0.960000
0.960000
0.960000
0.960000
0.960000
0.960000
0.960000
0.960000
0.960000
0.960000
0.960000
0.960000
0.960000
0.960000
0.960000
0.960000
0.960000
0.960000
0.960000
0.960000
0.960000
0.960000
0.960000
0.960000
0.960000
0.960000
0.960000
0.960000
0.960000
0.960000
0.960000
0.960000
0.960000
0.960000
0.960000
0.960000
0.960000
0.960000
0.960000
0.960000
0.960000
0.960000
0.960000
0.960000
0.960000
0.960000
0.960000
0.960000
0.960000
0.960000
0.960000
0.960000
0.960000
0.960000
0.960000
0.960000
0.960000
0.960000
0.960000
0.960000
0.960000
0.960000
0.960000
0.960000
0.960000
0.960000
0.960000
0.960000
0.960000
0.960000
0.960000
0.960000
0.960000
0.960000
0.960000
0.960000
0.960000
0.960000
0.960000
0.960000
1.023332
1.025806
1.025806
1.025806
1.025806
1.025806
1.025806
1.025806
1.025806
1.025806
1.025806
1.025806
1.025806
1.025806
1.025806
1.025806
1.025806
1.025806
1.025806
1.025806
1.025806
1.025806
1.025806
1.025806
1.025806
1.046092
1.073800
1.107445
1.143564
1.179436
1.152223
1.185373
1.219266
1.252911
1.286804
1.289030
1.289030
1.289030
1.289030
1.289030
1.291999
1.291999
1.291999
1.291999
1.291999
1.291999
1.291999
1.291999
1.291999
1.291999
1.291999
1.291999
1.291999
1.291999
1.291999
1.271713
1.244005
1.210360
1.174241
1.138369
1.102250
1.066626
1.032733
0.999088
0.965195
0.962969
0.962969
0.962969
0.962969
0.962969
0.960000
0.960000
0.960000
1.014179
1.025559
1.025559
1.025559
1.025559
1.025559
1.025559
1.031743
1.037928
1.037928
1.037928
1.037928
1.037928
1.037928
1.037928
1.037928
1.037928
1.037928
1.037928
1.081964
1.081964
1.103239
1.132679
1.169045
1.206154
1.243510
1.280619
1.317728
1.354836
1.391697
1.374380
1.399614
1.436228
1.474079
1.512424
1.550275
1.588126
1.619050
1.626224
1.626224
1.626224
1.626224
1.626224
1.626224
1.626224
1.626224
1.632904
1.633646
1.633646
1.589610
1.595795
1.576499
1.547059
1.510693
1.473584
1.436228
1.399119
1.362011
1.324902
1.288041
1.251179
1.214565
1.177952
1.140101
1.101755
1.063904
1.026053
0.988945
0.975586
0.975586
0.975586
0.975586
0.975586
0.975586
0.975586
0.975586
0.968906
0.968164
0.968164
0.968411
0.962227
0.960247
0.960247
0.960247
0.960495
0.960495
0.960495
0.960495
0.960495
0.960495
0.960495
0.960495
0.960495
0.960495
0.960495
0.960495
0.960495
0.960495
0.960495
0.960495
0.960495
0.960495
0.960495
0.960495
0.960495
0.960495
0.960495
0.960495
0.960495
0.960247
0.960495
0.960495
0.960495
0.960495
0.960247
0.960247
0.960247
0.960247
0.960247
0.960247
0.960247
0.960247
0.960247
0.960247
0.960247
0.960247
0.960247
0.960247
0.960247
0.960247
0.960247
0.960247
0.960247
0.960247
0.960247
0.960247
0.960247
0.960247
0.960247
0.960247
0.960000
0.960000
0.960000
0.960000
0.960000
0.960000
0.960000
0.960000
0.960000
0.960000
0.960000
0.960000
0.960000
0.960000
0.960000
0.960000
0.960000
0.960000
0.960000
0.960000
0.960000
0.960000
0.960000
0.960000
0.960000
0.960000
0.960000
0.960000
0.960000
0.960000
0.960000
0.960000
0.960000
0.960000
0.960000
0.960000
0.960000
0.960000
0.960000
0.960000
0.960000
0.960000
0.960000
0.960000
0.960000
0.960000
0.960000
0.960000
0.960000
0.960000
0.960000
0.960000
0.960000
0.960000
0.960000
0.960000
0.960000
0.960000
0.960000
0.960247
0.960247
0.960247
0.960247
0.960247
0.960247
0.960247
0.960247
0.960247
0.960247
0.960247
0.960247
0.960247
0.960247
0.960247
0.960495
0.960495
0.960495
0.960495
0.960495
0.960495
0.960495
0.960495
0.960495
0.960495
0.960495
0.960495
0.960495
0.960495
0.960495
0.960495
0.960495
0.960495
0.960495
0.960495
0.960495
0.960495
0.960742
0.960742
0.960742
0.960742
0.960742
0.960742
0.960742
0.960742
0.960495
0.960495
0.960495
0.960742
0.960742
0.960742
0.960742
0.960742
0.960742
0.960742
0.960742
0.960742
0.960742
0.960742
0.960742
0.960495
0.960495
0.960495
0.960495
0.960495
0.960495
0.960495
0.960247
0.960247
0.960247
0.960247
0.960247
0.960247
0.960247
0.960247
0.960247
0.960247
0.960247
0.960247
0.960247
0.960247
0.960247
0.960247
0.960247
0.960247
0.960247
0.960247
0.960247
0.960495
0.960495
0.960495
0.960495
0.960495
0.960495
0.960495
0.960495
0.960495
0.960495
0.960495
0.960495
0.960495
0.960495
0.960495
0.960495
0.960495
0.960495
0.960495
0.960495
0.960247
0.960247
0.960247
0.960247
0.960247
0.960247
0.960247
0.960247
0.960247
0.960247
0.960000
0.960000
0.960000
0.960000
0.960000
0.960000
0.960000
0.960000
0.960000
0.960000
0.960000
0.960000
0.960000
0.960000
0.960000
0.960000
0.960000
0.960000
0.960000
0.960000
0.960000
0.960000
0.960000
0.960000
0.960000
0.960000
0.960000
0.960000
0.960000
0.960000
0.960000
0.960000
0.960000
0.960000
0.960000
0.960000
0.960000
0.960000
0.960000
0.960000
0.960000
0.960000
0.960000
0.960000
0.960000
0.960000
0.960000
0.960000
0.960000
0.960000
0.960000
0.960000
0.960000
0.960000
0.960000
0.960000
0.960000
0.960000
0.960000
0.960000
0.960000
0.960000
0.960000
0.960000
0.960000
0.960000
0.960000
0.960000
0.960000
0.960000
0.960000
0.960000
0.960000
0.960000
0.960000
0.960000
0.960000
0.960000
0.960000
0.960000
0.960000
0.960000
0.960000
0.960000
0.960000
0.960000
0.960000
0.960000
0.960000
0.960000
0.960000
0.960000
0.960000
0.960000
0.960000
0.960000
0.960000
0.960000
0.960000
0.960000
0.960000
0.960000
0.960000
0.960000
0.960000
0.960000
0.960000
0.960000
0.960000
0.960000
0.960000
0.960000
0.960000
0.960000
0.960000
0.960000
0.960000
0.960000
0.960000
0.960000
0.960000
0.960000
0.960000
0.960247
0.960247
0.960247
0.960247
0.960247
0.960247
0.960247
0.960247
0.960247
0.960247
0.960247
0.960247
0.960247
0.960247
0.960247
0.960247
0.960247
0.960247
0.960247
0.960247
0.960247
0.960247
0.960247
0.960247
0.960247
0.960247
0.960247
0.960247
0.960247
0.960247
0.960000
0.960000
0.960000
0.960000
0.960000
0.960000
0.960000
0.960000
0.960000
0.960000
0.960000
0.960000
0.960000
0.960000
0.960000
0.960000
0.960000
0.960000
0.960000
0.960000
0.960000
0.960000
0.960000
0.960000
0.960000
0.960000
0.960000
0.960000
0.960000
0.960000
0.960000
0.960000
0.960000
0.960000
0.960000
0.960000
0.960000
0.960000
0.960000
0.960000
0.960000
0.960000
0.960000
0.960247
0.960247
0.960247
0.960247
0.960247
0.960247
0.960247
0.960247
0.960247
0.960247
0.960247
0.960247
0.960742
0.960742
0.960742
0.960742
0.960742
0.960742
0.960742
0.960990
0.960990
0.960990
0.960990
0.960990
0.960990
0.960990
0.960990
0.960990
0.960990
0.960990
0.960742
0.960742
0.960742
0.960742
0.960742
0.960742
0.960742
0.960742
0.960742
0.960742
0.960742
0.960742
0.960247
0.960247
0.960247
0.960247
0.960247
0.960247
0.960247
0.960000
0.960000
0.960000
0.960000
0.960000
0.960000
0.960000
0.960000
0.960000
0.960000
0.960000
0.960000
0.960000
0.960000
0.960000
0.960000
0.960000
0.960000
0.960000
0.960000
0.960000
0.960000
0.960000
0.960000
0.960000
0.960000
0.960000
0.960000
0.960000
0.960000
0.960000
0.960000
0.960000
0.960000
0.960000
0.960000
0.960000
0.960000
0.960000
0.960000
0.960000
0.960000
0.960000
0.960000
0.960000
0.960000
0.960000
0.960000
0.960000
0.960000
0.960000
0.960000
0.960000
0.960000
0.960000
0.960000
0.960000
0.960000
0.960000
0.960000
0.960000
0.960000
0.960000
0.960000
0.960000
0.960000
0.960000
0.960000
0.960000
0.960000
0.960000
0.960000
0.960000
0.960000
0.960000
0.960000
0.960000
0.960000
0.960000
0.960000
0.960000
0.960000
0.960000
0.960000
0.960000
0.960000
0.960000
0.960000
0.960000
0.996861
1.003788
1.003788
1.003788
1.003788
1.003788
1.003788
1.003788
1.003788
1.003788
1.003788
1.003788
1.039165
1.068110
1.068110
1.068110
1.068110
1.068110
1.068110
1.068110
1.068110
1.068110
1.068110
1.068110
1.068110
1.068110
1.068110
1.068110
1.068110
1.068110
1.031249
1.024322
1.024322
1.024322
1.024322
1.024322
1.024322
1.024322
1.024322
1.024322
1.024322
1.031001
0.995624
0.966680
0.966680
0.966680
0.966680
0.966680
0.966680
0.966680
0.966680
0.966680
0.966680
0.966680
0.966680
0.966680
0.966680
0.966680
0.970638
0.980286
0.980286
0.980286
0.984739
0.984739
0.984739
0.984739
0.984739
0.984739
0.984739
0.984739
0.984739
0.978060
0.978060
0.982265
0.982265
0.982265
0.985729
0.985976
0.985976
0.985976
0.985976
0.985976
0.985976
1.050050
1.099281
1.099281
1.115362
1.126494
1.122536
1.112888
1.124762
1.124762
1.120309
1.120309
1.120309
1.120309
1.120309
1.120309
1.120309
1.120309
1.120309
1.120309
1.120309
1.116104
1.116104
1.116104
1.112640
1.112393
1.112393
1.112393
1.112393
1.112393
1.112393
1.048319
0.999088
0.999088
1.029517
1.078995
1.128226
1.128226
1.116351
1.116351
1.116351
1.116351
1.116351
1.116351
1.116351
1.116351
1.116351
1.161871
1.215555
1.232130
1.250190
1.260333
1.260333
1.260333
1.260333
1.265281
1.265281
1.265281
1.278887
1.306595
1.335540
1.364237
1.393182
1.421632
1.404067
1.372401
1.352115
1.381060
1.410004
1.438949
1.442165
1.442165
1.442165
1.442165
1.442165
1.442165
1.442165
1.396645
1.342961
1.326386
1.308327
1.298184
1.298184
1.298926
1.298926
1.293978
1.355578
1.378586
1.364979
1.346178
1.348404
1.341477
1.312532
1.284082
1.255138
1.237078
1.208133
1.179189
1.150244
1.121299
1.121299
1.143812
1.165582
1.165582
1.165582
1.165582
1.165582
1.165582
1.165582
1.165582
1.165582
1.165582
1.165582
1.164840
1.164840
1.186115
1.124515
1.101508
1.138369
1.190321
1.194279
1.226935
1.238810
1.238810
1.238810
1.227925
1.227925
1.236583
1.236583
1.253901
1.279382
1.279877
1.266518
1.266518
1.272208
1.326634
1.393429
1.410499
1.410499
1.410499
1.410499
1.410499
1.410499
1.415447
1.415447
1.394171
1.394171
1.394171
1.357310
1.296452
1.261322
1.206896
1.195022
1.195022
1.195022
1.195022
1.195022
1.186363
1.186363
1.169045
1.140348
1.117341
1.108929
1.108929
1.103239
1.049061
0.982265
0.967917
1.008983
1.010468
1.010468
1.010468
1.010468
1.005520
1.005520
1.005520
1.005520
1.005520
1.005520
1.005520
1.005520
1.005520
1.005520
1.005520
1.005520
1.005520
1.005520
1.005520
1.005520
1.005520
1.005520
1.005520
1.005520
1.005520
1.005520
1.005273
1.005273
1.002551
0.961484
0.960000
0.960000
0.960000
0.960000
0.960000
0.960000
0.960000
0.960000
0.960000
0.960000
0.960000
0.960000
0.960000
0.960000
0.960000
0.960000
0.960000
0.960000
0.960000
0.960000
0.960000
0.960000
0.960000
0.960000
0.960000
0.960000
0.960000
0.960000
0.960000
0.960000
0.960000
0.960000
0.960000
0.960000
0.960000
0.960000
0.960000
0.960000
0.960000
0.960000
0.960000
0.960000
0.960000
0.960000
0.960000
0.960000
0.960000
0.960000
0.960000
0.960000
0.960000
0.960000
0.960000
0.960000
0.960000
0.960000
0.960000
0.960000
0.960000
0.960000
0.960000
0.960000
0.960000
0.960000
0.960000
0.960000
0.960000
0.960000
0.960000
0.960000
0.960000
0.960000
0.960000
0.960000
0.960000
0.960000
0.960000
0.960000
0.960000
0.960000
0.960000
0.960000
0.960000
0.960000
0.960000
0.960000
0.960000
0.960000
0.960000
0.960000
0.960000
0.960000
0.960000
0.960000
0.960000
0.960000
0.960000
0.960000
0.960000
0.960000
0.960000
0.960000
0.960000
0.960000
0.960000
0.960000
0.960000
0.960000
0.960000
0.960000
0.960000
0.960000
0.960000
0.960000
0.960000
0.960000
0.960000
0.960000
0.960000
0.960000
0.960000
0.960000
0.960000
0.960000
0.960000
0.960000
0.960000
0.960000
0.960000
0.960000
0.960000
0.960000
0.960000
0.960000
0.960000
0.960000
0.960000
0.960000
0.960000
0.960000
0.960000
0.960000
0.960000
0.960000
0.960000
0.960000
0.960000
0.960000
0.960000
0.960000
0.960000
0.960000
0.960000
0.960000
0.960000
0.960000
0.960000
0.960000
0.960000
0.960000
0.960000
0.960000
0.960000
0.960000
0.960000
0.960000
0.960000
0.960000
0.960000
0.960000
0.960000
0.960000
0.960000
0.960000
0.960000
0.960000
0.960000
0.960000
0.960000
0.960000
0.960000
0.960000
0.960000
0.960000
0.960000
0.960000
0.960000
0.960000
0.960000
0.960000
0.960000
0.960000
0.960000
0.960000
0.960000
0.960000
0.960000
0.960000
0.960000
0.960000
0.960000
0.960000
0.960000
0.960000
0.960000
0.960000
0.960000
0.960000
0.960000
0.960000
0.960000
0.960000
0.960000
0.960000
0.960000
0.960000
0.960000
0.960000
0.960000
0.960000
0.960000
0.960000
0.960000
0.960000
0.960000
0.960000
0.960000
0.960000
0.960000
0.960000
0.960000
0.960000
0.960000
0.960000
0.960000
0.960000
0.960000
0.960000
0.960000
0.960000
0.960000
0.960000
0.960000
0.960000
0.960000
0.960000
0.960000
0.960000
0.960000
0.960000
0.960000
0.960000
0.960000
0.960000
0.960000
0.960000
0.960000
0.960000
0.960000
0.960000
0.960000
0.960000
0.960000
0.960000
0.960000
0.960000
0.960000
0.960000
0.960000
0.960000
0.960000
0.960000
0.960000
0.960000
0.960000
0.960000
0.960000
0.960000
0.960000
0.960000
0.960000
0.960000
0.960000
0.960000
0.960000
0.960000
0.960000
0.960000
0.960000
0.960000
0.960000
0.960000
0.960000
0.960000
0.960000
0.960000
0.960000
0.960000
0.960000
0.960000
0.960000
0.960000
0.960000
0.960000
0.960000
0.960000
0.960000
0.960000
0.960000
0.960000
0.960000
0.960000
0.960000
0.960000
0.960000
0.960000
0.960000
0.960000
0.960000
0.960000
0.960000
0.960000
0.960000
0.960000
0.960000
0.960000
0.960000
0.960000
0.960000
0.960000
0.960000
0.960000
0.960000
0.960000
0.960000
0.960000
0.960000
0.960000
0.960000
0.960000
0.960000
0.960000
0.960000
0.960000
0.960000
0.960000
0.960000
0.960000
0.960000
0.960000
0.960000
0.960000
0.960000
0.960000
0.960000
0.960000
0.960000
0.960000
0.960000
0.960000
0.960000
0.960000
0.960000
0.960000
0.960000
0.960000
0.960000
0.960000
0.960000
0.960000
0.960000
0.960000
0.960000
0.960000
0.960000
0.960000
0.960000
0.960000
0.960000
0.960000
0.960000
0.960000
0.960000
0.960000
0.960000
0.960000
0.960000
0.960000
0.960000
0.960000
0.960000
0.960000
0.960000
0.960000
0.960000
0.960000
0.960000
0.960000
0.960000
0.960000
0.960000
0.960000
0.960000
0.960000
0.960000
0.960000
0.960000
0.960000
0.960000
0.960000
0.960000
0.960000
0.960000
0.960000
0.960000
0.960000
0.960000
0.960000
0.960000
0.960000
0.960000
0.960000
0.960000
0.960000
1.013436
1.021848
1.021848
1.021848
1.021848
1.021848
1.021848
1.021848
1.021848
1.021848
1.021848
1.021848
1.021848
1.021848
1.021848
1.021848
1.021848
1.021848
1.021848
1.021848
1.021848
1.021848
1.021848
1.021848
1.021848
1.021848
1.021848
1.021848
1.021848
1.021848
0.968411
0.960000
0.960000
0.960000
0.960000
0.960000
0.971133
0.998346
1.027043
1.059946
1.092107
1.115114
1.115114
1.134906
1.172014
1.215308
1.253158
1.290762
1.328365
1.356321
1.356321
1.356321
1.356321
1.356321
1.356321
1.356321
1.356321
1.356321
1.356321
1.356321
1.356321
1.356321
1.356321
1.356321
1.356321
1.356321
1.345188
1.317975
1.289278
1.256375
1.224214
1.201206
1.201206
1.181415
1.144306
1.101013
1.063162
1.025559
0.987955
0.960000
0.960000
0.960000
0.960000
0.960000
0.960000
0.960000
0.960000
0.960000
0.960000
0.960000
0.962227
0.966432
0.966432
0.966432
0.966432
0.966432
0.966432
0.966432
0.966432
0.966432
0.966432
0.966432
0.966432
0.966432
0.966432
0.966432
0.966432
0.966432
0.966432
0.966432
0.966432
0.966432
0.966432
0.966432
0.966432
0.966432
0.966432
0.966432
0.966432
0.966432
0.964206
0.960000
0.960000
0.960000
0.960000
0.960000
0.960000
0.960000
0.960000
0.960000
0.960000
0.960000
0.960000
0.960000
0.960000
0.960000
0.971627
1.004283
1.004283
1.004283
1.004283
1.004283
1.004283
1.008983
1.009231
1.009231
1.009231
1.009231
1.009231
1.009231
1.009231
1.009231
1.009231
1.009231
1.009231
1.009231
1.009231
1.009231
1.009231
1.009231
1.009231
1.009231
1.009231
1.009231
1.009231
1.009231
0.997603
0.964948
0.964948
0.964948
0.964948
0.964948
0.964948
0.960247
0.960000
0.960000
0.960000
0.960000
0.960000
0.960000
0.960000
0.960000
0.960000
0.960000
0.960000
0.960000
0.960000
0.960000
0.960000
0.960000
0.960247
0.960247
0.960247
0.960247
0.960247
0.960247
0.960247
0.960247
0.960247
0.960247
0.960247
0.960247
0.960247
0.960247
0.960247
0.960247
0.960247
0.960247
0.960247
0.960247
0.960247
0.960247
0.960247
0.960247
0.960247
0.960247
0.960247
0.960247
0.960247
0.960247
0.960000
0.960000
0.960000
0.960000
0.960000
0.960000
0.960000
0.960000
0.960000
0.960000
0.960000
0.960000
0.960247
0.960247
0.960247
0.960247
0.960247
0.960247
0.960247
0.960247
0.960247
0.960247
0.960247
0.960247
0.960247
0.960247
0.960247
0.960247
0.960247
0.960247
0.960247
0.960247
0.960247
0.960247
0.960495
0.960495
0.960495
0.960495
0.960495
0.960495
0.960742
0.960742
0.960495
0.960495
0.960495
0.960495
0.960495
0.960495
0.960495
0.960495
0.960495
0.960742
0.960742
0.960742
0.960742
0.960742
0.960742
0.960742
0.960742
0.960742
0.960742
0.960742
0.960742
0.960742
0.960495
0.960495
0.960495
0.960495
0.960495
0.960495
0.960247
0.960247
0.960247
0.960247
0.960247
0.960247
0.960247
0.960247
0.960247
0.960247
0.960247
0.960000
0.960000
0.960000
0.960000
0.960247
0.960247
0.960247
0.960247
0.960247
0.960247
0.960247
0.960247
0.960247
0.960247
0.960247
0.960247
0.960247
0.960247
0.960247
0.960247
0.960247
0.960247
0.960247
0.960247
0.960247
0.960247
0.960247
0.960247
0.960247
0.960247
0.960247
0.960247
0.960247
0.960247
0.960000
0.960000
0.960000
0.960000
0.960000
0.960000
0.960000
0.960000
0.960000
0.960000
0.960000
0.960000
0.960000
0.960000
0.960000
0.960000
0.960000
0.960000
0.960000
0.960000
0.960000
0.960000
0.960000
0.960000
0.960000
0.960000
0.960000
0.960000
0.960000
0.960000
0.960000
0.960000
0.960000
0.960000
0.960000
0.960000
0.960000
0.960000
0.960000
0.960000
0.960000
0.960000
0.960000
0.960000
0.960000
0.960000
0.960000
0.960000
0.960000
0.960000
0.960000
0.960000
0.960000
0.960000
0.960000
0.960000
0.960000
0.960000
0.960000
0.960000
0.960000
0.960000
0.960000
0.960000
0.960000
0.960000
0.960000
0.960000
0.960000
0.960000
0.960000
0.960000
0.960000
0.960000
0.960000
0.960000
0.960000
0.960000
0.960000
0.960000
0.960000
0.960000
0.960000
0.960000
0.960000
0.960000
0.960000
0.960000
0.960000
0.960000
0.960000
0.960000
0.960000
0.960000
0.960000
0.960000
0.960000
0.960000
0.960000
0.960000
0.960000
0.960000
0.960247
0.960247
0.960247
0.960247
0.960247
0.960247
0.960247
0.960247
0.960247
0.960247
0.960247
0.960247
0.960247
0.960247
0.960247
0.960247
0.960247
0.960247
0.960247
0.960247
0.960247
0.960247
0.960247
0.960247
0.960247
0.960247
0.960247
0.960247
0.960247
0.960247
0.960000
0.960000
0.960000
0.960000
0.960000
0.960000
0.960000
0.960000
0.960000
0.960000
0.960000
0.960000
0.960000
0.960000
0.960000
0.960000
0.960000
0.960000
0.960000
0.960000
0.960000
0.960000
0.960000
0.960000
0.960000
0.960000
0.960000
0.960000
0.960000
0.960000
0.960000
0.960000
0.960000
0.960000
0.960000
0.960000
0.960000
0.960000
0.960000
0.960000
0.960000
0.960000
0.960000
0.960000
0.960000
0.960000
0.960247
0.960247
0.960247
0.960247
0.960247
0.960247
0.960247
0.960247
0.960247
0.960247
0.960247
0.960247
0.960247
0.960247
0.960247
0.960247
0.960247
0.960247
0.960247
0.960247
0.960247
0.960247
0.960247
0.960247
0.960247
0.960247
0.960247
0.960247
0.960247
0.960247
0.960000
0.960000
0.960000
0.960000
0.960000
0.960000
0.960247
0.960247
0.960247
0.960247
0.960247
0.960247
0.960247
0.960247
0.960247
0.960247
0.960247
0.960247
0.960247
0.960247
0.960247
0.960247
0.960247
0.960247
0.960247
0.960247
0.960247
0.960247
0.960247
0.960247
0.960247
0.960247
0.960247
0.960247
0.960247
0.960247
0.960000
0.960000
0.960000
0.960000
0.960000
0.960000
0.960247
0.960247
0.960247
0.960247
0.960247
0.960247
0.960247
0.960247
0.960247
0.960247
0.960247
0.960247
0.999088
1.005767
1.005767
1.005767
1.005767
1.005767
1.006757
1.066131
1.066131
1.066131
1.066131
1.066131
1.066131
1.066131
1.066131
1.066131
1.066131
1.066131
1.065883
1.065883
1.065883
1.065883
1.065883
1.065883
1.065883
1.065883
1.065883
1.065883
1.065883
1.065883
1.027043
1.020363
1.020363
1.020363
1.020363
1.020363
1.019374
0.976823
0.976823
0.976823
0.976823
0.976823
0.977070
0.981523
0.981523
0.981523
0.981523
0.981523
0.981523
0.981523
0.981523
0.981523
0.981523
0.981523
0.981523
0.981523
0.981523
0.981523
0.981523
0.981523
0.981523
0.981523
0.981523
0.981523
0.981523
0.981523
0.981523
0.964700
0.964700
0.964700
0.964700
0.964700
0.964453
0.960000
0.960000
0.960000
0.960000
0.960000
0.960000
0.960000
0.960000
0.960000
0.960000
0.960000
0.960000
0.960000
0.960000
0.960000
0.960000
0.960000
0.960000
0.960000
0.960000
0.960000
0.960000
0.960000
0.960000
0.960000
0.960000
0.960000
0.960000
0.960000
0.960000
0.960000
0.960000
0.960000
0.960000
0.960000
0.960000
0.960000
0.960000
0.960000
0.960000
0.960000
0.960000
0.960000
0.960000
0.960000
0.960000
0.960000
0.960000
0.960000
0.960000
0.960000
0.960000
0.960000
0.960000
0.960000
0.960000
0.960000
0.960000
0.960000
0.960000
0.960000
0.960000
0.960000
0.960000
0.960000
0.960000
0.960000
0.960000
0.960000
0.960000
0.960000
0.960000
0.960000
0.960000
0.960000
0.960000
0.960000
0.960000
0.960000
0.960000
0.960000
0.960000
0.960000
0.960000
0.960000
0.960000
0.960000
0.960000
0.960000
0.960000
0.960000
0.960000
0.960000
0.960000
0.960000
0.960000
0.960000
0.960000
0.960000
0.960000
0.960000
0.960000
0.960000
0.960000
0.960000
0.960000
0.960000
0.960000
0.960000
0.960000
0.960000
0.960000
0.960000
0.960000
0.960000
0.960000
0.960000
0.960000
0.960000
0.960000
0.960000
0.960000
0.960000
0.960000
0.960000
0.960000
0.960000
0.960000
0.960000
0.960000
0.960000
0.960000
0.960000
0.960000
0.960000
0.960000
0.960000
0.960000
0.960000
0.960000
0.960000
0.960000
0.960000
0.960000
0.960000
0.960000
0.960000
0.960000
0.960000
0.960000
0.960000
0.960000
0.960000
0.960000
0.960000
0.960000
0.960000
0.960000
0.960000
0.960000
0.960000
0.960000
0.960000
0.960000
0.960000
0.960000
0.960000
0.960000
0.960000
0.960000
0.960000
0.960000
0.960000
0.960000
0.960000
0.960000
0.960000
0.960000
0.960000
0.960000
0.960000
0.960000
0.960000
0.960000
0.960000
0.960000
0.960000
0.960000
0.960000
0.960000
0.960000
0.960000
0.960000
0.960000
0.960000
0.960000
0.960000
0.960000
0.960000
0.960000
0.960000
0.960000
0.960000
0.960000
0.960000
0.960000
0.960000
0.960000
0.960000
0.960000
0.960000
0.960000
0.960000
0.960000
0.960000
0.960000
0.960000
0.960000
0.960000
0.960000
0.960000
0.960000
0.960000
0.960000
0.960000
0.960000
0.960000
0.960000
0.960000
0.960000
0.960000
0.960000
0.960000
0.960000
0.960000
0.960000
0.960000
0.960000
0.960000
0.960000
0.960000
0.960000
0.960000
0.960000
0.960000
0.960000
0.960000
0.960000
0.960000
0.960000
0.960000
0.960000
0.960000
0.960000
0.960000
0.960000
0.960000
0.960000
0.960000
0.960000
0.960000
0.960000
0.960000
0.960000
0.960000
0.960000
0.960000
0.960000
0.960000
0.960000
0.960000
0.960000
0.960000
0.960000
0.960000
0.960000
0.960000
0.960000
0.960000
0.960000
0.960000
0.960000
0.960000
0.960000
0.960000
0.960000
0.960000
0.960000
0.960000
0.960000
0.960000
0.960000
0.960000
0.960000
0.960000
0.960000
0.960000
0.960000
0.960000
0.960000
0.960000
0.960000
0.960000
0.960000
0.960000
0.960000
0.960000
0.960000
0.960000
0.960000
0.960000
0.960000
0.960000
0.960000
0.960000
0.960000
0.960000
0.960000
0.960000
0.960000
0.960000
0.960000
0.960000
0.962721
0.962721
0.962721
0.962721
0.962721
0.962721
0.962721
0.962721
0.962721
0.962721
0.962721
0.962721
0.962721
0.962721
0.962721
0.962721
0.962721
0.962721
0.962721
0.962721
0.962721
0.962721
0.962721
0.962721
0.962721
0.962721
0.962721
0.962721
0.962721
0.962721
0.960000
0.960000
0.960000
0.960000
0.960000
0.960000
0.960000
0.960000
0.960000
0.960000
0.960000
0.960000
0.964206
0.964206
0.987708
1.007252
1.007252
1.022590
1.022590
1.022590
1.022590
1.022590
1.022590
1.022590
1.022590
1.022590
1.022590
1.022590
1.022837
1.022837
1.022837
1.022837
1.022837
1.022837
1.022837
1.022837
1.022837
1.022837
1.022837
1.022837
1.022837
1.022837
1.018632
1.018632
0.995130
0.975586
0.975586
0.960247
0.960247
0.960247
0.960247
0.960247
0.960247
0.960247
0.960247
0.960247
0.960247
0.960247
0.960000
0.960000
0.960000
0.960000
0.960000
0.960000
0.960000
0.960000
0.960000
0.960000
0.960000
0.960000
0.960000
0.960000
0.960000
0.960000
0.960000
0.960000
0.960000
0.960000
0.960000
0.960000
0.960000
0.960000
0.960000
0.960000
0.960000
0.960000
0.960000
0.960000
0.960000
0.960000
0.960000
0.960000
0.960000
0.960000
0.960000
0.960000
0.960000
0.960000
0.960000
0.960000
0.960000
0.960000
0.960000
0.960000
0.960000
0.960000
0.960000
0.960000
0.960000
0.960000
0.960000
0.960000
0.960000
0.960000
0.960000
0.960000
0.960000
0.960000
0.960000
0.960000
0.960000
0.960000
0.960000
0.960000
0.960000
0.960000
0.960000
0.960000
0.960000
0.960000
0.960000
0.960000
0.960000
0.960000
0.960000
0.960000
0.960000
0.960000
0.960000
0.960000
0.960000
0.960000
0.960000
0.960000
0.960000
0.960000
0.960000
0.960000
0.960000
0.960000
0.960000
0.960000
0.960000
0.960000
0.960000
0.960000
0.960000
0.960000
0.960000
0.960000
0.960000
0.960000
0.960000
0.960000
0.960000
0.960000
0.960000
0.960000
0.960000
0.960000
0.960000
0.960000
0.960000
0.960000
0.960000
0.960000
0.960000
0.960000
0.960000
0.960000
0.960000
0.960000
0.960000
0.960000
0.960000
0.960000
0.960000
0.960000
0.960000
0.960000
0.960000
0.960000
0.960000
0.960000
0.960000
0.960000
0.960000
0.960000
0.960000
0.960000
0.960000
0.960000
0.960000
0.960000
0.960000
0.960000
0.960000
0.960000
0.960000
0.960000
0.960000
0.960000
0.960000
0.960000
0.972617
1.001809
1.001809
1.001809
1.001809
1.001809
1.001809
1.001809
1.001809
1.001809
1.001809
1.001809
1.001809
1.001809
1.001809
1.001809
1.001809
1.001809
1.001809
1.001809
1.001809
1.001809
1.001809
1.001809
1.001809
1.001809
1.001809
1.001809
1.001809
1.001809
0.989192
0.960000
0.960000
0.960000
0.960000
0.960000
0.960000
0.960000
0.960000
0.960000
0.960000
0.960000
0.960000
0.960000
0.960000
0.960000
0.960000
0.960000
0.960000
0.960000
0.960000
0.960000
0.960000
0.960000
0.960000
0.960000
0.960000
0.960000
0.960000
0.960000
0.960000
0.960000
0.960000
0.960000
0.960000
0.960000
0.960000
0.960000
0.960000
0.960000
0.960000
0.960000
0.960000
0.960247
0.960247
0.960247
0.960247
0.960247
0.960247
0.960247
0.960247
0.960247
0.960247
0.960247
0.960247
0.960247
0.960247
0.960247
0.960247
0.960247
0.960247
0.960247
0.960247
0.960247
0.960247
0.960247
0.960247
0.960247
0.960247
0.960247
0.960247
0.960247
0.960247
0.960000
0.960000
0.960000
0.960247
0.960247
0.960247
0.960247
0.960247
0.960247
0.960247
0.960247
0.960247
0.960247
0.960247
0.960247
0.960247
0.960247
0.960247
0.960247
0.960247
0.960247
0.960247
0.960247
0.960247
0.960247
0.960247
0.960247
0.960247
0.960247
0.960247
0.960247
0.960247
0.960247
0.960000
0.960000
0.960000
0.960000
0.960000
0.960000
0.960000
0.960000
0.960000
0.960000
0.960000
0.960000
0.960000
0.960000
0.960000
0.960000
0.960000
0.960000
0.960000
0.960000
0.960000
0.960000
0.960247
0.960247
0.960247
0.960247
0.960247
0.960247
0.960247
0.960247
0.960247
0.960247
0.960247
0.960247
0.960247
0.960247
0.960247
0.960247
0.960247
0.960247
0.960247
0.960247
0.960247
0.960247
0.960247
0.960247
0.960247
0.960247
0.960247
0.960247
0.960247
0.960247
0.960000
0.960000
0.960000
0.960000
0.960000
0.960000
0.960000
0.960000
0.960000
0.960000
0.960000
0.960000
0.960000
0.960000
0.960000
0.960000
0.960000
0.960247
0.960247
0.960247
0.960247
0.960247
0.960247
0.960247
0.960247
0.960247
0.960247
0.960247
0.960247
0.960247
0.960247
0.960247
0.960247
0.960247
0.960247
0.960247
0.960495
0.960495
0.960495
0.960495
0.960495
0.960495
0.960495
0.960495
0.960495
0.960495
0.960495
0.960247
0.960247
0.960247
0.960247
0.960247
0.960247
0.960247
0.960247
0.960247
0.960247
0.960247
0.960247
0.960247
0.960247
0.960247
0.960247
0.960247
0.960247
0.960247
0.960000
0.960000
0.960000
0.960000
0.960000
0.960000
0.960000
0.960000
0.960000
0.960000
0.960000
0.960000
0.960000
0.960000
0.960000
0.960000
0.960000
0.960000
0.960000
0.960000
0.960000
0.960000
0.960000
0.960000
0.960247
0.960247
0.960247
0.960247
0.960247
0.960247
0.960247
0.960247
0.960247
0.960247
0.960247
0.960247
0.960247
0.960247
0.960247
0.960247
0.960247
0.960247
0.960247
0.960247
0.960247
0.960247
0.960495
0.960495
0.960495
0.960495
0.960495
0.960495
0.960495
0.960495
0.960247
0.960247
0.960247
0.960247
0.960247
0.960247
0.960247
0.960247
0.960247
0.960247
0.960247
0.960247
0.960247
0.960247
0.960247
0.960247
0.960247
0.960247
0.960247
0.960247
0.960247
0.960247
0.960000
0.960000
0.960000
0.960000
0.960000
0.960000
0.960000
0.960000
0.960000
0.960000
0.960000
0.960000
0.960000
0.960000
0.960000
0.960000
0.960000
0.960000
0.960247
0.960247
0.960247
0.960247
0.960247
0.960247
0.960247
0.960247
0.960247
0.960247
0.960247
0.960247
0.960247
0.960247
0.960247
0.960247
0.960495
0.960495
0.960495
0.960495
0.960495
0.960495
0.960742
0.960742
0.960742
0.960742
0.960742
0.960742
0.960742
0.960742
0.960495
0.960495
0.960495
0.960742
0.960742
0.960742
0.960742
0.960742
0.960742
0.960742
0.960742
0.960742
0.960742
0.960742
0.960742
0.960742
0.960495
0.960495
0.960495
0.960495
0.960495
0.960495
0.960247
0.960247
0.960247
0.960247
0.960495
0.960495
0.960495
0.960495
0.960495
0.960495
0.960495
0.960495
0.960495
0.960495
0.960495
0.960495
0.960495
0.960495
0.960495
0.960495
0.960495
0.960495
0.960495
0.960495
0.960742
0.960742
0.960742
0.960742
0.960742
0.960742
0.960742
0.960742
0.960742
0.960742
0.960495
0.960495
0.960495
0.960495
0.960495
0.960495
0.960495
0.960247
0.960495
0.960495
0.960495
0.960495
0.960495
0.960495
0.960742
0.960742
0.960990
0.960990
0.960990
0.960990
0.960742
0.960742
0.960742
0.960990
0.960990
0.960990
0.960990
0.960990
0.960990
0.960990
0.960990
0.960990
0.960990
0.960990
0.960990
0.960990
0.960990
0.960990
0.960742
0.960742
0.960742
0.960742
0.960742
0.960742
0.960495
0.960495
0.960247
0.960247
0.960247
0.960247
0.960247
0.960495
0.960495
0.960495
0.960495
0.960495
0.960495
0.960495
0.960495
0.960495
0.960495
0.960495
0.960495
0.960495
0.960495
0.960495
0.960495
0.960495
0.960742
0.960742
0.960742
0.960990
0.961237
0.961237
0.961237
0.961237
0.961237
0.961237
0.961237
0.961237
0.961484
0.961237
0.961237
0.960990
0.960990
0.960990
0.960990
0.960990
0.960990
0.960990
0.960990
0.961237
0.961237
0.961237
0.961237
0.961237
0.961237
0.961237
0.960990
0.960990
0.960990
0.960742
0.960495
0.960495
0.960495
0.960495
0.960990
0.960990
0.960990
0.960990
0.960742
0.960742
0.960742
0.960742
0.960742
0.960742
0.960990
0.960990
0.960990
0.960990
0.960990
0.960742
0.960742
0.960742
0.960742
0.960742
0.960742
0.960742
0.960742
0.960990
0.960990
0.960990
0.960990
0.960990
0.961237
0.961237
0.960742
0.960742
0.960742
0.960742
0.960742
0.960742
0.960742
0.960742
0.960742
0.960742
0.960495
0.960495
0.960495
0.960495
0.960495
0.960495
0.960495
0.960742
0.960742
0.960742
0.960742
0.960742
0.960990
0.960742
0.960742
0.960742
0.960742
0.960742
0.960495
0.960495
0.960495
0.960495
0.960742
0.960742
0.960742
0.960990
0.960990
0.960990
0.960990
0.960990
0.961237
0.961237
0.961237
0.961237
0.961237
0.961237
0.961237
0.960990
0.960990
0.960990
0.960990
0.960990
0.960742
0.960742
0.960742
0.960742
0.960742
0.960742
0.960742
0.960742
0.960742
0.960742
0.960495
0.960495
0.960495
0.960247
0.960247
0.960247
0.960247
0.960495
0.960247
0.960247
0.960247
0.960247
0.960495
0.960495
0.960742
0.960742
0.960742
0.960742
0.960742
0.960742
0.960742
0.960742
0.960742
0.960742
0.960742
0.960742
0.960742
0.960742
0.960742
0.960742
0.960742
0.960742
0.960742
0.960742
0.960742
0.960742
0.960742
0.960495
0.960495
0.960495
0.960495
0.960495
0.960247
0.960247
0.960000
0.960000
0.960000
0.960000
0.960247
0.960247
0.960247
0.960247
0.960247
0.960247
0.960247
0.960247
0.960247
0.960247
0.960247
0.960247
0.960247
0.960247
0.960247
0.960247
0.960247
0.960247
0.960247
0.960247
0.960247
0.960247
0.960247
0.960247
0.960247
0.960247
0.960247
0.960247
0.960247
0.960247
0.960000
0.960000
0.960000
0.960000
0.960000
0.960000
0.960000
0.960000
0.960000
0.960000
0.960000
0.960000
0.960000
0.960000
0.960000
0.960000
0.960495
0.960495
0.960495
0.960495
0.960495
0.960742
0.960742
0.960742
0.960742
0.960742
0.960742
0.960742
0.960742
0.960742
0.960742
0.960742
0.960742
0.960742
0.960742
0.960742
0.960990
0.960990
0.960990
0.960990
0.960990
0.960990
0.960990
0.960990
0.960990
0.960990
0.960495
0.960495
0.960495
0.960495
0.960495
0.960247
0.960247
0.960247
0.960247
0.960247
0.960247
0.960247
0.960247
0.960247
0.960247
0.960247
0.960247
0.960495
0.960495
0.960495
0.960247
0.960247
0.960247
0.960247
0.960247
0.960247
0.960247
0.960247
0.960247
0.960247
0.960247
0.960247
0.960247
0.960247
0.960247
0.960247
0.960247
0.960247
0.960247
0.960247
0.960247
0.960247
0.960247
0.960247
0.974349
1.002799
1.002799
1.002551
1.002551
1.002551
1.002551
1.002551
1.002551
1.002551
1.002551
1.002551
1.002551
1.002551
1.002551
1.002551
1.002551
1.002551
1.002551
1.002551
1.002551
1.002551
1.002551
1.002551
1.002551
1.002551
1.002551
1.002551
1.002551
1.002551
0.988697
0.960247
0.960247
0.960247
0.960247
0.960495
0.960495
0.960495
0.960495
0.960495
0.960495
0.960495
0.960495
0.960495
0.960495
0.960495
0.960495
0.960495
0.960495
0.969896
0.996119
1.014426
1.014426
1.014921
1.015168
1.015168
1.015168
1.023827
1.027538
1.027538
1.027290
1.027290
1.029517
1.031743
1.031743
1.031496
1.031496
1.031496
1.031496
1.031496
1.031496
1.031496
1.031496
1.091117
1.091117
1.091117
1.091117
1.092602
1.092602
1.083201
1.056977
1.038670
1.038670
1.038176
1.037928
1.037928
1.038176
1.029517
1.025806
1.025806
1.027538
1.027538
1.025311
1.023085
1.023085
1.023085
1.023085
1.023085
1.023085
1.023085
1.023085
1.023085
1.023085
0.963463
0.963463
0.963463
0.963463
0.962227
0.962227
0.962227
0.962227
0.962227
0.962227
0.962474
0.962474
0.962474
0.962227
0.962474
0.962474
0.962474
0.960742
0.960742
0.960742
0.960742
0.960742
0.960742
0.960742
0.960742
0.960742
0.960742
0.965937
0.965937
0.965937
0.965937
0.965937
0.967422
0.974596
0.974349
0.974349
0.974349
0.974349
0.974349
0.974349
0.980286
0.980286
0.980286
0.980286
0.980039
0.980039
0.980039
0.980039
0.980286
0.980286
0.980286
0.980286
0.980286
0.980286
0.980286
0.980286
0.980286
0.975091
0.975091
0.975091
0.975091
0.975091
0.973607
0.966432
0.967174
0.967174
0.967174
0.969153
0.969153
0.969153
0.962969
0.962969
0.962969
0.962969
0.962969
0.962969
0.962969
0.962969
0.962721
0.962721
0.962721
0.962721
0.962721
0.962721
0.962721
0.962721
0.962721
0.962721
0.962721
0.962721
0.962721
0.962721
0.962721
0.962721
0.961979
0.961979
0.961979
0.960000
0.960000
0.960000
0.960000
0.960000
0.961732
0.983502
0.995130
1.000820
1.000820
1.000820
1.000820
1.000820
1.000820
1.000820
1.000820
1.000820
1.003046
1.003046
1.003293
1.003293
1.063162
1.063162
1.063162
1.063162
1.068852
1.068852
1.068852
1.074542
1.079243
1.079243
1.087406
1.087406
1.094828
1.096312
1.094581
1.096312
1.112640
1.135400
1.163850
1.192300
1.220750
1.248458
1.251179
1.277650
1.304616
1.318717
1.332324
1.332324
1.332076
1.332076
1.272208
1.272208
1.272208
1.272208
1.266518
1.266518
1.266518
1.260828
1.256127
1.256127
1.247963
1.247963
1.240542
1.239057
1.239057
1.215555
1.187600
1.159150
1.130700
1.102250
1.073800
1.046092
1.043371
1.016900
0.989934
0.975833
0.960000
0.960000
0.960000
0.960000
0.960000
0.960000
0.960000
0.960000
0.960000
0.960000
0.960000
0.960000
0.960000
0.960000
0.960000
0.960000
0.960000
0.960000
0.960000
0.960000
0.960000
0.960000
0.960247
0.962227
0.968659
0.968659
0.968659
0.968659
0.968659
0.972122
0.977812
0.977812
0.977812
0.978554
0.978554
0.978554
0.978554
0.978554
0.978554
0.978554
0.978554
0.981028
0.981028
0.981028
0.991419
0.991419
1.014426
1.041886
1.069347
1.069347
1.069842
1.069842
1.069842
1.079243
1.080232
1.080479
1.080479
1.080479
1.080479
1.077016
1.071326
1.071326
1.071326
1.070584
1.070584
1.070584
1.070584
1.079490
1.098292
1.100518
1.100518
1.098044
1.098539
1.098539
1.088149
1.088149
1.065389
1.037928
1.010468
1.010468
1.009973
1.009973
1.009726
0.998346
0.990924
0.990676
0.990676
0.990676
0.990676
0.990676
0.990676
0.992408
0.994387
0.994387
0.994387
0.994387
0.996614
0.987708
0.971875
0.969648
0.969648
0.969648
0.969153
0.969153
0.969153
0.969153
0.968906
0.968906
0.968906
0.969153
0.973112
1.028280
1.031991
1.031991
1.031991
1.031991
1.031991
1.031991
1.031991
1.044608
1.052277
1.050545
1.048566
1.048566
1.048566
1.048566
1.065636
1.067615
1.064646
1.064646
1.064646
1.064646
1.064646
1.064646
1.064646
1.064646
1.064646
1.064646
1.064646
1.064399
1.060441
1.005273
1.001562
1.001562
1.001562
1.001562
1.001562
1.001562
1.001562
0.988945
0.981276
0.981276
0.981276
0.981276
0.981276
0.981276
0.961979
0.960000
0.960000
0.960000
0.960000
0.960000
0.960000
0.960000
0.960000
0.960000
0.960000
0.960000
0.960000
0.960000
0.960000
0.960000
0.960000
0.960000
0.960000
0.960000
0.960000
0.960000
0.960000
0.960000
0.960247
0.960247
0.960247
0.960247
0.960247
0.960247
0.960247
0.960247
0.960247
0.960247
0.960247
0.960247
0.960247
0.960247
0.960247
0.960247
0.960247
0.960247
0.960247
0.960247
0.960247
0.960247
0.960247
0.960247
0.960247
0.960247
0.960247
0.960247
0.960247
0.960247
0.960000
0.960000
0.960000
0.960000
0.960000
0.960000
0.960000
0.960000
0.960000
0.960000
0.960000
0.960000
0.960000
0.960000
0.960000
0.960000
0.960000
0.960000
0.960000
0.960000
0.960000
0.960000
0.960000
0.960000
0.960000
0.960000
0.960000
0.960000
0.960000
0.960000
0.960000
0.960000
