0.960000
0.960000
0.960000
0.960000
0.960000
0.960000
0.960000
0.960000
0.960000
0.960000
0.960000
0.960000
0.960000
0.960000
0.960000
0.960000
0.960000
0.960000
0.960000
0.960000
0.960000
0.960000
0.960000
0.960000
0.960000
0.973722
0.985798
0.985798
1.011046
1.012144
1.012144
1.012144
1.012144
1.012144
1.012144
1.012144
1.012144
1.012144
1.012144
1.012144
1.012144
1.012144
1.012144
1.012144
1.012144
1.012144
1.012144
1.012144
1.012144
1.012144
1.012144
1.012144
1.012144
1.012144
1.012144
0.998422
0.986346
0.986346
0.961098
0.960000
0.960000
0.960000
0.960000
0.960000
0.960000
0.960000
0.960000
0.960000
0.960000
0.960000
0.960000
0.960000
0.960000
0.960000
0.960000
0.960000
0.960000
0.960000
0.960000
0.960000
0.960000
0.960000
0.960000
0.960000
0.960000
0.960000
0.960000
0.960000
0.960000
0.960000
0.960000
0.960000
0.960000
0.960000
0.960000
0.960549
0.960549
0.960549
0.960549
0.960549
0.960549
0.960549
0.960549
0.960549
0.960549
0.960549
0.960549
0.960549
0.960549
0.960549
0.960549
0.960549
0.960549
0.985249
0.985798
0.985798
0.985798
0.985798
0.985798
0.985798
0.985798
0.985798
0.985798
0.985798
0.985798
0.985249
0.985249
0.985249
0.985249
0.985249
0.985249
0.985249
0.985249
0.985249
0.985249
0.985249
0.985249
0.985249
0.985249
0.985249
0.985249
0.985249
0.985249
0.960549
0.960000
0.960000
0.960000
0.960000
0.960000
0.960000
0.960000
0.960000
0.960000
0.960000
0.960000
0.960000
0.960000
0.960000
0.960000
0.960000
0.960000
0.960000
0.960000
0.960000
0.960000
0.960000
0.960000
0.960000
0.960000
0.960000
0.960000
0.960000
0.960000
0.960000
0.960000
0.960000
0.960000
0.960000
0.960000
0.960000
0.960000
0.960000
0.960000
0.960000
0.960000
0.960000
0.960000
0.960000
0.960000
0.960000
0.960000
0.960000
0.960000
0.960000
0.960000
0.960000
0.960000
0.960000
0.960000
0.960000
0.960000
0.960000
0.960000
0.960000
0.960000
0.960000
0.960000
0.960000
0.960000
0.960000
0.960000
0.960000
0.960000
0.960000
0.960000
0.960000
0.960000
0.960000
0.960000
0.960000
0.960000
0.960000
0.960000
0.960000
0.960000
0.960000
0.960000
0.960000
0.960000
0.960000
0.960000
0.960000
0.960000
0.960000
0.960000
0.960000
0.960000
0.960000
0.960000
0.960000
0.960000
0.960000
0.960000
0.960000
0.960000
0.960000
0.960000
0.960000
0.960000
0.960000
0.960000
0.960000
0.960000
0.960000
0.960000
0.960000
0.960000
0.960000
0.960000
0.960000
0.960000
0.960000
0.960000
0.960000
0.960000
0.960000
0.960000
0.960000
0.960000
0.960000
0.960000
0.960000
0.960000
0.960000
0.960000
0.960000
0.960000
0.960000
0.960000
0.960000
0.960000
0.960000
0.960000
0.960000
0.960000
0.960000
0.960000
0.960000
0.960000
0.960000
0.960000
0.960000
0.960000
0.960000
0.960000
0.960000
0.960000
0.960000
0.960000
0.960000
0.960000
0.960000
0.960000
0.960000
0.960000
0.960000
0.960000
0.960000
0.960000
0.960000
0.960000
0.960000
0.960000
0.960000
0.960000
0.960000
0.960000
0.960000
0.960000
0.960000
0.960000
0.960000
0.960000
0.968782
0.987993
0.987993
0.987993
0.987993
0.987993
0.987993
0.987993
0.987993
0.987993
0.987993
0.987993
0.987993
0.987993
0.987993
0.987993
0.987993
0.987993
0.987993
0.987993
0.987993
0.987993
0.987993
0.987993
0.987993
1.001166
1.013791
1.013791
1.013791
1.013791
1.005009
0.985798
0.985798
0.985798
0.985798
0.985798
0.985798
0.990738
0.990738
0.990738
0.990738
0.990738
0.990738
0.990738
0.990738
0.993482
0.994031
0.994031
0.994031
0.994031
0.994031
0.994031
0.994031
0.994031
0.994031
0.980858
0.968233
0.968233
0.968233
0.968233
0.994580
1.000069
1.000069
1.003911
1.006655
1.006655
1.006655
1.006106
1.006106
1.006106
1.006106
1.006106
1.006106
1.006106
1.006106
1.003362
1.002813
1.002813
1.002813
1.002813
1.002813
1.002813
1.002813
1.002813
1.002813
1.002813
1.002813
1.002813
1.002813
1.002813
0.976467
0.970978
0.970978
0.967136
0.964391
0.964391
0.964391
0.960000
0.960000
0.960000
0.960000
0.960000
0.960000
0.960000
0.960000
0.960000
0.960000
0.960000
0.960000
0.960000
0.960000
0.960000
0.960000
0.962744
0.963842
0.963842
0.963842
0.963842
0.963842
0.963842
0.963842
0.963842
0.968782
0.971527
0.973722
0.976467
0.976467
0.981955
1.001166
1.001166
1.004460
1.004460
1.004460
1.004460
1.004460
1.004460
1.004460
1.004460
1.004460
1.004460
1.004460
1.004460
1.004460
1.001715
1.000617
1.000617
1.000617
1.000617
1.000617
1.000617
1.000617
1.000617
0.995678
0.992933
0.990738
0.987993
0.987993
0.982504
0.963293
0.963293
0.960000
0.960000
0.960000
0.960000
0.960000
0.960000
0.960000
0.960000
0.960000
0.960000
0.960000
0.960000
0.960000
0.960000
0.960000
0.960000
0.960000
0.960000
0.960000
0.960000
0.960000
0.960000
0.960000
0.960000
0.960000
0.960000
0.960000
0.960000
0.960000
0.960000
0.960000
0.960000
0.960000
0.960000
0.960000
0.960000
0.960000
0.960000
0.960000
0.960000
0.960000
0.960000
0.960000
0.960000
0.960000
0.960000
0.960000
0.960000
0.960000
0.960000
0.960000
0.960000
0.960000
0.960000
0.960000
0.960000
0.960000
0.960000
0.960000
0.960000
0.960000
0.960000
0.960000
0.960000
0.960000
0.960000
0.960000
0.960000
0.960000
0.960000
0.960000
0.960000
0.960000
0.960000
0.960000
0.960000
0.960000
0.960000
0.960000
0.960000
0.960000
0.960000
0.960000
0.960000
0.960000
0.960000
0.960000
0.960000
0.960000
0.960000
0.960000
0.960000
0.960000
0.960000
0.960000
0.960000
0.960000
0.960000
0.960000
0.960000
0.960000
0.960000
0.960000
0.960000
0.960000
0.960000
0.960000
0.960000
0.960000
0.960000
0.960000
0.960000
0.960000
0.960000
0.960000
0.960000
0.960000
0.960000
0.960000
0.960000
0.960000
0.960000
0.960000
0.960000
0.960000
0.960000
0.960000
0.960000
0.960000
0.960000
0.960000
0.960000
0.960000
0.960000
0.960000
0.960000
0.960000
0.960000
0.960000
0.960000
0.960000
0.960000
0.960000
0.960000
0.960000
0.960000
0.960000
0.960000
0.960000
0.960000
0.960000
0.960000
0.960000
0.960000
0.960000
0.960000
0.960000
0.960000
0.960000
0.960000
0.960000
0.960000
0.960000
0.960000
0.960000
0.960000
0.960000
0.960000
0.960000
0.960000
0.960000
0.960000
0.960000
0.960000
0.960000
0.960000
0.960000
0.960000
0.960000
0.960000
0.960000
0.960000
0.960000
0.960000
0.960000
0.960000
0.960000
0.960000
0.964391
0.964391
0.964391
0.964391
0.964391
0.964391
0.964391
0.964391
0.964391
0.964391
0.964391
0.964391
0.964391
0.964391
0.964391
0.964391
0.964391
0.964391
0.964391
0.964391
0.964391
0.964391
0.964391
0.964391
0.964391
0.964391
0.964391
0.964391
0.964391
0.964391
0.960000
0.960000
0.966038
0.966587
0.966587
0.966587
0.966587
0.966587
0.966587
0.966587
0.966587
0.966587
0.972075
1.001166
1.001715
1.014340
1.023122
1.023122
1.023122
1.023122
1.023122
1.023122
1.023122
1.023122
1.023122
1.023122
1.023122
1.023122
1.023122
1.023122
1.023122
1.023122
1.017084
1.016535
1.016535
1.016535
1.016535
1.016535
1.016535
1.016535
1.016535
1.016535
1.011046
0.981955
0.981407
0.968782
0.960000
0.960000
0.960000
0.960000
0.960000
0.960000
0.960000
0.960000
0.960000
0.960000
0.960000
0.960000
0.960000
0.960000
0.960000
0.960000
0.960000
0.960000
0.960000
0.960000
0.960000
0.960000
0.960000
0.960000
0.960000
0.960000
0.960000
0.960000
0.960000
0.960000
0.960000
0.960000
0.960000
0.960000
0.960000
0.960000
0.960000
0.960000
0.960000
0.960000
0.967136
0.983053
0.983053
0.983053
0.983053
0.983053
0.983053
0.983053
0.983053
0.983053
0.983053
0.983053
0.983053
0.983053
0.983053
0.983053
0.983053
0.983053
0.983053
0.983053
0.983053
0.983053
0.983053
0.983053
0.983053
0.983053
0.983053
0.983053
0.983053
0.983053
0.975918
0.960000
0.960000
0.960000
0.960000
0.960000
0.960000
0.960000
0.960000
0.960000
0.960000
0.960000
0.960000
0.960000
0.960000
0.960000
0.960000
0.960000
0.960000
0.960000
0.960000
0.960000
0.960000
0.960000
0.960000
0.960000
0.960000
0.960000
0.960000
0.960000
0.960000
0.960000
0.960000
0.960000
0.960000
0.960000
0.960000
0.960000
0.960000
0.960000
0.960000
0.960000
0.960000
0.960000
0.960000
0.960000
0.960000
0.960000
0.960000
0.960000
0.960000
0.960000
0.960000
0.960000
0.960000
0.960000
0.960000
0.960000
0.960000
0.960000
0.960000
0.960000
0.960000
0.960000
0.960000
0.960000
0.960000
0.960000
0.960000
0.960000
0.960000
0.960000
0.960000
0.960000
0.960000
0.960000
0.960000
0.960000
0.960000
0.960000
0.960000
0.960000
0.960000
0.960000
0.960000
0.960000
0.960000
0.960000
0.960000
0.960000
0.960000
0.988542
0.999520
1.019280
1.042333
1.071973
1.094477
1.113688
1.133448
1.152110
1.171321
1.189983
1.202607
1.202607
1.202607
1.202607
1.202607
1.203156
1.224014
1.242127
1.260789
1.279451
1.297564
1.316226
1.334340
1.346415
1.346415
1.346415
1.346415
1.346415
1.346415
1.334889
1.328302
1.308542
1.285489
1.255849
1.233345
1.214134
1.194374
1.180652
1.164734
1.146621
1.133997
1.133997
1.137839
1.137839
1.137839
1.164185
1.145523
1.127410
1.108748
1.090086
1.071973
1.053310
1.035197
1.023122
1.023122
1.023122
1.023122
1.023122
1.023122
1.006106
1.001715
1.001715
1.001715
1.001715
1.001715
1.001715
1.001715
0.996775
0.993482
0.992933
0.992933
0.992933
0.989091
0.989091
0.989091
0.962196
0.960000
0.960000
0.960000
0.960000
0.960000
0.960000
0.960000
0.960000
0.960000
0.960000
0.960000
0.960000
0.960000
0.960000
0.960000
0.960000
0.960000
0.960000
0.960000
0.960000
0.960000
0.960000
0.960000
0.960000
0.960000
0.960000
0.960000
0.960000
0.960000
0.960000
0.960000
0.960000
0.960000
0.960000
0.960000
0.960000
0.960000
0.960000
0.960000
0.961098
0.979760
0.995129
0.998422
1.004460
1.005009
1.005009
1.005009
1.005009
1.005009
1.005009
1.006106
1.014889
1.014889
1.014889
1.014889
1.014889
1.014889
1.014889
1.014889
1.014889
1.014889
1.014889
1.014889
1.014889
1.014889
1.014889
1.014889
1.014889
1.014889
1.013791
0.995129
0.979760
0.976467
0.970429
0.969880
0.969880
0.969880
0.969880
0.969880
0.969880
0.968782
0.960000
0.960000
0.960000
0.960000
0.960000
0.960000
0.960000
0.960000
0.960000
0.960000
0.960000
0.960000
0.960000
0.960000
0.960000
0.960000
0.960000
0.960000
0.960000
0.960000
0.960000
0.960000
0.960000
0.960000
0.960000
0.960000
0.960000
0.960000
0.960000
0.960549
0.965489
0.965489
0.965489
0.965489
0.965489
0.965489
0.965489
0.965489
0.968782
0.968782
0.968782
0.968782
0.971527
0.977015
0.979760
0.985798
0.986346
0.992933
0.998971
1.000069
1.000069
1.003911
1.017633
1.027513
1.042333
1.047822
1.051664
1.067033
1.071424
1.070875
1.065935
1.065935
1.065935
1.065935
1.065935
1.070875
1.079108
1.079657
1.076364
1.076364
1.076364
1.076364
1.073619
1.068130
1.065386
1.059348
1.058799
1.052213
1.046175
1.045077
1.045077
1.041235
1.027513
1.017633
1.002813
0.997324
0.993482
0.978113
0.973722
0.973722
0.973722
0.995129
0.998971
0.999520
0.999520
0.994580
0.986346
1.016535
1.019280
1.024768
1.029160
1.041784
1.041784
1.041784
1.052762
1.054957
1.054957
1.054957
1.054957
1.057153
1.067033
1.068130
1.068130
1.068130
1.068130
1.068130
1.068130
1.068130
1.068130
1.068130
1.068130
1.068130
1.064837
1.064288
1.064288
1.064288
1.064288
1.033551
1.030806
1.025317
1.020926
1.008302
1.033002
1.037942
1.060446
1.117530
1.182298
1.254202
1.317324
1.331046
1.321166
1.320069
1.320069
1.331046
1.336535
1.336535
1.336535
1.336535
1.336535
1.336535
1.336535
1.315129
1.314580
1.314580
1.314580
1.314580
1.314580
1.314580
1.314580
1.314580
1.314580
1.314580
1.289880
1.284940
1.251458
1.192178
1.127410
1.055506
0.992384
0.976467
0.976467
0.976467
0.976467
0.965489
0.960000
0.960000
0.960000
0.960000
0.960000
0.975369
0.986895
0.986895
0.986895
0.986895
0.986895
0.986895
0.986895
0.986895
0.986895
0.986895
0.986895
0.986895
0.986895
0.986895
0.986895
0.986895
0.986895
0.986895
0.986895
0.986895
0.986895
0.986895
0.986895
0.986895
0.986895
1.000617
1.048919
1.071424
1.111492
1.117530
1.126861
1.147719
1.168576
1.187787
1.188885
1.188885
1.188885
1.188885
1.188885
1.188885
1.188885
1.188885
1.188885
1.188885
1.188885
1.188885
1.188885
1.188885
1.188885
1.188885
1.188885
1.188885
1.188885
1.188885
1.188885
1.175163
1.126861
1.104357
1.064288
1.042882
1.022024
1.001166
0.980309
0.961098
0.960000
0.960000
0.960000
0.960000
0.960000
0.960000
0.960000
0.960000
0.960000
0.960000
0.960000
0.960000
0.960000
0.960000
0.960000
0.960000
0.997873
1.030806
1.033002
1.033002
1.033002
1.047273
1.088988
1.131252
1.137839
1.137839
1.144974
1.144974
1.144974
1.144974
1.144974
1.144974
1.144974
1.144974
1.144974
1.144974
1.144974
1.144974
1.144974
1.144974
1.149365
1.149365
1.153756
1.153756
1.153756
1.158148
1.120274
1.090635
1.088988
1.107650
1.113688
1.099417
1.057702
1.020926
1.014340
1.014340
1.007204
1.007204
1.007204
1.007204
1.007204
1.007204
1.007204
1.007204
1.007204
1.007204
1.007204
1.007204
1.007204
1.007204
1.002813
1.002813
0.998422
0.998422
0.998422
0.994031
0.994031
0.990738
0.990189
0.971527
0.965489
0.965489
0.965489
0.960000
0.960000
0.960000
0.960000
0.960000
0.960000
0.960000
0.960000
0.960000
0.960000
0.960000
0.960000
0.960000
0.960000
0.960000
0.960000
0.960000
0.960000
0.960000
0.960000
0.960000
0.960000
0.960000
0.960000
0.960000
0.960000
0.960000
0.960000
0.960000
0.960000
0.960000
0.960000
0.960000
0.960000
0.960000
0.960000
0.960000
0.960000
0.960000
0.960000
0.960000
0.960000
0.960000
0.960000
0.960000
0.960000
0.960000
0.960000
0.960000
0.960000
0.960000
0.960000
0.960000
0.960000
0.960000
0.960000
0.960000
0.960000
0.960000
0.960000
0.960000
0.960000
0.960000
0.960000
0.960000
0.960000
0.960000
0.960000
0.960000
0.960000
0.960000
0.960000
0.960000
0.960000
0.960000
0.960000
0.960000
0.960000
0.960000
0.960000
0.960000
0.960000
0.960000
0.960000
0.960000
0.960000
0.960000
0.960000
0.960000
0.960000
0.960000
0.960000
0.960000
0.960000
0.960000
0.960000
0.960000
0.960000
0.960000
0.960000
0.960000
0.960000
0.960000
0.960000
0.960000
0.960000
0.960000
0.960000
0.960000
0.960000
0.960000
0.960000
0.960000
0.960000
0.960000
0.960000
0.960000
0.960000
0.960000
0.960000
0.960000
0.960000
0.960000
0.960000
0.960000
0.960000
0.960000
0.960000
0.960000
0.960000
0.960000
0.960000
0.960000
0.960000
0.960000
0.960000
0.960000
0.960000
0.960000
0.960000
0.960000
0.960000
0.960000
0.960000
0.960000
0.960000
0.960000
0.960000
0.960000
0.960000
0.960000
0.960000
0.960000
0.960000
0.960000
0.960000
0.960000
0.960000
0.960000
0.960000
0.960000
0.960000
0.960000
0.960000
0.960000
0.960000
0.960000
0.960000
0.960000
0.960000
0.960000
0.960000
0.960000
0.960000
0.960000
0.960000
0.960000
0.960000
0.960000
0.960000
0.960000
0.960000
0.960000
0.960000
0.960000
0.960000
0.960000
0.960000
0.960000
0.960000
0.960000
0.960000
0.960000
0.960000
0.960000
0.960000
0.960000
0.960000
0.960000
0.960000
0.960000
0.960000
0.960000
0.960549
0.988542
0.989091
0.989091
0.989091
0.989091
0.989091
1.005009
1.016535
1.016535
1.016535
1.016535
1.016535
1.016535
1.016535
1.016535
1.016535
1.016535
1.016535
1.016535
1.016535
1.016535
1.016535
1.016535
1.016535
1.016535
1.016535
1.016535
1.016535
1.016535
1.015986
0.987993
0.987444
0.987444
0.987444
0.987444
0.987444
0.971527
0.960000
0.960000
0.960000
0.960000
0.960000
0.960000
0.960000
0.960000
0.960000
0.960000
0.960000
0.960000
0.960000
0.960000
0.960000
0.960000
0.960000
0.960000
0.960000
0.960000
0.960000
0.960000
0.960000
0.960000
0.960000
0.960000
0.960000
0.960000
0.960000
0.960000
0.960000
0.960000
0.960000
0.960000
0.960000
0.960000
0.960000
0.960000
0.960000
0.960000
0.960000
0.960000
0.960000
0.960000
0.960000
0.960000
0.960000
0.960000
0.960000
0.960000
0.960000
0.960000
0.960000
0.960000
0.960000
0.960000
0.960000
0.960000
0.960000
0.960000
0.960000
0.960000
0.960000
0.960000
0.960000
0.960000
0.960000
0.960000
0.960000
0.960000
0.972075
0.981407
0.981407
0.981407
0.981407
0.981407
0.981407
0.981407
0.981407
0.981407
0.981407
0.981407
0.981407
0.981407
0.981407
0.981407
0.981407
0.981407
0.981407
0.981407
0.981407
0.981407
0.981407
0.981407
0.981407
0.981407
0.981407
0.981407
0.981407
0.981407
0.969331
0.960000
0.960000
0.960000
0.960000
0.960000
0.960000
0.960000
0.960000
0.960000
0.960000
0.960000
0.960000
0.960000
0.960000
0.960000
0.960000
0.960000
0.960000
0.960000
0.960000
0.960000
0.960000
0.960000
0.960000
0.960000
0.984151
0.987993
0.987993
0.987993
0.987993
0.987993
1.001715
1.025866
1.049468
1.073619
1.097221
1.121372
1.144974
1.163087
1.163087
1.163087
1.163087
1.163087
1.163087
1.163087
1.163087
1.163087
1.163087
1.163087
1.163087
1.163087
1.163087
1.163087
1.163087
1.163087
1.138937
1.135094
1.135094
1.135094
1.135094
1.135094
1.121372
1.097221
1.073619
1.049468
1.025866
1.001715
0.978113
0.981955
0.988542
0.988542
0.988542
0.988542
0.988542
0.988542
0.988542
0.988542
0.988542
1.025317
1.026415
1.027513
1.027513
1.027513
1.027513
1.027513
1.027513
1.027513
1.027513
1.027513
1.027513
1.027513
1.027513
1.027513
1.027513
1.027513
1.027513
1.041235
1.082401
1.096123
1.107101
1.113688
1.113688
1.118079
1.159245
1.199863
1.202058
1.202058
1.207547
1.175163
1.174065
1.172967
1.172967
1.172967
1.172967
1.172967
1.172967
1.172967
1.172967
1.172967
1.172967
1.172967
1.176810
1.176810
1.177907
1.181750
1.181750
1.172419
1.131252
1.095575
1.082401
1.075815
1.079108
1.075815
1.034648
0.997873
0.996775
1.028062
1.025317
1.020926
1.020926
1.020926
1.020926
1.020926
1.020926
1.020926
1.020926
1.020926
1.020926
1.020926
1.020926
1.020926
1.017084
1.017084
1.015986
1.012144
1.033002
1.072521
1.090086
1.090635
1.086244
1.086792
1.124117
1.165283
1.170772
1.183945
1.189983
1.158696
1.155952
1.155952
1.155952
1.155952
1.155952
1.155952
1.155952
1.155952
1.155952
1.155952
1.155952
1.155952
1.163087
1.163087
1.166930
1.167479
1.167479
1.171870
1.151012
1.110943
1.096672
1.097221
1.101612
1.101612
1.060995
1.022573
1.017084
1.000069
0.992933
0.992933
0.992933
0.992933
0.992933
0.992933
0.992933
0.998422
1.025317
1.025866
1.025866
1.025866
1.025866
1.025866
1.018731
1.018731
1.014889
1.014340
1.014340
1.009949
1.009949
1.006106
1.040137
1.078559
1.082950
1.084048
1.084048
1.089537
1.131252
1.173516
1.205901
1.206449
1.208096
1.215232
1.215232
1.215232
1.215232
1.209743
1.182847
1.182298
1.182298
1.182298
1.182298
1.182298
1.182298
1.182298
1.182298
1.191081
1.191081
1.191081
1.200412
1.200412
1.169125
1.132899
1.124117
1.131252
1.131801
1.122470
1.089537
1.047273
1.014889
1.023671
1.022573
1.015437
1.015437
1.015437
1.015437
1.015437
1.015437
1.015437
1.015437
1.015437
1.015437
1.015437
1.015437
1.015437
1.015437
1.006655
1.006655
1.006655
0.997324
1.053859
1.084048
1.082401
1.082401
1.073619
1.088439
1.130154
1.154305
1.180103
1.180103
1.177907
1.180103
1.180103
1.180103
1.180103
1.183396
1.183396
1.211389
1.212487
1.212487
1.212487
1.212487
1.212487
1.212487
1.213036
1.221818
1.221818
1.229503
1.231149
1.231149
1.183396
1.147170
1.145523
1.154854
1.154854
1.139485
1.107650
1.074717
1.048919
1.057702
1.050566
1.047822
1.047822
1.047822
1.047822
1.044528
1.044528
1.016535
1.015437
1.015437
1.015437
1.015437
1.015437
1.015437
1.014889
1.006106
1.006106
0.998422
0.996775
0.996775
0.987993
0.987993
0.987993
0.978662
0.978662
0.978662
0.968782
0.968782
0.968782
0.960000
0.961647
1.017084
1.036844
1.049468
1.049468
1.049468
1.071424
1.113688
1.125763
1.125763
1.133997
1.133997
1.133997
1.133997
1.133997
1.133997
1.164185
1.170223
1.170223
1.170223
1.170223
1.170223
1.170223
1.172967
1.174065
1.174065
1.178456
1.178456
1.179554
1.183396
1.181750
1.130703
1.110943
1.098319
1.102710
1.102710
1.080755
1.042882
1.030806
1.030806
1.022573
1.022573
1.022573
1.022573
1.022573
1.022573
0.992384
0.986346
0.986346
0.986346
0.986346
0.986346
0.986346
0.983602
0.982504
0.982504
0.978113
0.978113
0.977015
0.973173
0.973173
0.968782
0.968782
0.968782
0.964391
0.964391
0.964391
0.960000
0.960000
0.960000
0.960000
0.960000
0.960000
0.960000
0.960000
0.960000
0.960000
0.960000
0.960000
0.960000
0.960000
0.960000
0.960000
0.960000
0.960000
0.960000
0.960000
0.960000
0.960000
0.960000
0.960000
0.960000
0.960000
0.960000
0.960000
0.960000
0.960000
0.960000
0.960000
0.960000
0.960000
0.960000
0.960000
0.960000
0.960000
0.960000
0.960000
0.981955
0.987993
0.987993
0.987993
0.987993
0.987993
0.987993
0.987993
0.987993
0.987993
0.987993
0.987993
0.987993
0.987993
0.987993
0.987993
0.987993
0.987993
0.987993
0.987993
0.987993
0.987993
0.987993
0.987993
0.987993
0.987993
0.987993
0.987993
0.987993
0.987993
0.966038
0.960000
0.960000
0.960000
0.960000
0.960000
0.960000
0.960000
0.960000
0.960000
0.960000
0.960000
0.960000
0.960000
0.960000
0.960000
0.960000
0.960000
0.960000
0.960000
0.960000
0.960000
0.960000
0.960000
0.960000
0.960000
0.960000
0.960000
0.960000
0.960000
0.960000
0.960000
0.960000
0.960000
0.960000
0.960000
0.960000
0.966587
0.981955
0.981955
0.981955
0.981955
0.981955
0.981955
0.981955
0.981955
0.981955
0.981955
0.981955
0.981955
0.981955
0.981955
0.981955
0.981955
0.981955
0.981955
0.981955
0.981955
0.981955
0.981955
0.981955
0.981955
0.981955
0.981955
0.981955
0.981955
0.981955
0.975369
0.960000
0.960000
0.960000
0.960000
0.960000
0.960000
0.960000
0.960000
0.960000
0.960000
0.960000
0.960000
0.960000
0.960000
0.960000
0.960000
0.960000
0.960000
0.960000
0.960000
0.960000
0.960000
0.960000
0.960000
0.960000
0.960000
0.960000
0.960000
0.960000
0.960000
0.960000
0.960000
0.960000
0.981407
0.981407
0.981407
0.981407
0.981407
0.981407
0.981407
0.981407
0.981407
0.981407
0.981407
0.981407
0.981407
0.981407
0.981407
0.981407
0.981407
0.981407
0.981407
0.981407
0.981407
0.981407
0.981407
0.981407
0.981407
0.981407
1.001715
1.002813
1.002813
1.002813
0.981407
0.981407
0.981407
0.981407
0.981407
0.981407
0.981407
0.981407
0.981407
0.981407
0.981407
0.981407
0.981407
0.981407
0.981407
0.981407
0.981407
0.981407
0.981407
0.981407
0.981407
0.981407
0.981407
0.981407
0.981407
0.981407
0.961098
0.960000
0.960000
0.960000
0.960000
0.960000
0.960000
0.960000
0.960000
0.960000
0.960000
0.960000
0.960000
0.960000
0.960000
0.960000
0.960000
0.960000
0.960000
0.960000
0.960000
0.960000
0.960000
0.960000
0.960000
0.960000
0.960000
0.963293
0.964391
0.964391
0.964391
0.964391
0.964391
0.964391
0.964391
0.964391
0.964391
0.967684
0.968233
0.968233
0.968233
0.968233
0.968233
0.968233
0.968233
0.968233
0.968233
0.968233
0.970978
0.970978
0.970978
0.970978
0.970978
0.970978
0.970978
0.970978
0.970978
0.967684
0.966587
0.966587
0.966587
0.966587
0.966587
0.966587
0.966587
0.966587
0.966587
0.963293
0.962744
0.962744
0.962744
0.962744
0.962744
0.962744
0.962744
0.962744
0.962744
0.962744
0.960000
0.960000
0.960000
0.960000
0.960000
0.960000
0.960000
0.960000
0.960000
0.960000
0.960000
0.960000
0.960000
0.960000
0.960000
0.960000
0.960000
0.960000
0.960000
0.960000
0.960000
0.960000
0.960000
0.960000
0.960000
0.960000
0.960000
0.960000
0.960000
0.963293
0.963293
0.964391
0.966587
0.966587
0.966587
1.022024
1.041235
1.050566
1.070875
1.070875
1.098868
1.141132
1.170772
1.170772
1.178456
1.180103
1.180103
1.180103
1.180103
1.180103
1.180103
1.180103
1.180103
1.180103
1.180103
1.180103
1.180103
1.180103
1.183945
1.180652
1.180652
1.184494
1.182298
1.186141
1.186690
1.131252
1.116432
1.107101
1.089537
1.091184
1.063190
1.025317
0.995678
0.995678
0.987993
0.986346
0.986346
0.986346
0.986346
0.986346
0.986346
0.986346
0.986346
0.986346
0.986346
0.986346
0.997324
1.011046
1.007204
1.007204
1.046724
1.049468
1.050017
1.046175
1.045626
1.075815
1.099966
1.100515
1.097770
1.096123
1.096123
1.091732
1.091732
1.091732
1.091732
1.091732
1.091732
1.091732
1.091732
1.091732
1.091732
1.096123
1.096123
1.099966
1.100515
1.100515
1.093928
1.080206
1.084597
1.084597
1.045077
1.041784
1.041235
1.044528
1.045626
1.015437
0.986895
0.986346
0.986346
0.986346
0.986346
0.986346
0.986346
0.986346
0.986346
0.986346
0.986346
0.986346
0.986346
0.986346
0.986346
0.981955
0.981955
0.984700
1.042882
1.057702
1.053859
1.053859
1.049468
1.080755
1.122470
1.133448
1.133448
1.138937
1.137839
1.137839
1.137839
1.137839
1.137839
1.137839
1.137839
1.137839
1.137839
1.137839
1.137839
1.137839
1.137839
1.141681
1.141681
1.145523
1.146072
1.146072
1.150463
1.146072
1.090086
1.076913
1.095575
1.104357
1.104357
1.073070
1.036295
1.020926
1.020926
1.012144
1.012144
1.012144
1.012144
1.012144
1.012144
1.012144
1.012144
1.012144
1.012144
1.037393
1.037393
1.037393
1.037393
1.033551
1.033551
1.029708
1.029160
1.029160
1.024768
1.022573
1.019828
1.018182
0.998971
0.990189
0.990189
0.990189
0.985249
0.985249
0.985249
0.985249
0.985249
0.985249
0.985249
0.985249
0.985249
0.985249
0.985249
0.985249
0.985249
0.960000
0.960000
0.960000
0.960000
0.962744
0.962744
0.962744
0.962744
0.982504
0.991835
1.012693
1.033551
1.054408
1.080206
1.101612
1.122470
1.143877
1.164734
1.187238
1.204254
1.204254
1.204254
1.216329
1.231698
1.236089
1.236089
1.236089
1.239931
1.252556
1.269571
1.269571
1.269571
1.269571
1.269571
1.266827
1.266827
1.266827
1.266827
1.247067
1.237736
1.216878
1.196021
1.175163
1.149365
1.127959
1.107101
1.085695
1.064837
1.042333
1.025317
1.025317
1.025317
1.013242
0.997873
0.993482
0.993482
0.993482
0.989640
0.977015
0.960000
0.960000
0.960000
0.960000
0.960000
0.961647
0.963293
0.963293
0.963293
0.963293
0.963293
0.963293
0.963293
0.963293
0.963293
0.963293
0.963293
0.963293
0.963293
0.963293
0.963293
0.963293
0.963293
0.963293
0.963293
0.963293
0.963293
0.963293
0.963293
0.963293
0.963293
0.963293
0.963293
0.963293
0.963293
0.961647
0.960000
0.960000
0.960000
0.960000
0.962196
0.962196
0.962196
0.962196
0.962196
0.962196
0.962196
0.962196
0.977015
0.987444
0.992384
0.992384
0.992384
0.992384
0.992384
0.992384
0.992384
0.992384
0.992384
0.992384
0.992384
0.992384
0.992384
0.992384
0.992384
0.992384
0.992384
0.992384
0.992384
0.992384
0.990189
0.990189
0.990189
0.990189
0.990189
0.990189
0.990189
0.990189
0.975369
0.964940
0.960000
0.960000
0.960000
0.960000
0.960000
0.960000
0.960000
0.960000
0.960000
0.960000
0.960000
0.960000
0.960000
0.960000
0.960000
0.960000
0.960000
0.960000
0.960000
0.960000
0.960000
0.960000
0.960000
0.960000
0.960000
0.960000
0.960000
0.960000
0.960000
0.960000
0.960000
0.960000
0.960000
0.960000
0.960000
0.960000
0.960000
0.960000
0.960000
0.960000
0.960000
0.960000
0.960000
0.960000
0.960000
0.960000
0.960000
0.960000
0.960000
0.960000
0.960000
0.960000
0.960000
0.960000
0.960000
0.960000
0.960000
0.960000
0.960000
0.960000
0.960000
0.960000
0.960000
0.960000
0.960000
0.960000
0.960000
0.960000
0.960000
0.960000
0.960000
0.960000
0.960000
0.960000
0.960000
0.960000
0.960000
0.960000
0.960000
0.960000
0.960000
0.960000
0.960000
0.960000
0.960000
0.960000
0.960000
0.960000
0.960000
0.960000
0.960000
0.960000
0.960000
0.960000
0.960000
0.960000
0.960000
0.960000
0.960000
0.960000
0.960000
0.960000
0.960000
0.960000
0.960000
0.960000
0.960000
0.960000
0.960000
0.960000
0.960000
0.960000
0.960000
0.960000
0.960000
0.960000
0.960000
0.960000
0.960000
0.960000
0.960000
0.960000
0.960000
0.960000
0.960000
0.960000
0.960000
0.960000
0.960000
0.960000
0.960000
0.960000
0.960000
0.960000
0.960000
0.960000
0.960000
0.960000
0.960000
0.960000
0.960000
0.960000
0.960000
0.960000
0.960000
0.960000
0.960000
0.960000
0.960000
0.960000
0.960000
0.960000
0.960000
0.960000
0.960000
0.960000
0.960000
0.960000
0.960000
0.960000
0.960000
0.960000
0.960000
0.960000
0.960000
0.960000
0.960000
0.960000
0.960000
0.960000
0.960000
0.960000
0.960000
0.960000
0.960000
0.960000
0.960000
0.960000
0.960000
0.960000
0.960000
0.960000
0.960000
0.960000
0.960000
0.960000
0.960000
0.960000
0.960000
0.960000
0.960000
0.960000
0.960000
0.960000
0.960000
0.960000
0.960000
0.960000
0.960000
0.960000
0.960000
0.960000
0.960000
0.960000
0.960000
0.960000
0.960000
0.960000
0.960000
0.960000
0.960000
0.960000
0.960000
0.960000
0.960000
0.960000
0.960000
0.960000
0.960000
0.960000
0.960000
0.960000
0.960000
0.960000
0.960000
0.960000
0.960000
0.960000
0.960000
0.960000
0.960000
0.960000
0.960000
0.960000
0.960000
0.960000
0.960000
0.960000
0.960000
0.960000
0.960000
0.960000
0.960000
0.960000
0.960000
0.960000
0.960000
0.960000
0.960000
0.960000
0.960000
0.960000
0.960000
0.960000
0.960000
0.960000
0.960000
0.960000
0.960000
0.960000
0.960000
0.987444
0.989640
0.989640
0.989640
0.989640
0.989640
0.989640
0.989640
1.006106
1.041235
1.076364
1.112041
1.147170
1.182847
1.196021
1.196021
1.196021
1.205901
1.209743
1.211389
1.213585
1.222367
1.222916
1.222916
1.222916
1.226758
1.226758
1.226758
1.226758
1.226758
1.199314
1.197118
1.197118
1.197118
1.197118
1.197118
1.197118
1.197118
1.180652
1.145523
1.110395
1.074717
1.039588
1.006655
0.995129
0.995129
1.021475
1.012144
1.008302
1.006655
1.004460
0.995678
0.995129
0.995129
0.995129
0.991286
0.991286
0.991286
0.991286
0.991286
0.991286
0.991286
0.991286
0.991286
0.991286
0.991286
0.991286
0.991286
0.991286
0.991286
0.991286
0.991286
0.991286
0.988542
0.986895
0.986895
0.960549
0.960000
0.960000
0.960000
0.960000
0.973173
0.986346
0.986346
0.986346
0.986346
0.986346
0.986346
0.986346
0.986346
0.986346
0.986346
0.986346
0.986346
0.986346
0.986346
0.986346
0.986346
0.986346
0.986346
0.986346
0.986346
0.986346
0.986346
0.986346
0.986346
0.986346
0.986346
0.986346
0.986346
0.986346
0.973173
0.960000
0.960000
0.960000
0.960000
0.977564
1.023122
1.048370
1.071973
1.096123
1.120274
1.143877
1.168027
1.192178
1.204254
1.204254
1.206998
1.206998
1.206998
1.206998
1.206998
1.206998
1.206998
1.206998
1.206998
1.206998
1.206998
1.206998
1.206998
1.206998
1.206998
1.206998
1.206998
1.217427
1.225660
1.216878
1.173516
1.155952
1.136741
1.113139
1.088988
1.065386
1.041235
1.017084
1.005009
1.005009
1.002264
1.002264
1.002264
1.002264
1.002264
1.002264
1.002264
1.002264
1.002264
1.002264
1.002264
1.002264
1.002264
1.002264
1.002264
1.002264
1.006106
0.996226
0.987993
0.979211
0.977015
0.969331
0.964940
0.964391
0.966587
0.966587
0.966587
0.966587
0.970429
0.991286
0.991286
0.991286
0.991286
0.991286
0.991286
0.991286
0.991286
1.001166
1.006655
1.006655
1.006655
1.006655
1.006655
1.006655
1.006655
1.006655
1.005557
1.005009
1.005009
1.005009
1.005009
1.005009
1.005009
1.005009
1.014889
1.035746
1.073070
1.097221
1.114237
1.114237
1.119726
1.119726
1.119726
1.119726
1.119726
1.119726
1.123568
1.114237
1.108748
1.108748
1.108748
1.108748
1.108748
1.108748
1.108748
1.108748
1.106003
1.106003
1.106003
1.106003
1.106003
1.106003
1.106003
1.106003
1.093928
1.073070
1.035746
1.011595
0.990738
0.969880
0.964391
0.964391
0.964391
0.964391
0.964391
0.964391
0.960549
0.960000
0.960000
0.960000
0.960000
0.960000
0.960000
0.960000
0.960000
0.960000
0.960000
0.960000
0.960000
0.960000
0.960000
0.960000
0.960000
0.960000
0.960000
0.960000
0.960000
0.960000
0.960000
0.960000
0.960000
0.960000
0.960000
0.960000
0.960000
0.960000
0.960000
0.960000
0.960000
0.960000
0.960000
0.960000
0.960000
0.960000
0.960000
0.960000
0.960000
0.960000
0.960000
0.960000
0.960000
0.960000
0.960000
0.960000
0.960000
0.960000
0.960000
0.960000
0.960000
0.960000
0.960000
0.960000
0.960000
0.960000
0.960000
0.960000
0.960000
0.960000
0.960000
0.960000
0.960000
0.960000
0.960000
0.960000
0.960000
0.960000
0.960000
0.960000
0.960000
0.960000
0.960000
0.960000
0.960000
0.960000
0.960000
0.960000
0.960000
0.960000
0.960000
0.960000
0.960000
0.960000
0.960000
0.960000
0.960000
0.960000
0.960000
0.960000
0.960000
0.960000
0.960000
0.960000
0.960000
0.960000
0.960000
0.960000
0.960000
0.960000
0.960000
0.960000
0.960000
0.960000
0.960000
0.960000
0.960000
0.960000
0.960000
0.960000
0.960000
0.960000
0.960000
0.960000
0.960000
0.960000
0.960000
0.960000
0.960000
0.960000
0.960000
0.960000
0.960000
0.960000
0.960000
0.960000
0.960000
0.960000
0.960000
0.960000
0.960000
0.960000
0.960000
0.960000
0.960000
0.960000
0.960000
0.960000
0.960000
0.960000
0.960000
0.960000
0.960000
0.960000
0.960000
0.960000
0.960000
0.960000
0.960000
0.960000
0.960000
0.960000
0.960000
0.960000
0.960000
0.960000
0.960000
0.960000
0.960549
0.960549
0.960549
0.960549
0.960549
0.960549
0.960549
0.960549
0.960549
0.960549
0.960549
0.960549
0.960549
0.960549
0.960549
0.960549
0.960549
0.960549
0.960549
0.960549
0.960549
0.960549
0.960549
0.960549
0.960549
0.960549
0.960549
0.960549
0.960549
0.960549
0.960000
0.960000
0.960000
0.960000
0.960000
0.960000
0.960000
0.960000
0.960000
0.960000
0.960000
0.960000
0.960000
0.960000
0.960000
0.960000
0.960000
0.960000
0.960000
0.960000
0.960000
0.960000
0.960000
0.960000
0.960000
0.960000
0.960000
0.960000
0.960000
0.960000
0.960000
0.960000
0.960000
0.960000
0.960000
0.960000
0.960000
0.960000
0.960000
0.960000
0.960000
0.960000
0.960000
0.960000
0.960000
0.960000
0.960000
0.960000
0.960000
0.960000
0.960000
0.960000
0.960000
0.960000
0.960000
0.960000
0.960000
0.960000
0.960000
0.960000
0.960000
0.960000
0.960000
0.960000
0.960000
0.960000
0.960000
0.960000
0.960000
0.960000
0.960000
0.960000
0.960000
0.960000
0.960000
0.960000
0.960000
0.960000
0.960000
0.960000
0.960000
0.960000
0.960000
0.960000
0.960000
0.960000
0.960000
0.960000
0.960000
0.960000
0.960000
0.960000
0.960000
0.960000
0.960000
0.960000
0.960000
0.960000
0.960000
0.960000
0.960000
0.960000
0.960000
0.960000
0.960000
0.960000
0.960000
0.960000
0.960000
0.960000
0.960000
0.960000
0.960000
0.960000
0.960000
0.960000
0.960000
0.960000
0.960000
0.960000
0.960000
0.960000
0.960000
0.960000
0.960000
0.960000
0.960000
0.960000
0.960000
0.960000
0.960000
0.960000
0.960000
0.960000
0.960000
0.960000
0.960000
0.960000
0.960000
0.960000
0.960000
0.960000
0.960000
0.960000
0.960000
0.960000
0.960000
0.960000
0.960000
0.960000
0.960000
0.960000
0.960000
0.960549
0.960549
0.960549
0.960549
0.960549
0.960549
0.960549
0.960549
0.960549
0.960549
0.960549
0.960549
0.960549
0.960549
0.960549
0.960549
0.960549
0.960549
0.960549
0.960549
0.960549
0.961098
0.961098
0.961098
0.961098
0.961098
0.961098
0.961098
0.961098
0.961098
0.960549
0.960549
0.960549
0.960549
0.960549
0.960549
0.960549
0.960549
0.960549
0.960549
0.960549
0.960549
0.960549
0.960549
0.960549
0.960549
0.960549
0.960549
0.960549
0.960549
0.960549
0.960000
0.960000
0.960000
0.960000
0.960000
0.960000
0.960000
0.960000
0.960000
0.964391
0.964391
0.964391
0.964391
0.964391
0.964391
0.964391
0.964391
0.964391
0.964391
0.964391
0.968782
0.985249
0.987444
0.987993
0.987993
0.987993
0.987993
0.987993
0.987993
0.987993
0.987993
0.987993
0.987993
0.987993
0.987993
0.987993
0.987993
0.987993
0.987993
0.983602
0.983602
0.983602
0.983602
0.983602
0.983602
0.983602
0.983602
0.983602
0.983602
0.983602
0.979211
0.962744
0.960549
0.960000
0.960000
0.960000
0.960000
0.960000
0.960000
0.960000
0.960000
0.964391
0.974271
0.981955
0.989091
0.989091
0.989091
0.989091
0.989091
0.989091
0.989091
0.989091
0.989091
0.989091
0.989091
0.989091
0.989091
0.989091
0.989091
0.989091
0.989091
0.989091
0.989091
0.989091
0.989091
0.989091
0.989091
0.989091
0.989091
0.989091
0.989091
0.984700
0.974820
0.967136
0.960000
0.960000
0.960000
0.960000
0.960000
0.960000
0.960000
0.960000
0.960000
0.960000
0.971527
0.982504
0.982504
0.982504
0.982504
0.982504
0.982504
0.986346
0.987444
0.995678
0.999520
0.999520
0.999520
0.999520
0.999520
0.999520
0.999520
0.999520
1.003362
1.003362
1.003362
1.003362
1.003362
1.003362
1.003362
1.003362
1.003362
1.003362
1.003362
1.003362
0.991835
0.980858
0.980858
0.980858
0.980858
0.980858
0.980858
0.977015
0.975918
0.967684
0.963842
0.963842
0.963842
0.963842
0.963842
0.963842
0.963842
0.963842
0.960000
0.960000
0.960000
0.960000
0.960000
0.960000
0.960000
0.960000
0.960000
0.960000
0.960000
0.960000
0.960000
0.960000
0.960000
0.960000
0.960000
0.960000
0.960000
0.960000
0.960000
0.960000
0.960000
0.960000
0.960000
0.960000
0.960000
0.960000
0.960000
0.960000
0.960000
0.960000
0.960000
0.960000
0.960000
0.960000
0.960000
0.960000
0.960000
0.960000
0.960000
0.960000
0.960000
0.960000
0.960000
0.960000
0.960000
0.960000
0.960000
0.960000
0.960000
0.960000
0.960000
0.960000
0.960000
0.960000
0.960000
0.960000
0.960000
0.960000
0.960000
0.960000
0.960000
0.960000
0.960000
0.960000
0.960000
0.960000
0.960000
0.960000
0.960000
0.960000
0.960000
0.960000
0.960000
0.960000
0.960000
0.960000
0.960000
0.960000
0.960000
0.960000
0.960000
0.960000
0.960000
0.960000
0.960000
0.960000
0.960000
0.960000
0.960000
0.960000
0.960000
0.960000
0.960000
0.960000
0.960000
0.960000
0.960000
0.960000
0.960000
0.960000
0.960000
0.960000
0.960000
0.960000
0.960000
0.960000
0.960000
0.960000
0.960000
0.960000
0.960000
0.960000
0.960000
0.960000
0.960000
0.960000
0.960000
0.960000
0.960000
0.960000
0.960000
0.960000
0.960000
0.960000
0.960000
0.960000
0.960000
0.960000
0.960000
0.960000
0.960000
0.960000
0.960000
0.960000
0.960000
0.960000
0.960000
0.960000
0.960000
0.960000
0.960000
0.960000
0.960000
0.960000
0.960000
0.960000
0.960000
0.960000
0.960000
0.960000
0.960000
0.960000
0.960000
0.960000
0.960000
0.960000
0.960000
0.960000
0.960000
0.960000
0.960000
0.960000
0.960000
0.960000
0.960000
0.960000
0.960000
0.960000
0.960000
0.960000
0.960000
0.960000
0.960000
0.960000
0.960000
0.960000
0.960000
0.960000
0.960000
0.960000
0.960000
0.960000
0.960000
0.960000
0.960000
0.960000
0.960000
0.960000
0.960000
0.960000
0.960000
0.960000
0.960000
0.960000
0.960000
0.960000
0.960000
0.960000
0.960000
0.960000
0.960000
0.960000
0.960000
0.960000
0.960000
0.960000
0.960000
0.960000
0.960000
0.960000
0.960000
0.960000
0.960000
0.960000
0.960000
0.960000
0.960000
0.960000
0.963842
0.963842
0.963842
0.963842
0.963842
0.963842
0.963842
0.963842
0.963842
0.963842
0.963842
0.963842
0.963842
0.963842
0.963842
0.963842
0.963842
0.963842
0.963842
0.963842
0.963842
0.963842
0.963842
0.963842
0.963842
0.983053
0.991835
0.991835
0.991835
0.991835
0.992933
1.007204
1.007204
1.007204
1.007204
1.007204
1.007204
1.007204
1.007204
1.007204
1.007204
1.008851
1.013242
1.014340
1.017084
1.017084
1.017084
1.017084
1.017084
1.017084
1.017084
1.017084
1.017084
1.017084
1.017084
0.997873
0.989091
0.989091
0.989091
0.989091
0.984151
0.969880
0.969880
0.969880
0.969880
0.969880
0.969880
0.969880
0.969880
0.969880
0.969880
0.970978
0.966587
0.965489
0.962744
0.962744
0.993482
1.043979
1.117530
1.195472
1.275060
1.306895
1.323362
1.336535
1.351904
1.351904
1.351904
1.351904
1.351904
1.351904
1.351904
1.351904
1.351904
1.351904
1.351904
1.351904
1.351904
1.351904
1.351904
1.351904
1.351904
1.349160
1.349160
1.349160
1.349160
1.349160
1.318422
1.267925
1.194374
1.116432
1.036844
1.005009
0.988542
0.975369
0.963842
0.989640
0.990189
0.990189
0.990189
0.990189
0.990189
0.990189
0.990189
0.990189
0.990189
0.990189
0.990189
0.990189
0.990189
0.990189
0.990189
0.990189
0.990189
0.990189
0.990189
0.990189
0.990189
1.013242
1.013791
1.013791
1.013791
1.013791
1.013791
1.013791
1.009949
0.984151
0.983602
0.983602
0.983602
0.983602
0.983602
0.983602
0.983602
0.983602
0.983602
0.983602
0.983602
0.983602
0.983602
0.983602
0.983602
0.983602
0.983602
0.983602
0.983602
0.983602
0.983602
0.960549
0.960000
0.960000
0.960000
0.960000
0.960000
0.960000
0.979760
0.984151
0.984700
0.984700
0.985249
0.987444
0.987444
0.987444
0.987444
0.987444
0.987444
0.987444
0.987444
0.987444
0.987444
0.987444
0.987444
0.987444
0.987444
0.987444
0.987444
0.987444
0.987444
0.987444
0.987444
0.987444
0.987444
0.987444
0.987444
0.987444
0.967684
0.963293
0.962744
0.962744
0.962196
0.960000
0.960000
0.960000
0.960000
0.960000
0.960000
0.960000
0.960000
0.960000
0.960000
0.960000
0.960000
0.960000
0.960000
0.960000
0.960000
0.960000
0.960000
0.960000
0.960000
0.960000
0.960000
0.960000
0.960000
0.960000
0.960000
0.960000
0.960000
0.960000
0.960000
0.960000
0.960000
0.960000
0.960000
0.960000
0.960000
0.960549
0.960549
0.960549
0.960549
0.960549
0.960549
0.960549
0.960549
0.960549
0.960549
0.960549
0.960549
0.960549
0.960549
0.960549
0.960549
0.960549
0.960549
0.960549
0.960549
0.960549
0.960549
0.960549
0.961098
0.961098
0.961098
0.961098
0.961098
0.961098
0.961098
0.960549
0.960549
0.960549
0.960549
0.960549
0.960549
0.960549
0.960549
0.960549
0.960549
0.960549
0.960549
0.960549
0.960549
0.960549
0.960549
0.960549
0.960549
0.960549
0.960549
0.960549
0.960549
0.960549
0.960000
0.960000
0.960549
0.960549
0.960549
0.960549
0.960549
0.960549
0.960549
0.960549
0.960549
0.960549
0.960549
0.960549
0.960549
0.987444
0.987993
0.987993
0.987993
0.987993
0.987993
0.987993
0.987993
0.987993
0.987993
0.987993
0.987993
0.987993
0.987993
0.987993
0.987993
0.987993
0.987444
0.987444
0.987444
0.987444
0.987444
0.987444
0.987444
0.987444
0.987444
0.987444
0.987444
0.987444
0.987444
0.960549
0.960000
0.960000
0.960000
0.960000
0.960000
0.960000
0.960000
0.960000
0.960000
0.960000
0.960000
0.960000
0.960000
0.960000
0.960000
0.960000
0.960000
0.960000
0.960000
0.960000
0.960000
0.960000
0.960000
0.960000
0.960000
0.960000
0.960000
0.960000
0.960000
0.960000
0.960000
0.960000
0.960000
0.960000
0.960000
0.960000
0.960000
0.960000
0.960000
0.960000
0.960000
0.960000
0.960000
0.960000
0.960000
0.960000
0.960000
0.960000
0.960000
0.960000
0.960000
0.960000
0.960000
0.960000
0.960000
0.960000
0.960000
0.960000
0.960000
0.960000
0.960000
0.960000
0.960000
0.960000
0.960000
0.960000
0.960000
0.960000
0.960000
0.960000
0.960000
0.960000
0.960000
0.960000
0.960000
0.960000
0.960000
0.960000
0.960000
0.960000
0.960000
0.960000
0.960000
0.960000
0.960000
0.960000
0.960000
0.960000
0.960000
0.960000
0.960000
0.960000
0.960000
0.960000
0.960000
0.960000
0.960000
0.960000
0.960000
0.960000
0.960000
0.960000
0.960000
0.960000
0.960000
0.960000
0.960000
0.960000
0.960000
0.960000
0.960000
0.960000
0.960000
0.960000
0.960000
0.960000
0.960000
0.960000
0.960000
0.960000
0.960000
0.960000
0.960000
0.960000
0.960000
0.960000
0.960000
0.960000
0.960000
0.960000
0.960000
0.960000
0.960000
0.960000
0.960000
0.960000
0.960000
0.960000
0.960000
0.960000
0.960000
0.960000
0.960000
0.960000
0.960000
0.960000
0.960000
0.960000
0.960000
0.960000
0.960000
0.960000
0.960000
0.960000
0.960000
0.960000
0.960000
0.960000
0.960000
0.960000
0.960000
0.960000
0.960000
0.960000
0.960000
0.960000
0.960000
0.960000
0.960000
0.960000
0.960000
0.960000
0.960000
0.960000
0.960000
0.960000
0.960000
0.960000
0.960000
0.960000
0.960000
0.960000
0.960000
0.960000
0.960000
0.960000
0.960000
0.960000
0.960000
0.960000
0.960000
0.960000
0.960000
0.960000
0.960000
0.960000
0.960000
0.960000
0.960000
0.966038
1.006655
1.031355
1.056055
1.080206
1.103808
1.127410
1.151012
1.175163
1.198765
1.202058
1.202058
1.202058
1.202058
1.202058
1.202058
1.202058
1.202058
1.202058
1.202058
1.205352
1.205352
1.205352
1.205352
1.205352
1.205352
1.205352
1.205352
1.205352
1.205352
1.199314
1.158696
1.133997
1.109297
1.085146
1.061544
1.037942
1.014340
0.990189
0.966587
0.963293
0.963293
0.963293
0.963293
0.963293
0.963293
0.963293
0.963293
0.986895
0.990189
0.986895
0.986895
0.986895
0.986895
0.990189
0.990189
0.990189
0.995678
1.033002
1.055506
1.076913
1.100515
1.119726
1.120274
1.120274
1.120274
1.120274
1.120274
1.120274
1.120274
1.120274
1.120274
1.126312
1.126312
1.126312
1.126312
1.126312
1.126312
1.102710
1.099417
1.099417
1.099417
1.099417
1.099417
1.096123
1.096123
1.096123
1.090635
1.053310
1.030806
1.009400
0.985798
0.966587
0.966038
0.966038
0.966038
0.966038
0.966038
0.966038
0.966038
0.966038
0.966038
0.960000
0.960000
0.960000
0.960000
0.960000
0.960000
0.960000
0.960000
0.960000
0.960000
0.960000
0.960000
0.960000
0.960000
0.960000
0.960000
0.960000
0.960000
0.960000
0.960000
0.960000
0.960000
0.960000
0.960000
0.960000
0.960000
0.960000
0.960000
0.960000
0.960000
0.960000
0.960000
0.960000
0.960000
0.960000
0.960000
0.960000
0.960000
0.960000
0.960000
0.960000
0.960000
0.960000
0.960000
0.960000
0.960000
0.960000
0.960000
0.960000
0.960000
0.960000
0.960000
0.960000
0.960000
0.960000
0.960000
0.960000
0.960000
0.960000
0.960000
0.960000
0.960000
0.960000
0.960000
0.960000
0.960000
0.960000
0.960000
0.960000
0.960000
0.960000
0.960000
0.960000
0.960000
0.960000
0.960000
0.960000
0.960000
0.960000
0.960000
0.960000
0.960000
0.960000
0.960000
0.960000
0.960000
0.960000
0.960000
0.960000
0.960000
0.960000
0.960000
0.960000
0.960000
0.960000
0.960000
0.960000
0.960000
0.960000
0.960000
0.960000
0.960000
0.960000
0.960000
0.960000
0.960000
0.960000
0.960000
0.960000
0.960000
0.960000
0.960000
0.960000
0.960000
0.960000
0.960000
0.960000
0.960000
0.960000
0.960000
0.960000
0.960000
0.960000
0.960000
0.960000
0.960000
0.960000
0.960000
0.960000
0.960000
0.960000
0.960000
0.960000
0.960000
0.960000
0.960000
0.960000
0.960000
0.960000
0.960000
0.960000
0.960000
0.960000
0.960000
0.960000
0.960000
0.960000
0.960000
0.960000
0.960000
0.960000
0.960000
0.960000
0.960000
0.960000
0.960000
0.960000
0.960000
0.960000
0.960000
0.960000
0.960000
0.960000
0.960000
0.960000
0.960000
0.960000
0.960000
0.960000
0.960000
0.960000
0.960000
0.960000
0.960000
0.960000
0.960000
0.960000
0.960000
0.960000
0.960000
0.960000
0.960000
0.960000
0.960000
0.960000
0.960000
0.960000
0.960000
0.960000
0.960000
0.960000
0.960000
0.960000
0.960000
0.960000
0.960000
0.960000
0.960000
0.960000
0.960000
0.960000
0.960000
0.960000
0.960000
0.960000
0.960000
0.960000
0.960000
0.960000
0.960000
0.960000
0.960000
0.960000
0.960000
0.960000
0.963293
0.963293
0.963293
0.963293
0.963293
0.963293
0.963293
0.963293
0.963293
0.963293
0.963293
0.963293
0.963293
0.963293
0.963293
0.963293
0.963293
0.963293
0.963293
0.963293
0.963293
0.963293
0.963293
0.963293
0.963293
0.963293
0.963293
0.963293
0.963293
0.963293
0.960000
0.960000
0.960000
0.960000
0.960000
0.960000
0.960000
0.960000
0.963293
0.963293
0.963293
0.963293
0.963293
0.963293
0.963293
0.963293
0.963293
0.963293
0.963293
0.963293
0.963293
0.963293
0.963293
0.963293
0.963293
0.963293
0.963293
0.963293
0.963293
0.963293
0.963293
0.963293
0.963293
0.963293
0.963293
0.963293
0.963293
0.963293
0.960000
0.960000
0.960000
0.960000
0.960000
0.960000
0.960000
0.960000
0.960000
0.960000
0.960000
0.960000
0.980309
0.980309
0.980309
0.980309
0.980309
0.980309
0.980309
0.980309
0.980309
0.980309
0.980309
0.980309
0.980309
0.980309
0.980309
0.980309
0.980309
0.980309
0.980309
0.980309
0.980309
0.980309
0.980309
0.980309
0.980309
0.980309
0.980309
0.980309
0.980309
0.980309
0.960000
0.960000
0.960000
0.960000
0.960000
0.960000
0.960000
0.960000
0.960000
0.960000
0.960000
0.960000
0.960000
0.960000
0.960000
0.960000
0.960000
0.960000
0.960000
0.960000
0.960000
0.960000
0.960000
0.960000
0.960000
0.960000
0.960000
0.960000
0.960000
0.960000
0.960000
0.960000
0.960000
0.960000
0.960000
0.960000
0.960000
0.960000
0.960000
0.960000
0.960000
0.960000
0.960000
0.960000
0.960000
0.960000
0.960000
0.960000
0.960000
0.960000
0.960000
0.960000
0.960000
0.960000
0.960000
0.960000
0.960000
0.960000
0.960000
0.960000
0.960000
0.960000
0.960000
0.960000
0.960000
0.960000
0.960000
0.960000
0.960000
0.960000
0.960000
0.960000
0.960000
0.960000
0.960000
0.960000
0.960000
0.960000
0.960000
0.960000
0.960000
0.960000
0.960000
0.960000
0.960000
0.960000
0.960000
0.960000
0.960000
0.960000
0.960000
0.960000
0.960000
0.960000
0.960000
0.960000
0.960000
0.960000
0.960000
0.960000
0.960000
0.960000
0.960000
0.960000
0.960000
0.960000
0.960000
0.960000
0.982504
0.982504
0.982504
0.982504
0.982504
0.982504
0.982504
0.982504
0.982504
0.982504
0.982504
0.982504
0.982504
0.982504
0.982504
0.982504
0.982504
0.982504
0.982504
0.982504
0.982504
0.982504
0.982504
0.982504
0.982504
0.982504
0.982504
0.982504
0.982504
0.982504
0.960000
0.960000
0.960000
0.960000
0.960000
0.960000
0.981407
0.981407
0.981407
0.981407
0.981407
0.981407
0.981407
0.981407
0.981407
0.984700
0.984700
0.984700
0.984700
0.984700
0.984700
0.984700
0.984700
0.984700
0.984700
0.984700
0.984700
0.984700
0.984700
0.984700
0.984700
0.984700
0.984700
0.984700
0.984700
0.984700
0.963293
0.963293
0.963293
0.963293
0.963293
0.963293
0.963293
0.963293
0.963293
0.960000
0.960000
0.960000
0.960000
0.960000
0.960000
0.960000
0.960000
0.960000
0.960000
0.960000
0.960000
0.960000
0.960000
0.960000
0.960000
0.960000
0.960000
0.960000
0.960000
0.960000
0.960000
0.960000
0.960000
0.960000
0.960000
0.960000
0.960000
0.960000
0.960000
0.960000
0.960000
0.960000
0.960000
0.960000
0.960000
0.960000
0.960000
0.960000
0.960000
0.960000
0.960000
0.960000
0.960000
0.960000
0.960000
0.960000
0.960000
0.960000
0.960000
0.960000
0.960000
0.960000
0.960000
0.960000
0.960000
0.960000
0.960000
0.960000
0.960000
0.960000
0.960000
0.960000
0.960000
0.960000
0.960000
0.966587
0.967136
0.967136
0.967136
0.967136
0.967136
0.967136
0.967136
0.967136
0.967136
0.967136
0.967136
0.967136
0.967136
0.967136
0.967136
0.967136
0.967136
0.967136
0.967136
0.967136
0.967136
0.967136
0.967136
0.967136
0.967136
0.983053
0.990738
1.005557
1.018182
1.011595
1.011046
1.011046
1.011046
1.011046
1.011046
1.011046
1.011046
1.011046
1.011046
1.011046
1.011046
1.011046
1.011046
1.011046
1.011046
1.011046
1.011046
1.011046
1.011046
1.011046
1.011046
1.011046
1.011046
1.011046
1.011046
0.995129
0.987444
0.972624
0.960000
0.960000
0.960000
0.960000
0.960000
0.960000
0.960000
0.960000
0.960000
0.960000
0.960000
0.960000
0.960000
0.960000
0.960000
0.960000
0.960000
0.960000
0.960000
0.960000
0.984700
0.985249
0.985249
0.985249
0.985249
0.985249
0.985249
0.985249
0.985249
0.985249
0.985249
0.985249
0.985249
0.985249
0.985249
0.985249
0.985249
0.985249
0.985249
0.985249
0.985249
0.985249
0.985249
0.985249
0.985249
0.985249
0.985249
0.985249
0.985249
0.985249
0.960549
0.960000
0.960000
0.960000
0.960000
0.960000
0.960000
0.960000
0.960000
0.960000
0.960000
0.960000
0.960000
0.960000
0.960000
0.960000
0.960000
0.960000
0.960000
0.960000
0.960000
0.960000
0.960000
0.960000
0.960000
0.960000
0.960000
0.960000
0.960000
0.960000
0.960000
0.960000
0.960000
0.960000
0.960000
0.960000
0.960000
0.960000
0.960000
0.960000
0.960000
0.960000
0.960000
0.960000
0.960000
0.960000
0.960000
0.960000
0.960000
0.960000
0.960000
0.960000
0.960000
0.960000
0.960000
0.960000
0.960000
0.960000
0.960000
0.960000
0.960000
0.960000
0.960000
0.960000
0.960000
0.960000
0.960000
0.964391
0.964391
0.964391
0.964391
0.964391
0.964391
0.964391
0.964391
0.964391
0.964391
0.964391
0.964391
0.964391
0.964391
0.964391
0.964391
0.964391
0.964391
0.964391
0.964391
0.964391
0.964391
0.964391
0.964391
0.964391
0.964391
0.964391
0.964391
0.964391
0.964391
0.960000
0.960000
0.960000
0.960000
0.960000
0.960000
0.960000
0.960000
0.960000
0.960000
0.960000
0.960000
0.960000
0.960000
0.960000
0.960000
0.960000
0.960000
0.960000
0.960000
0.960000
0.960000
0.960000
0.960000
0.960000
0.960000
0.960000
0.960000
0.960000
0.960000
0.960000
0.960000
0.960000
0.960000
0.960000
0.960000
0.960000
0.960000
0.960000
0.960000
0.960000
0.960000
0.968782
0.987993
0.987993
0.987993
0.987993
0.987993
0.987993
0.987993
0.987993
0.987993
0.987993
0.987993
0.987993
0.987993
0.993482
1.001715
1.003911
1.022024
1.035197
1.035197
1.045626
1.063739
1.075266
1.085695
1.103808
1.118079
1.136192
1.143328
1.155952
1.163087
1.154854
1.135643
1.135643
1.141132
1.149914
1.154854
1.154854
1.154854
1.154854
1.154854
1.154854
1.154854
1.154854
1.154854
1.149365
1.141132
1.138937
1.120823
1.107650
1.107650
1.097221
1.079108
1.067581
1.057153
1.039039
1.024768
1.006655
0.999520
0.986895
0.979760
0.979211
0.979211
0.979211
0.973722
0.964940
0.960000
0.960000
0.960000
0.960000
0.960000
0.960000
0.960000
0.960000
0.960000
0.960000
0.960000
0.960000
0.960000
0.960000
0.960000
0.960000
0.962744
0.964391
0.974820
1.007204
1.011046
1.011046
1.011046
1.011046
1.011046
1.011046
1.011046
1.011046
1.011046
1.011046
1.011046
1.011046
1.011046
1.011046
1.011046
1.023122
1.056604
1.086244
1.107101
1.128508
1.149365
1.170223
1.191081
1.211389
1.232247
1.252556
1.270669
1.284940
1.275060
1.242676
1.238834
1.238834
1.238834
1.238834
1.241578
1.241578
1.241578
1.241578
1.241578
1.244871
1.244871
1.244871
1.244871
1.244871
1.244871
1.232796
1.199314
1.185043
1.172419
1.151012
1.130154
1.113688
1.092830
1.072521
1.051664
1.031355
1.010497
0.994580
0.994031
0.994031
0.994031
0.994031
0.994031
0.994031
0.991286
0.991286
0.991286
0.991286
0.991286
0.987993
0.987993
0.987993
0.987993
0.987993
0.987993
0.987993
0.987993
0.972624
0.964391
0.964391
0.964391
0.960000
0.960000
0.960000
0.960000
0.960000
0.960000
0.960000
0.960000
0.960000
0.960000
0.960000
0.960000
0.960000
0.960000
0.960000
0.960000
0.960000
0.960000
0.960000
0.960000
0.960000
0.960000
0.960000
0.960000
0.960000
0.960000
0.960000
0.960000
0.960000
0.960000
0.960000
0.960000
0.960000
0.960000
0.960000
0.960000
0.960000
0.960000
0.960000
0.960000
0.960000
0.960000
0.960000
0.960000
0.960000
0.960000
0.960000
0.960000
0.960000
0.960000
0.960000
0.960000
0.960000
0.960000
0.960000
0.960000
0.960000
0.960000
0.960000
0.960000
0.960000
0.960000
0.960000
0.960000
0.960000
0.960000
0.960000
0.960000
0.960000
0.960000
0.960000
0.960000
0.960000
0.960000
0.960000
0.960000
0.960000
0.960000
0.960000
0.960000
0.960000
0.960000
0.960000
0.960000
0.960000
0.960000
0.960000
0.960000
0.960000
0.960000
0.960000
0.960000
0.960000
0.960000
0.960000
0.960000
0.960000
0.960000
0.960000
0.960000
0.960000
0.960000
0.960000
0.960000
0.960000
0.960000
0.960000
0.960000
0.960000
0.960000
0.960000
0.960000
0.960000
0.960000
0.960000
0.960000
0.960000
0.960000
0.960000
0.960000
0.960000
0.960000
0.960000
0.960000
0.960000
0.960000
0.960000
0.960000
0.965489
0.969880
0.974271
0.978662
0.984700
0.986346
0.987444
0.988542
0.989640
0.990738
0.991835
0.992933
0.994580
0.995678
0.996775
0.997873
0.998971
1.000069
1.001166
1.002264
1.003911
1.005009
1.006106
1.007204
1.008851
1.009949
1.011595
1.012693
1.013791
1.015437
1.011046
1.007753
1.005009
1.001715
0.997324
0.996775
0.997324
0.997324
0.997873
0.997873
0.998422
0.998422
0.998422
0.998422
0.998971
0.998971
0.998971
0.999520
0.999520
1.000069
0.999520
1.000069
1.000069
1.000617
1.000069
1.000069
1.000069
1.000069
1.000617
1.000069
1.000617
1.000617
1.000617
1.000617
1.000617
1.014340
1.043979
1.074168
1.103808
1.133997
1.163087
1.193276
1.222367
1.252556
1.281647
1.311286
1.340926
1.367822
1.396913
1.426552
1.456192
1.484185
1.484185
1.482539
1.481441
1.480343
1.478696
1.477599
1.475952
1.474854
1.473208
1.472110
1.470463
1.469365
1.467719
1.452899
1.421612
1.390326
1.359039
1.327753
1.297015
1.265729
1.234991
1.203705
1.172967
1.142230
1.111492
1.082950
1.052762
1.021475
0.990738
0.961098
0.960000
0.960000
0.960000
0.960000
0.960000
0.960000
0.960000
0.960000
0.960000
0.960000
0.960000
0.960000
0.960000
0.960000
0.960000
0.960000
0.960000
0.960000
0.960000
0.960000
0.960000
0.960000
0.960000
0.960000
0.960000
0.960000
0.960000
0.960000
0.960000
0.960000
0.960000
0.960000
0.960000
0.960000
0.960000
0.960000
0.960000
0.960000
0.960000
0.960000
0.960000
0.960000
0.960000
0.960000
0.960000
0.960000
0.960000
0.960000
0.960000
0.960000
0.960000
0.960000
0.960000
0.960000
0.960000
0.960000
0.960000
0.960000
0.960000
0.960000
0.960000
0.960000
0.960000
0.960000
0.960000
0.960000
0.960000
0.960000
0.960000
0.960000
0.960000
0.960000
0.960000
0.960000
0.969880
0.986895
0.986895
0.986895
0.986895
0.986895
0.986895
0.986895
0.986895
0.986895
0.986895
0.986895
0.986895
0.986895
0.986895
0.986895
0.986895
0.986895
0.986895
0.986895
0.986895
0.986895
0.986895
0.986895
0.986895
0.986895
0.986895
0.986895
0.986895
0.986895
0.977015
0.960000
0.960000
0.960000
0.960000
0.960000
0.960000
0.960000
0.960000
0.960000
0.960000
0.960000
0.960000
0.960000
0.960000
0.960000
0.960000
0.960000
0.960000
0.960000
0.960000
0.960000
0.960000
0.960000
0.962744
0.986895
1.011595
1.035746
1.059897
1.083499
1.107650
1.131801
1.155403
1.162539
1.162539
1.162539
1.162539
1.162539
1.162539
1.162539
1.162539
1.162539
1.162539
1.162539
1.162539
1.162539
1.162539
1.162539
1.162539
1.162539
1.162539
1.162539
1.162539
1.162539
1.159794
1.135643
1.132350
1.141132
1.138388
1.135643
1.132350
1.130154
1.129057
1.142779
1.165283
1.186141
1.206998
1.227856
1.248165
1.269022
1.289331
1.309640
1.329949
1.350806
1.390326
1.402401
1.402401
1.402401
1.402401
1.402401
1.402401
1.402401
1.402401
1.402401
1.402401
1.404597
1.384288
1.351355
1.329949
1.309091
1.288233
1.266278
1.243774
1.222916
1.200412
1.179554
1.158696
1.137839
1.117530
1.096672
1.076364
1.056055
1.035746
1.014889
0.975369
0.963293
0.963293
0.963293
0.963293
0.963293
0.963293
0.963293
0.963293
0.963293
0.963293
0.961098
0.960000
0.960000
0.960000
0.960000
0.960000
0.960000
0.960000
0.960000
0.960000
0.960000
0.960000
0.960000
0.960000
0.960000
0.960000
0.960000
0.960000
0.960000
0.960000
0.960000
0.960000
0.960000
0.960000
0.960000
0.960000
0.960000
0.960000
0.960000
0.960000
0.960000
0.960000
0.960000
0.960000
0.960000
0.960000
0.960000
0.960000
0.960000
0.960000
0.960000
0.960000
0.960000
0.960000
0.960000
0.960000
0.960000
0.960000
0.960000
0.960000
0.960000
0.960000
0.960000
0.960000
0.960000
0.962196
0.968782
0.969880
0.969880
0.969880
0.969880
0.969880
0.969880
0.969880
0.969880
0.969880
0.969880
0.969880
0.969880
0.969880
0.969880
0.969880
0.969880
0.969880
0.969880
0.969880
0.969880
0.969880
0.969880
0.969880
0.969880
0.969880
0.969880
0.969880
0.969880
0.967684
0.961098
0.960000
0.960000
0.960000
0.960000
0.960000
0.960000
0.960000
0.960000
0.960000
0.960000
0.960000
0.960000
0.960000
0.960000
0.960000
0.960000
0.960000
0.960000
0.960000
0.960000
0.960000
0.960000
0.960000
0.960000
0.960000
0.960000
0.960000
0.960000
0.960000
0.960000
0.960000
0.960000
0.960000
0.960000
0.960000
0.960000
0.960000
0.960000
0.960000
0.960000
0.960000
0.960000
0.960000
0.960000
0.960000
0.960000
0.960000
0.960000
0.960000
0.960000
0.960000
0.960000
0.960000
0.960000
0.960000
0.960000
0.960000
0.960000
0.960000
0.960000
0.960000
0.960000
0.960000
0.960000
0.960000
0.960000
0.960000
0.960000
0.960000
0.960000
0.960000
0.960000
0.960000
0.960000
0.960000
0.960000
0.960000
0.960000
0.960000
0.960000
0.960000
0.960000
0.960000
0.960000
0.960000
0.960000
0.960000
0.960000
0.960000
0.960000
0.960000
0.960000
0.960000
0.960000
0.960000
0.960000
0.960000
0.960000
0.960000
0.960000
0.960000
0.960000
0.960000
0.960000
0.960000
0.960000
0.960000
0.960000
0.960000
0.960000
0.960000
0.960000
0.960000
0.960000
0.960000
0.960000
0.960000
0.960000
0.960000
0.960000
0.960000
0.960000
0.960000
0.960000
0.960000
0.960000
0.960000
0.960000
0.960000
0.960000
0.960000
0.960000
0.960000
0.960000
0.960000
0.960000
0.960000
0.960000
0.960000
0.960000
0.960000
0.960000
0.960000
0.960000
0.960000
0.960000
0.960000
0.960000
0.960000
0.960000
0.960000
0.960000
0.960000
0.960000
0.960000
0.960000
0.960000
0.960000
0.960000
0.960000
0.960000
0.960000
0.960000
0.960000
0.960000
0.960000
0.960000
0.960000
0.960000
0.960000
0.960000
0.960000
0.960000
0.960000
0.960000
0.960000
0.960000
0.960000
0.960000
0.960000
0.960000
0.960000
0.960000
0.960000
0.960000
0.960000
0.960000
0.960000
0.960000
0.960000
0.960000
0.960000
0.960000
0.960000
0.960000
0.960000
0.960000
0.960000
0.960000
0.960000
0.960000
0.960000
0.960000
0.960000
0.960000
0.960000
0.960000
0.960000
0.960000
0.960000
0.960000
0.960000
0.960000
0.960000
0.960000
0.960000
0.960000
0.960000
0.960000
0.960000
0.960000
0.960000
0.960000
0.960000
0.960000
0.960000
0.960000
0.960000
0.960000
0.960000
0.960000
0.960000
0.960000
0.960000
0.960000
0.960000
0.960000
0.960000
0.960000
0.976467
0.983053
0.983053
0.983053
0.983053
0.983053
0.983053
0.983053
0.983053
0.983053
0.983053
0.983053
0.983053
0.983053
0.983053
0.983053
0.983053
0.983053
0.983053
0.983053
0.983053
0.983053
0.983053
0.983053
0.983053
0.983053
0.983053
0.983053
0.983053
0.983053
0.966587
0.960000
0.960000
0.960000
0.960000
0.960000
0.960000
0.960000
0.960000
0.960000
0.960000
0.960000
0.960000
0.960000
0.960000
0.960000
0.960000
0.960000
0.960000
0.960000
0.960000
0.960000
0.960000
0.960000
0.960000
0.960000
0.960000
0.960000
0.960000
0.960000
0.960000
0.960000
0.960000
0.960000
0.960000
0.960000
0.960000
0.960000
0.960000
0.960000
0.960000
0.960000
0.960000
0.960000
0.960000
0.960000
0.960000
0.960000
0.960000
0.960000
0.960000
0.960000
0.960000
0.960000
0.960000
0.960000
0.960000
0.960000
0.960000
0.960000
0.960000
0.960000
0.960000
0.960000
0.960000
0.960000
0.960000
0.960000
0.960000
0.960000
0.960000
0.960000
0.960000
0.960000
0.960000
0.960000
0.960000
0.960000
0.960000
0.960000
0.960000
0.960000
0.960000
0.978662
0.981407
0.981407
0.981407
0.981407
0.981407
0.981407
0.981407
0.981407
0.981407
0.981407
0.981407
0.981407
0.981407
0.995678
1.004460
1.004460
1.004460
1.004460
1.004460
1.004460
1.004460
1.004460
1.004460
1.004460
1.004460
1.004460
1.004460
1.004460
1.004460
0.985798
0.983053
0.983053
0.983053
0.983053
0.983053
0.983053
0.983053
0.983053
0.983053
0.983053
0.983053
0.983053
0.983053
0.968782
0.960000
0.960000
0.960000
0.960000
0.960000
0.960000
0.960000
0.960000
0.960000
0.960000
0.962744
0.962744
0.962744
0.962744
0.962744
0.962744
0.962744
0.962744
0.962744
0.962744
0.962744
0.962744
0.962744
0.962744
0.962744
0.962744
0.962744
0.962744
0.962744
0.962744
0.962744
0.962744
0.962744
0.962744
0.962744
0.962744
0.962744
0.962744
0.962744
0.962744
0.960000
0.960000
0.960000
0.960000
0.960000
0.960000
0.960000
0.960000
0.960000
0.960000
0.960000
0.960000
0.960000
0.960000
0.960000
0.960000
0.960000
0.982504
0.982504
0.982504
0.982504
0.982504
0.982504
0.982504
0.982504
0.982504
0.982504
0.982504
0.982504
0.982504
0.982504
0.982504
0.982504
0.982504
0.982504
0.982504
0.982504
0.982504
0.982504
0.982504
0.982504
0.982504
0.982504
0.982504
0.982504
0.982504
0.982504
0.960000
0.960000
0.960000
0.960000
0.960000
0.960000
0.983053
0.983053
0.983053
0.983053
0.983053
0.983053
0.983053
0.983053
0.983053
0.983053
0.983053
0.983053
0.983053
0.983053
0.983053
0.983053
0.983053
0.983053
0.983053
0.983053
0.984151
1.001166
1.002264
1.002264
1.002264
1.002264
1.002264
1.002264
1.002264
1.002264
0.979211
0.979211
0.979211
0.979211
0.979211
0.979211
0.979211
0.979211
0.979211
0.979211
0.979211
0.979211
0.979211
0.979211
0.979211
0.979211
0.979211
0.979211
0.979211
0.979211
0.978113
0.961098
0.960000
0.960000
0.960000
0.960000
0.960000
0.960000
0.960000
0.960000
0.960000
0.960000
0.960000
0.960000
0.960000
0.960000
0.960000
0.960000
0.960000
0.960000
0.960000
0.960000
0.960000
0.960000
0.960000
0.960000
0.960000
0.960000
0.960000
0.960000
0.960000
0.960000
0.960000
0.960000
0.960000
0.960000
0.960000
0.964940
0.978113
1.015986
1.052762
1.088988
1.124666
1.160892
1.197118
1.233345
1.260240
1.260789
1.260789
1.260789
1.260789
1.260789
1.260789
1.260789
1.260789
1.260789
1.260789
1.260789
1.260789
1.260789
1.260789
1.260789
1.260789
1.260789
1.260789
1.260789
1.260789
1.255849
1.242676
1.204803
1.168027
1.131801
1.096123
1.059897
1.023671
0.987444
0.960549
0.960000
0.960000
0.963842
0.963842
0.963842
0.963842
0.963842
0.963842
0.963842
0.963842
0.963842
0.963842
0.963842
0.964391
0.964391
0.964391
0.964391
0.964391
0.964391
0.964391
0.969880
0.969880
0.969880
0.969880
0.969880
0.969880
0.969880
0.969880
0.969880
0.969880
0.969880
0.969880
0.966038
0.966038
0.966038
0.966038
0.966038
0.966038
0.966038
0.966038
0.966038
0.966038
0.966038
0.965489
0.965489
0.965489
0.965489
0.965489
0.965489
0.965489
0.960000
0.960000
0.960000
0.960000
0.960000
0.960000
0.960000
0.960000
0.960000
0.960000
0.960000
0.960000
0.960000
0.960000
0.960000
0.960000
0.960000
0.960000
0.960000
0.966038
0.966038
0.966038
0.966038
0.968233
0.968782
0.982504
1.006655
1.007204
1.007204
1.007204
1.007204
1.007204
1.007204
1.007204
1.033551
1.034648
1.034648
1.034648
1.034648
1.034648
1.034648
1.034648
1.040686
1.040686
1.040686
1.040686
1.040686
1.040686
1.057153
1.081852
1.103259
1.124666
1.144974
1.167479
1.228954
1.278902
1.318422
1.382093
1.439726
1.441372
1.441372
1.441372
1.441372
1.441372
1.415026
1.413928
1.413928
1.413928
1.413928
1.413928
1.413928
1.413928
1.407890
1.430395
1.454545
1.488027
1.526449
1.550600
1.558285
1.551149
1.553894
1.556638
1.560480
1.537976
1.475952
1.440823
1.377702
1.313482
1.255849
1.254202
1.254202
1.254202
1.254202
1.254202
1.254202
1.254202
1.254202
1.254202
1.254202
1.254202
1.254202
1.254202
1.254202
1.231698
1.207547
1.174065
1.135643
1.111492
1.093379
1.085695
1.064288
1.040137
1.015986
1.013791
1.013791
0.985249
0.984700
0.984700
0.984700
0.984700
0.984700
0.984700
0.984700
0.984700
0.984700
0.984700
0.984700
0.984700
0.984700
0.984700
0.984700
0.984700
0.984700
0.984700
0.984700
0.984700
0.984700
0.984700
0.978662
0.962744
0.960000
0.960000
0.960000
0.960000
0.960000
0.960000
0.960000
0.960000
0.960000
0.960000
0.960000
0.960000
0.960000
0.963842
0.963842
0.963842
0.963842
0.963842
0.963842
0.963842
0.963842
0.963842
0.963842
0.963842
0.963842
0.963842
0.963842
0.963842
0.963842
0.963842
0.963842
0.963842
0.963842
0.963842
0.963842
0.963842
0.963842
0.963842
0.963842
0.963842
0.963842
0.963842
0.963842
0.960000
0.960000
0.960000
0.960000
0.960000
0.960000
0.960000
0.960000
0.960000
0.960000
0.960000
0.960000
0.960000
0.960000
0.960000
0.960000
0.960000
0.960000
0.960000
0.960000
0.960000
0.960000
0.960000
0.960000
0.960000
0.960000
0.960000
0.960000
0.960000
0.960000
0.960000
0.960000
0.960000
0.960000
0.960000
0.960000
0.960000
0.960000
0.960000
0.960000
0.960000
0.960000
0.960000
0.960000
0.960000
0.960000
0.960000
0.960000
0.960000
0.960000
0.960000
0.960000
0.960000
0.960000
0.960000
0.960000
0.960000
0.960000
0.960000
0.960000
0.960000
0.960000
0.960000
0.960000
0.960000
0.960000
0.960000
0.960000
0.960000
0.960000
0.960000
0.960000
0.960000
0.960000
0.960000
0.960000
0.960000
0.960000
0.960000
0.960000
0.960000
0.960000
0.960000
0.960000
0.960000
0.960000
0.960000
0.960000
0.960000
0.960000
0.960000
0.960000
0.960000
0.960000
0.960000
0.960000
0.960000
0.960000
0.960000
0.960000
0.960000
0.960000
0.960000
0.960000
0.960000
0.960000
0.960000
0.960000
0.960000
0.960000
0.960000
0.960000
0.960000
0.960000
0.960000
0.960000
0.960000
0.960000
0.960000
0.960000
0.960000
0.960000
0.960000
0.960000
0.960000
0.960000
0.960000
0.960000
0.960000
0.960000
0.960000
0.960000
0.960000
0.960000
0.960000
0.960000
0.960000
0.960000
0.960000
0.960000
0.960000
0.960000
0.960000
0.960000
0.960000
0.960000
0.960000
0.960000
0.960000
0.960000
0.960000
0.960000
0.960000
0.960000
0.960000
0.960000
0.960000
0.960000
0.960000
0.960000
0.960000
0.960000
0.960000
0.960000
0.960000
0.960000
0.960000
0.960000
0.960000
0.960000
0.960000
0.960000
0.960000
0.960000
0.960000
0.960000
0.960000
0.960000
0.960000
0.960000
0.960000
0.960000
0.960000
0.960000
0.960000
0.960000
0.960000
0.960000
0.960000
0.960000
0.960000
0.960000
0.960000
0.960000
0.960000
0.960000
0.960000
0.960000
0.960000
0.960000
0.960000
0.960000
0.960000
0.960000
0.960000
0.960000
0.985249
0.988542
0.988542
0.988542
0.988542
0.988542
0.988542
0.988542
0.988542
0.988542
0.988542
0.988542
0.988542
0.988542
0.988542
0.988542
0.988542
0.988542
0.988542
0.988542
0.988542
0.988542
0.988542
0.988542
0.988542
0.988542
0.988542
0.988542
0.988542
0.988542
0.963293
0.960000
0.960000
0.960000
0.960000
0.960000
0.960000
0.960000
0.960000
0.960000
0.960000
0.960000
0.960000
0.960000
0.960000
0.960000
0.960000
0.960000
0.960000
0.960000
0.960000
0.960000
0.960000
0.960000
0.960000
0.960000
0.960000
0.960000
0.960000
0.960000
0.960000
0.960000
0.960000
0.960000
0.960000
0.960000
0.960549
0.960549
0.960549
0.960549
0.960549
0.960549
0.960549
0.960549
0.960549
0.973722
0.978113
0.980309
0.985249
0.991835
0.991835
1.003362
1.020377
1.020377
1.020377
1.020377
1.020377
1.020377
1.022573
1.022573
1.022573
1.022573
1.022573
1.022573
1.022573
1.022573
1.022024
1.022024
1.022024
1.022024
1.022024
1.022024
1.022024
1.022024
1.022024
1.008851
1.004460
1.002264
0.997324
0.990738
0.990738
0.979211
0.962196
0.962196
0.962196
0.962196
0.962196
0.962196
0.960000
0.960000
0.960000
0.960000
0.960000
0.960000
0.960000
0.960000
0.960000
0.960000
0.960000
0.960000
0.960000
0.960000
0.960000
0.960000
0.960000
0.960000
0.960000
0.960000
0.960000
0.960000
0.960000
0.960000
0.960000
0.960000
0.960000
0.960000
0.960000
0.960000
0.960000
0.960000
0.960000
0.960000
0.960000
0.960000
0.960000
0.960000
0.960000
0.960000
0.960000
0.960000
0.960000
0.960000
0.960000
0.960000
0.960000
0.960000
0.960000
0.960000
0.960000
0.960000
0.960000
0.960000
0.960000
0.960000
0.960000
0.960000
0.960000
0.974271
0.987444
0.987444
0.987444
0.987444
0.987444
0.987444
0.987444
0.987444
0.987444
0.987444
0.987444
0.987444
1.010497
1.017633
1.017633
1.017633
1.017633
1.017633
1.017633
1.017633
1.017633
1.017633
1.017633
1.017633
1.017633
1.017633
1.017633
1.017633
1.017633
1.003362
0.990189
0.992933
0.993482
0.993482
0.993482
0.993482
0.993482
0.993482
0.993482
0.993482
0.993482
0.993482
0.970429
0.963293
0.963293
0.963293
0.963293
0.963293
0.963293
0.963293
0.963293
0.963293
0.963293
0.963293
0.963293
0.963293
0.963293
0.963293
0.963293
0.963842
0.967136
0.964391
0.963842
0.963842
0.963842
0.963842
0.963842
0.963842
0.964940
0.968782
0.971527
0.971527
0.971527
0.971527
0.971527
0.971527
0.971527
0.971527
0.992933
1.040137
1.065386
1.086792
1.098319
1.098319
1.098319
1.098319
1.098319
1.098319
1.098319
1.104906
1.101612
1.101612
1.101612
1.101612
1.101612
1.108748
1.108748
1.108748
1.107650
1.103808
1.101063
1.101063
1.101063
1.101063
1.101063
1.101063
1.101063
1.101063
1.079657
1.032453
1.007204
0.985798
0.974271
0.974271
0.974271
0.974271
0.974271
0.974271
0.974271
0.967136
0.967136
0.967136
0.967136
0.967136
0.967136
0.960000
0.960000
0.960000
0.960000
0.960000
0.960000
0.960000
0.960000
0.960000
0.960000
0.960000
0.960000
0.960000
0.960000
0.960000
0.960000
0.960000
0.960000
0.960000
0.960000
0.960000
0.960000
0.960000
0.960000
0.960000
0.960000
0.960000
0.960000
0.960000
0.960000
0.960000
0.960000
0.960000
0.960000
0.960000
0.960000
0.960000
0.960000
0.960000
0.960000
0.960000
0.960000
0.960000
0.960000
0.960000
0.960000
0.960000
0.960000
0.960000
0.960000
0.960000
0.960000
0.960000
0.960000
0.960000
0.960000
0.960000
0.960000
0.960000
0.960000
0.960000
0.960000
0.960000
0.960000
0.960000
0.960000
0.960000
0.960000
0.960000
0.960000
0.960000
0.960000
0.960000
0.960000
0.960000
0.960000
0.960000
0.960000
0.960000
0.960000
0.960000
0.960000
0.960000
0.960000
0.960000
0.960000
0.960000
0.960000
0.960000
0.960000
0.960000
0.960000
0.960000
0.960000
0.960000
0.960000
0.960000
0.961098
0.961647
0.961647
0.961647
0.961647
0.961647
0.961647
0.961647
0.961647
0.961647
0.961647
0.961647
0.961647
0.961647
0.961647
0.961647
0.961647
0.961647
0.961647
0.961647
0.961647
0.961647
0.961647
0.961647
0.961647
0.961647
0.961647
0.961647
0.961647
0.961647
0.960549
0.960000
0.960000
0.960000
0.960000
0.960000
0.960000
0.960000
0.960000
0.960000
0.960000
0.960000
0.960000
0.960000
0.960000
0.960000
0.960000
0.960000
0.960000
0.960000
0.960000
0.960000
0.960000
0.960000
0.960000
0.960000
0.960000
0.960000
0.960000
0.960000
0.960000
0.960000
0.960000
0.960000
0.960000
0.960000
0.960000
0.960000
0.960000
0.960000
0.960000
0.960000
0.960000
0.960000
0.960000
0.960000
0.960000
0.960000
0.960000
0.960000
0.960000
0.960000
0.960000
0.960000
0.960000
0.960000
0.960000
0.960000
0.960000
0.960000
0.960000
0.960000
0.982504
0.983053
0.983053
0.983053
0.983053
0.983053
0.983053
0.983053
0.983053
0.983053
0.983053
0.983053
0.983053
0.983053
0.983053
0.983053
0.983053
0.983053
0.983053
0.983053
0.983053
0.983053
0.983053
0.983053
0.983053
0.983053
0.983053
0.983053
0.983053
0.983053
0.960549
0.960000
0.960000
0.960000
0.960000
0.960000
0.960000
0.960000
0.960000
0.960000
0.960000
0.960000
0.960000
0.960000
0.960000
0.960000
0.960000
0.960000
0.960000
0.960000
0.960000
0.960000
0.960000
0.960000
0.960000
0.960000
0.960000
0.960000
0.960000
0.960000
0.960000
0.960000
0.960000
0.960000
0.960000
0.960000
0.960000
0.960000
0.960000
0.960000
0.960000
0.960000
0.960000
0.960000
0.960000
0.960000
0.960000
0.960000
0.960000
0.960000
0.960000
0.960000
0.960000
0.960000
0.960000
0.960000
0.960000
0.960000
0.960000
0.960000
0.960000
0.960000
0.960000
0.960000
0.960000
0.960000
0.960000
0.960000
0.960000
0.960000
0.960000
0.960000
0.960000
0.960000
0.960000
0.960000
0.960000
0.960000
0.960000
0.960000
0.960000
0.960000
0.960000
0.960000
0.960000
0.960000
0.960000
0.960000
0.960000
0.960000
0.960000
0.960000
0.960000
0.960000
0.960000
0.960000
0.960000
0.960000
0.960000
0.960000
0.960000
0.960000
0.960000
0.960000
0.960000
0.960000
0.960000
0.960000
0.960000
0.960000
0.960000
0.960000
0.960000
0.960000
0.960000
0.960000
0.960000
0.960000
0.960000
0.960000
0.960000
0.960000
0.960000
0.960000
0.960000
0.960000
0.960000
0.960000
0.960000
0.960000
0.960000
0.960000
0.960000
0.960000
0.960000
0.960000
0.960000
0.960000
0.960000
0.960000
0.960000
0.960000
0.960000
0.960000
0.960000
0.960000
0.960000
0.960000
0.960000
0.960000
0.960000
0.960000
0.960000
0.960000
0.960000
0.960000
0.960000
0.960000
0.960000
0.960000
0.960000
0.960000
0.960000
0.960000
0.960000
0.960000
0.960000
0.960000
0.960000
0.960000
0.960000
0.960000
0.960000
0.960000
0.960000
0.960000
0.960000
0.960000
0.960000
0.960000
0.960000
0.960000
0.960000
0.960000
0.960000
0.960000
0.960000
0.960000
0.960000
0.960000
0.960000
0.960000
0.960000
0.960000
0.960000
0.960000
0.960000
0.960000
0.960000
0.960000
0.960000
0.960000
0.960000
0.960000
0.960000
0.960000
0.960000
0.960000
0.960000
0.960000
0.960000
0.960000
0.960000
0.960000
0.960000
0.960000
0.960000
0.960000
0.960000
0.960000
0.960000
0.960000
0.960000
0.960000
0.960000
0.960000
0.960000
0.960000
0.960000
0.960000
0.960000
0.960000
0.960000
0.979211
0.983602
0.983602
0.983602
0.983602
0.983602
0.983602
0.983602
0.983602
0.983602
0.983602
0.983602
0.983602
0.983602
0.983602
0.983602
0.983602
0.983602
0.983602
0.983602
0.983602
0.983602
0.983602
0.983602
0.983602
0.983602
0.983602
0.983602
0.983602
0.983602
0.964391
0.960000
0.960000
0.960000
0.960000
0.960000
0.960000
0.960000
0.960000
0.960000
0.960000
0.960000
0.960000
0.960000
0.960000
0.960000
0.960000
0.960000
0.960000
0.960000
0.960000
0.960000
0.960000
0.960000
0.960000
0.960000
0.960000
0.960000
0.960000
0.960000
0.960000
0.960000
0.960000
0.960000
0.960000
0.960000
0.960000
0.960000
0.960000
0.960000
0.960000
0.960000
0.960000
0.960000
0.960000
0.960000
0.960000
0.960000
0.960000
0.960000
0.960000
0.960000
0.960000
0.960000
0.960000
0.960000
0.960000
0.960000
0.960000
0.960000
0.960000
0.960000
0.960000
0.965489
0.965489
0.965489
0.965489
0.965489
0.965489
0.965489
0.965489
0.965489
0.965489
0.965489
0.965489
0.965489
0.965489
0.965489
0.965489
0.965489
0.965489
0.965489
0.965489
0.965489
0.965489
0.965489
0.965489
0.965489
0.970978
0.988542
0.991286
0.991286
0.991286
0.985798
0.985798
0.985798
0.985798
0.985798
0.985798
0.985798
0.985798
0.985798
0.985798
0.985798
0.985798
0.985798
0.985798
0.985798
0.985798
0.985798
0.985798
0.985798
0.985798
0.985798
0.985798
0.985798
0.985798
0.985798
0.980309
0.962744
0.960000
0.966038
0.969880
0.969880
0.969880
0.969880
0.969880
0.969880
0.969880
0.969880
0.969880
0.969880
0.969880
0.969880
0.969880
0.969880
0.969880
0.969880
0.969880
0.971527
0.975369
0.975369
0.975369
0.975369
0.975369
0.979211
0.979211
0.979211
0.979211
0.979211
0.979211
0.973173
0.969331
0.978662
0.980858
0.981407
0.981407
0.981407
0.981407
0.981407
0.981407
0.981407
0.981407
0.981407
0.981407
0.981407
0.981407
0.981407
0.981407
0.979760
0.975918
0.975918
0.975918
0.975918
0.975918
0.972075
0.972075
0.972075
0.972075
0.972075
0.972075
0.972075
0.972075
0.962744
0.960549
0.960000
0.960000
0.960000
0.960000
0.960000
0.960000
0.960000
0.960000
0.960000
0.960000
0.960000
0.960000
0.960000
0.960000
0.960000
0.960000
0.960000
0.960000
0.960000
0.960000
0.960000
0.960000
0.960000
0.960000
0.960000
0.960000
0.960000
0.960000
0.960000
0.960000
0.960000
0.960000
0.960000
0.960000
0.960000
0.960000
0.960000
0.960000
0.960000
0.960000
0.960000
0.960000
0.960000
0.960000
0.960000
0.960000
0.960000
0.960000
0.960000
0.960000
0.960000
0.960000
0.960000
0.960000
0.960000
0.960000
0.960000
0.960000
0.960000
0.960000
0.960000
0.960000
0.960000
0.960000
0.960000
0.960000
0.960000
0.960000
0.960000
0.960000
0.960000
0.963842
0.963842
0.963842
0.963842
0.963842
0.963842
0.963842
0.963842
0.963842
0.963842
0.963842
0.963842
0.963842
0.963842
0.963842
0.963842
0.963842
0.963842
0.963842
0.963842
0.963842
0.963842
0.963842
0.963842
0.963842
0.963842
0.963842
0.963842
0.963842
0.963842
0.960000
0.960000
0.960000
0.960000
0.960000
0.960000
0.960000
0.960000
0.960000
0.960000
0.960000
0.960000
0.960000
0.960000
0.960000
0.960000
0.960000
0.960000
0.960000
0.960000
0.960000
0.960000
0.960000
0.960000
0.960000
0.960000
0.960000
0.960000
0.960000
0.960000
0.960000
0.960000
0.960000
0.960000
0.960000
0.960000
0.960000
0.960000
0.960000
0.960000
0.960000
0.960000
0.960000
0.960000
0.960000
0.960000
0.960000
0.960000
0.960000
0.960000
0.960000
0.960000
0.960000
0.960000
0.960000
0.960000
0.960000
0.960000
0.960000
0.960000
0.960000
0.960000
0.960000
0.960000
0.960000
0.960000
0.960000
0.960000
0.960000
0.960000
0.960000
0.960000
0.960000
0.960000
0.960000
0.960000
0.960000
0.960000
0.960000
0.960000
0.960000
0.960000
0.960000
0.960000
0.960000
0.960000
0.960000
0.960000
0.960000
0.960000
0.960000
0.960000
0.960000
0.960000
0.960000
0.960000
0.960000
0.960000
0.960000
0.960000
0.960000
0.960000
0.960000
0.960000
0.960000
0.960000
0.960000
0.960000
0.960000
0.964940
0.988542
0.988542
0.988542
0.988542
0.988542
0.988542
0.988542
0.988542
0.988542
0.988542
0.988542
0.988542
0.988542
0.988542
0.988542
0.988542
0.988542
0.988542
0.988542
0.988542
0.988542
0.988542
0.988542
0.988542
0.988542
0.988542
0.988542
0.988542
0.988542
0.983602
0.960000
0.960000
0.960000
0.960000
0.960000
0.960000
0.960000
0.960000
0.960000
0.960000
0.960000
0.960000
0.960000
0.960000
0.960000
0.960000
0.960000
0.960000
0.960000
0.960000
0.960000
0.960000
0.960000
0.960000
0.960000
0.965489
0.990738
0.990738
0.990738
0.990738
0.990738
0.990738
0.990738
0.990738
0.990738
0.990738
0.990738
0.990738
0.990738
0.990738
0.990738
0.990738
0.990738
0.990738
0.990738
0.990738
0.990738
0.990738
0.990738
0.990738
0.990738
0.990738
0.990738
0.990738
0.990738
0.985249
0.960000
0.960000
0.960000
0.960000
0.960000
0.960000
0.960000
0.960000
0.960000
0.960000
0.960000
0.960000
0.960000
0.960000
0.960000
0.960000
0.960000
0.960000
0.960000
0.960000
0.960000
0.960000
0.960000
0.960000
0.960000
0.960000
0.960000
0.960000
0.960000
0.960000
0.960000
0.960000
0.960000
0.960000
0.960000
0.960000
0.960000
0.960000
0.960000
0.960000
0.960000
0.960000
0.960000
0.960000
0.960000
0.960000
0.960000
0.960000
0.960000
0.960000
0.960000
0.960000
0.960000
0.960000
0.960000
0.960000
0.960000
0.960000
0.960000
0.960000
0.960000
0.960000
0.960000
0.960000
0.960000
0.960000
0.960000
0.960000
0.960000
0.960000
0.960000
0.960000
0.960000
0.960000
0.960000
0.960000
0.960000
0.960000
0.960000
0.960000
0.960000
0.960000
0.960000
0.960000
0.960000
0.960000
0.960000
0.960000
0.960000
0.960000
0.960000
0.960000
0.960000
0.960000
0.960000
0.960000
0.960000
0.960000
0.960000
0.960000
0.960000
0.960000
0.960000
0.960000
0.960000
0.960000
0.960000
0.960000
0.960000
0.960000
0.960000
0.960000
0.960000
0.960000
0.960000
0.960000
0.960000
0.960000
0.960000
0.960000
0.960000
0.960000
0.960000
0.968782
0.982504
0.984151
0.984151
0.984151
0.984151
0.984151
0.984151
0.984151
0.984151
0.984151
0.984151
0.984151
0.984151
0.984151
0.984151
0.984151
0.984151
0.984151
0.984151
0.984151
0.984151
0.984151
0.984151
0.984151
0.984151
0.984151
0.984151
0.984151
0.984151
0.975369
0.961647
0.960000
0.960000
0.960000
0.960000
0.960000
0.960000
0.960000
0.960000
0.960000
0.960000
0.960000
0.960000
0.960000
0.960000
0.960000
0.960000
0.960000
0.960000
0.960000
0.960000
0.960000
0.960000
0.960000
0.960000
0.960000
0.960000
0.960000
0.960000
0.960000
0.960000
0.960000
0.960000
0.960000
0.960000
0.960000
0.960000
0.960000
0.960000
0.960000
0.960000
0.960000
0.960000
0.960000
0.960000
0.960000
0.960000
0.960000
0.960000
0.960000
0.960000
0.960000
0.960000
0.960000
0.960000
0.960000
0.960000
0.960000
0.960000
0.960000
0.960000
0.960000
0.960000
0.960000
0.960000
0.960000
0.960000
0.960000
0.960000
0.960000
0.960000
0.960000
0.960000
0.960000
0.960000
0.960000
0.960000
0.960000
0.960000
0.960000
0.960000
0.960000
0.960000
0.960000
0.960000
0.960000
0.960000
0.960000
0.960000
0.960000
0.960000
0.960000
0.960000
0.960000
0.960000
0.960000
0.960000
0.960000
0.960000
0.960000
0.960000
0.960000
0.960000
0.960000
0.960000
0.960000
0.960000
0.960000
0.960000
0.960000
0.960000
0.960000
0.960000
0.960000
0.960000
0.960000
0.960000
0.960000
0.960000
0.960000
0.960000
0.960000
0.960000
0.960000
0.960000
0.960000
0.960000
0.960000
0.960000
0.960000
0.960000
0.960000
0.960000
0.960000
0.960000
0.960000
0.960000
0.960000
0.960000
0.960000
0.960000
0.960000
0.960000
0.960000
0.960000
0.960000
0.960000
0.960000
0.960000
0.960000
0.960000
0.960000
0.960000
0.960000
0.960000
0.960000
0.960000
0.960000
0.960000
0.960000
0.960000
0.960000
0.960000
0.960000
0.960000
0.960000
0.960000
0.960000
0.960000
0.960000
0.960000
0.960000
0.960000
0.960000
0.960000
0.960000
0.960000
0.960000
0.960000
0.960000
0.960000
0.960000
0.960000
0.960000
0.960000
0.960000
0.960000
0.960000
0.960000
0.960000
0.960000
0.960000
0.960000
0.960000
0.960000
0.960000
0.960000
0.960000
0.960000
0.960000
0.960000
0.960000
0.960000
0.960000
0.960000
0.960000
0.960000
0.960000
0.960000
0.960000
0.960000
0.960000
0.960000
0.960000
0.960000
0.960000
0.960000
0.960000
0.960000
0.960000
0.960000
0.960000
0.960000
0.960000
0.960000
0.960000
0.960000
0.960000
0.960000
0.960000
0.960000
0.960000
0.960000
0.960000
0.960000
0.960000
0.960000
0.960000
0.960000
0.960000
0.960000
0.960000
0.960000
0.960000
0.960000
0.960000
0.960000
0.960000
0.960000
0.960000
0.960000
0.960000
0.960000
0.960000
0.960000
0.987444
0.989640
0.989640
0.989640
0.989640
0.989640
0.989640
0.989640
0.989640
0.989640
0.989640
0.989640
0.989640
1.003911
1.016535
1.016535
1.042882
1.044528
1.044528
1.044528
1.044528
1.044528
1.044528
1.044528
1.044528
1.064288
1.099966
1.111492
1.122470
1.122470
1.096123
1.134545
1.176261
1.198765
1.198765
1.203705
1.204254
1.204254
1.204254
1.204254
1.204254
1.204254
1.204254
1.189983
1.183396
1.192178
1.167479
1.165832
1.165832
1.165832
1.165832
1.165832
1.165832
1.165832
1.165832
1.146072
1.110395
1.098868
1.087890
1.087890
1.086792
1.046175
1.004460
0.981955
0.981955
0.977015
0.976467
0.976467
0.976467
0.976467
0.976467
0.976467
0.976467
0.976467
0.970429
0.961647
0.967684
1.014889
1.025866
1.025866
1.025866
1.025866
1.067033
1.111492
1.135094
1.135643
1.142779
1.143328
1.143328
1.143328
1.143328
1.143328
1.143328
1.143328
1.143328
1.149914
1.157599
1.160892
1.160892
1.160892
1.160892
1.160892
1.160892
1.160892
1.160892
1.160892
1.153208
1.106003
1.095026
1.095026
1.095026
1.095026
1.053859
1.009400
0.985798
0.985249
0.978113
0.977564
0.977564
0.977564
0.980858
0.981955
0.981955
0.981955
1.028062
1.037942
1.030257
1.029160
1.054408
1.085146
1.108199
1.108199
1.108199
1.108199
1.108199
1.108199
1.108199
1.108199
1.108199
1.108199
1.108199
1.108199
1.113688
1.131252
1.140034
1.150463
1.150463
1.154305
1.164185
1.185043
1.220172
1.238285
1.261338
1.280000
1.253654
1.259691
1.278902
1.300309
1.280000
1.249262
1.226209
1.226209
1.226209
1.226209
1.226209
1.261887
1.264082
1.264082
1.264082
1.264082
1.264082
1.264082
1.258593
1.241029
1.232247
1.221818
1.221818
1.217976
1.208096
1.227856
1.219623
1.201509
1.178456
1.168027
1.164185
1.188885
1.205352
1.220172
1.220172
1.220720
1.230600
1.230600
1.234443
1.234991
1.240480
1.211938
1.210292
1.210292
1.210292
1.210292
1.210292
1.210292
1.210292
1.210292
1.215780
1.237736
1.237736
1.247067
1.247616
1.206998
1.186141
1.185043
1.188336
1.206449
1.208645
1.161441
1.135094
1.102161
1.097221
1.106552
1.096672
1.096672
1.092830
1.092281
1.086792
1.079657
1.079108
1.079108
1.079108
1.079108
1.079108
1.079108
1.079108
1.079108
1.073619
1.051664
1.051664
1.042333
1.045077
1.053310
1.049468
1.049468
1.046175
1.023122
1.006655
1.007204
0.997873
0.992384
0.992384
0.982504
0.983053
0.998422
1.012144
1.024768
1.024768
1.024768
1.058799
1.091184
1.101612
1.116432
1.118079
1.132899
1.174614
1.209194
1.252007
1.260240
1.260240
1.270669
1.267376
1.259142
1.253654
1.253654
1.253654
1.250360
1.253654
1.255300
1.255300
1.255300
1.255300
1.265180
1.267925
1.252556
1.248714
1.236089
1.243774
1.250909
1.216878
1.193825
1.183945
1.169125
1.176810
1.161990
1.120274
1.095026
1.052213
1.043979
1.053310
1.042882
1.042882
1.042882
1.042882
1.042882
1.042882
1.059897
1.065386
1.063739
1.063739
1.063739
1.063739
1.075266
1.071973
1.071973
1.062093
1.064837
1.081852
1.074717
1.074717
1.065386
1.064837
1.064837
1.055506
1.055506
1.055506
1.046175
1.046175
1.046175
1.087890
1.104906
1.114786
1.116981
1.122470
1.170223
1.196569
1.180103
1.169674
1.178456
1.182847
1.182847
1.182847
1.180652
1.183396
1.183396
1.183396
1.182847
1.165283
1.171870
1.171870
1.177358
1.177358
1.180103
1.182847
1.182847
1.187238
1.187238
1.191081
1.192178
1.141132
1.129605
1.119726
1.117530
1.116981
1.069228
1.042882
1.042333
1.042333
1.033002
1.028611
1.028611
1.028611
1.009400
1.009400
1.009949
1.009949
1.007753
1.000617
0.994031
0.994031
0.988542
0.988542
0.985798
0.983053
0.983053
0.978662
0.978662
0.979760
0.987993
0.990189
0.984700
0.984700
0.984700
0.979760
0.979760
0.979760
0.981955
0.987993
1.015986
1.063190
1.075815
1.075815
1.075815
1.074168
1.114237
1.156501
1.163087
1.163087
1.171321
1.171321
1.171321
1.171321
1.171321
1.171321
1.171321
1.171321
1.177358
1.176261
1.174065
1.171870
1.171870
1.171870
1.171870
1.171870
1.171870
1.171870
1.169674
1.163636
1.135643
1.088439
1.075815
1.075815
1.075815
1.074717
1.034099
0.991835
0.985249
0.985249
0.977015
0.977015
0.977015
0.977015
0.977015
0.977015
0.977015
0.977015
0.970978
0.967136
0.960000
0.960000
0.960000
0.960000
0.960000
0.960000
0.960000
0.960000
0.960000
0.960000
0.960000
0.960000
0.960000
0.960000
0.960000
0.960000
0.960000
0.960000
0.960000
0.960000
0.960000
0.960000
0.960000
0.960000
0.960000
0.960000
0.960000
0.960000
0.960000
0.960000
0.960000
0.960000
0.960000
0.960000
0.960000
0.960000
0.960000
0.960000
0.960000
0.960000
0.960000
0.960000
0.960000
0.960000
0.960000
0.960000
0.960000
0.960000
0.960000
0.960000
0.960000
0.960000
0.960000
0.960000
0.960000
0.960000
0.979760
1.014889
1.050566
1.085695
1.120823
1.151561
1.152110
1.152110
1.155403
1.155403
1.155403
1.155403
1.155403
1.155403
1.155403
1.155403
1.155403
1.155403
1.155403
1.170772
1.175163
1.175163
1.175163
1.175163
1.175163
1.175163
1.175163
1.175163
1.175163
1.175163
1.155403
1.120274
1.084597
1.049468
1.017633
0.986895
0.986346
0.986346
0.983053
0.983053
0.983053
0.983053
0.983053
0.983053
0.983053
0.989091
0.989091
0.989091
0.989091
0.973722
0.972624
0.973722
0.973722
0.973722
0.973722
0.973722
0.973722
0.973722
0.973722
0.973722
0.973722
0.973722
0.973722
0.973722
0.970429
0.995678
1.035746
1.047273
1.047273
1.047273
1.052213
1.093928
1.136741
1.145523
1.145523
1.146072
1.146072
1.152110
1.179005
1.203705
1.224563
1.232247
1.232247
1.238834
1.244322
1.270120
1.278353
1.278353
1.278353
1.278353
1.278353
1.278353
1.278353
1.278353
1.278353
1.253105
1.213036
1.201509
1.201509
1.201509
1.196569
1.154854
1.112041
1.103259
1.103259
1.096672
1.096672
1.090635
1.063739
1.039039
1.014889
1.006106
1.006106
0.999520
0.994031
0.968233
0.960000
0.960000
0.960000
0.960000
0.960000
0.960000
0.960000
0.960000
0.960000
0.960000
0.960000
0.960000
0.960000
0.960000
0.960000
0.960000
0.960000
0.960000
0.960000
0.960000
0.960000
0.960000
0.960000
0.960000
0.960000
0.960000
0.960000
0.960000
0.960000
0.960000
0.960000
0.960000
0.960000
0.960000
0.960000
0.960000
0.960000
0.960000
0.960000
0.960000
0.960000
0.960000
0.960000
0.960000
0.960000
0.960000
0.960000
0.960000
0.960000
0.960000
0.960000
0.960000
0.960000
0.960000
0.960000
0.960000
0.960000
0.960000
0.960000
0.960000
0.960000
0.960000
0.960000
0.960000
0.960000
0.960000
0.961098
0.962744
0.962744
0.962744
0.962744
0.962744
0.962744
0.962744
0.962744
0.962744
0.962744
0.962744
0.962744
0.962744
0.962744
0.962744
0.962744
0.962744
0.962744
0.962744
0.962744
0.962744
0.962744
0.962744
0.962744
0.962744
0.962744
0.962744
0.962744
0.962744
0.961647
0.960000
0.960000
0.960000
0.960000
0.960000
0.960000
0.960000
0.960000
0.966038
0.968233
0.968233
0.968233
0.968233
0.968233
0.973173
0.975918
0.977015
0.978113
0.978113
0.978113
0.978113
0.978113
0.978113
0.978113
0.980309
0.980309
0.980309
0.980309
0.980309
0.980309
0.980309
0.980309
0.982504
0.982504
0.982504
0.982504
0.982504
0.982504
0.976467
0.974271
0.974271
0.974271
0.974271
0.974271
0.969331
0.966587
0.965489
0.964391
0.964391
0.964391
0.969880
0.969880
0.969880
0.969880
0.967684
0.967684
0.967684
0.967684
0.967684
0.967684
0.967684
0.967684
0.965489
0.965489
0.965489
0.965489
0.965489
0.965489
0.965489
0.965489
0.965489
0.965489
0.965489
0.965489
0.965489
0.965489
0.965489
0.965489
0.965489
0.965489
0.960000
0.964391
0.981955
0.981955
0.981955
0.981955
0.981955
0.981955
0.981955
0.981955
0.981955
0.981955
0.981955
0.981955
0.981955
0.981955
0.981955
0.981955
0.981955
0.981955
0.981955
0.981955
0.981955
0.981955
0.981955
0.981955
0.981955
0.981955
0.981955
0.981955
0.981955
0.977564
0.960000
0.960000
0.960000
0.960000
0.960000
0.960000
0.960000
0.960000
0.960000
0.960000
0.960000
0.960000
0.960000
0.960000
0.960000
0.960000
0.960000
0.960000
0.960000
0.972075
0.981955
0.981955
0.981955
0.981955
0.981955
0.981955
0.981955
0.981955
0.981955
0.981955
0.981955
0.981955
0.981955
0.981955
0.981955
0.981955
0.981955
0.981955
0.981955
0.981955
0.981955
0.981955
0.981955
0.981955
0.981955
0.981955
0.981955
0.981955
0.981955
0.973173
0.966587
0.970978
0.970978
0.984151
1.001166
1.001166
1.001166
1.001166
1.001166
1.001166
1.001166
1.001166
1.001166
1.001166
1.001166
1.001166
1.003911
1.028611
1.028611
1.028611
1.028611
1.028611
1.028611
1.028611
1.028611
1.028611
1.028611
1.028611
1.028611
1.025317
1.022024
1.017633
1.017633
1.004460
0.987444
0.987444
0.987444
0.987444
0.987444
0.987444
0.987444
0.987444
0.987444
0.987444
0.987444
0.987444
0.984700
0.960000
0.960000
0.960000
0.960000
0.960000
0.960000
0.960000
0.960000
0.960000
0.960000
0.960000
0.960000
0.960000
0.960000
0.960000
0.960000
0.960000
0.960000
0.960000
0.960000
0.960000
0.960000
0.960000
0.960000
0.960000
0.960000
0.960000
0.960000
0.960000
0.960000
0.960000
0.960000
0.960000
0.960000
0.960000
0.960000
0.960000
0.960000
0.960000
0.960000
0.960000
0.960000
0.960000
0.960000
0.960000
0.960000
0.960000
0.960000
0.960000
0.960000
0.960000
0.960000
0.960000
0.960000
0.960000
0.960000
0.960000
0.983602
0.986895
0.986895
0.986895
0.986895
0.986895
0.986895
0.986895
0.986895
0.986895
0.986895
0.986895
0.986895
0.986895
0.986895
0.986895
0.986895
0.986895
0.986895
0.986895
0.986895
0.986895
0.986895
0.986895
0.986895
0.986895
0.986895
0.986895
0.986895
0.986895
0.963293
0.960000
0.960000
0.960000
0.960000
0.960000
0.960000
0.960000
0.960000
0.960000
0.960000
0.960000
0.960000
0.960000
0.960000
0.960000
0.960000
0.960000
0.960000
0.960000
0.960000
0.960000
0.960000
0.960000
0.960000
0.960000
0.960000
0.960000
0.960000
0.960000
0.960000
0.960000
0.960000
0.960000
0.960000
0.960000
0.960000
0.960000
0.960000
0.960000
0.960000
0.960000
0.960000
0.960000
0.960000
0.960000
0.960000
0.960000
0.960000
0.960000
0.960000
0.960000
0.960000
0.960000
0.960000
0.960000
0.960000
0.960000
0.960000
0.960000
0.960000
0.960000
0.960000
0.960000
