0.960277
0.960260
0.960244
0.960231
0.960219
0.960208
0.960198
0.960189
0.960181
0.960173
0.960166
0.960160
0.960154
0.960148
0.960143
0.960138
0.960138
0.960000
0.960000
0.960000
0.960000
0.960000
0.960000
0.960000
0.960000
0.960000
0.960000
0.960000
0.960000
0.960000
0.960000
0.960138
0.960138
0.960138
0.960138
0.960138
0.960138
0.960138
0.960138
0.960138
0.960138
0.960138
0.960138
0.960138
0.960138
0.960277
0.960277
0.960277
0.960277
0.964846
0.979663
0.984232
0.984232
0.984232
0.984232
0.984232
0.984232
0.984232
0.984232
0.984232
0.984232
0.984094
0.984094
0.984094
0.984094
0.984094
0.984232
0.984232
0.984232
0.984232
0.984232
0.984232
0.984232
0.984232
0.984232
0.984094
0.984094
0.984094
0.984094
0.979524
0.964708
0.960138
0.960138
0.960138
0.960138
0.960138
0.960138
0.960138
0.960138
0.960138
0.960138
0.960138
0.960138
0.960138
0.960138
0.960138
0.960000
0.960000
0.960000
0.960000
0.960000
0.960000
0.960000
0.960000
0.960000
0.960000
0.960000
0.960000
0.960000
0.960000
0.960000
0.960000
0.960000
0.960000
0.960000
0.960000
0.960000
0.960000
0.960000
0.960000
0.960000
0.960000
0.960000
0.960000
0.960000
0.960000
0.960000
0.960000
0.960000
0.960000
0.960000
0.960000
0.960000
0.960000
0.960000
0.960000
0.960000
0.960000
0.960000
0.960000
0.960000
0.960138
0.960138
0.960138
0.960138
0.960138
0.960138
0.960138
0.960138
0.960138
0.960138
0.960138
0.960138
0.960138
0.960138
0.960138
0.960138
0.960138
0.960138
0.960138
0.960138
0.960277
0.960277
0.960277
0.960277
0.960277
0.960277
0.960277
0.960277
0.960277
0.960277
0.960138
0.960138
0.960138
0.960138
0.960138
0.960138
0.960138
0.960138
0.960138
0.960138
0.960138
0.960138
0.960138
0.960138
0.960138
0.960138
0.960138
0.960138
0.960138
0.960138
0.960000
0.960000
0.960000
0.960000
0.960000
0.960000
0.960138
0.960138
0.960138
0.960138
0.960138
0.960138
0.960138
0.960138
0.960138
0.960138
0.960277
0.960277
0.960277
0.960277
0.960277
0.960277
0.960277
0.960277
0.960277
0.960415
0.960415
0.960415
0.960415
0.960554
0.960554
0.960554
0.960554
0.960554
0.960554
0.960554
0.960415
0.960554
0.960554
0.960554
0.960554
0.960692
0.960692
0.960692
0.960692
0.960692
0.960554
0.960554
0.960554
0.960554
0.960554
0.960692
0.960692
0.960692
0.960692
0.960692
0.960692
0.960692
0.960692
0.960554
0.960554
0.960554
0.960554
0.960554
0.960554
0.960554
0.960692
0.960554
0.960554
0.960554
0.960554
0.960415
0.960554
0.960554
0.960554
0.960554
0.960554
0.960554
0.960554
0.960554
0.960554
0.960415
0.960415
0.960554
0.960554
0.960415
0.960415
0.960415
0.960554
0.960554
0.960554
0.960554
0.960554
0.960554
0.960554
0.960692
0.960554
0.960554
0.960554
0.960554
0.960554
0.960692
0.960554
0.960554
0.960554
0.960554
0.960554
0.960554
0.960554
0.960554
0.960554
0.960554
0.960554
0.960415
0.960415
0.960415
0.960415
0.960415
0.960415
0.960415
0.960415
0.960415
0.960415
0.960554
0.960554
0.960415
0.960415
0.960415
0.960415
0.960415
0.960554
0.960415
0.960415
0.960415
0.960415
0.960554
0.960554
0.960554
0.960554
0.960554
0.960554
0.960692
0.960692
0.960692
0.960692
0.960692
0.960692
0.960831
0.960692
0.960692
0.960692
0.960692
0.960692
0.960554
0.960554
0.960692
0.960692
0.960692
0.960692
0.960831
0.960692
0.960692
0.960692
0.960692
0.960692
0.960692
0.960692
0.960692
0.960831
0.960831
0.960831
0.960692
0.960692
0.960692
0.960831
0.960831
0.960831
0.960831
0.960831
0.960831
0.960831
0.960831
0.960831
0.960831
0.960831
0.960831
0.960831
0.960831
0.960831
0.960831
0.960831
0.960831
0.960831
0.960831
0.960969
0.960831
0.960831
0.960831
0.960831
0.960831
0.960831
0.960831
0.960831
0.960831
0.960692
0.960831
0.960831
0.960692
0.960692
0.960692
0.960831
0.960831
0.960831
0.960831
0.960831
0.960692
0.960692
0.960692
0.960692
0.960554
0.960554
0.960692
0.960692
0.960692
0.960554
0.960692
0.960692
0.960692
0.960554
0.960554
0.960554
0.960554
0.960692
0.960692
0.960692
0.960554
0.960692
0.960692
0.960692
0.960692
0.960554
0.960554
0.960554
0.960554
0.960554
0.960692
0.960692
0.960692
0.960692
0.960692
0.960692
0.960554
0.960554
0.960692
0.960692
0.960554
0.960554
0.960554
0.960554
0.960554
0.960554
0.960554
0.960415
0.960554
0.960554
0.960554
0.960415
0.960415
0.960415
0.960415
0.960415
0.960415
0.960415
0.960554
0.960554
0.960415
0.960415
0.960415
0.960415
0.960415
0.960415
0.960415
0.960415
0.960277
0.960277
0.960277
0.960277
0.960277
0.960415
0.960415
0.960415
0.960415
0.960415
0.960277
0.960277
0.960277
0.960415
0.960415
0.964985
0.980216
0.986032
0.986032
0.986863
0.989494
0.989494
0.989494
0.989494
0.989494
0.989494
0.989494
0.989494
0.989494
0.989632
0.990740
0.994756
1.014280
1.016357
1.017188
1.017049
1.017049
1.035604
1.059144
1.082683
1.095423
1.099854
1.117854
1.117716
1.117854
1.113285
1.098053
1.092653
1.092653
1.091822
1.089053
1.089053
1.089053
1.089053
1.089053
1.089191
1.090022
1.090022
1.090022
1.089884
1.088776
1.084760
1.065236
1.063298
1.062467
1.062467
1.062467
1.043912
1.020372
0.996833
0.984094
0.984647
0.968862
0.970108
0.981047
0.992125
0.992125
0.991709
0.991709
0.991709
0.991709
0.993509
0.994617
0.994617
0.994617
0.994479
0.993648
0.993648
0.993648
0.993648
0.993648
0.993648
0.993648
0.993509
0.993509
0.993509
0.993648
0.993648
0.993648
0.993648
0.993648
0.988663
0.986448
0.985201
0.974124
0.963046
0.963046
0.963046
0.963046
0.963185
0.963185
0.961385
0.960277
0.960277
0.960277
0.960277
0.960277
0.960277
0.960277
0.960277
0.960277
0.960415
0.960415
0.960415
0.960415
0.960415
0.960277
0.960277
0.960415
0.960415
0.960415
0.960415
0.960415
0.960415
0.960415
0.963046
0.963046
0.965816
0.980493
0.987555
0.987832
1.008187
1.008187
1.008187
1.008187
1.008187
1.008187
1.008187
1.008187
1.008187
1.008187
1.008049
1.008741
1.009018
1.009433
1.009433
1.009987
1.011095
1.011372
1.011372
1.011372
1.011372
1.011372
1.011510
1.011510
1.008879
1.008879
1.006110
0.991432
0.984232
0.983955
0.963600
0.963600
0.963600
0.963600
0.963600
0.963600
0.963600
0.963600
0.963600
0.963600
0.963600
0.962908
0.962631
0.962216
0.962216
0.961662
0.960554
0.960138
0.960138
0.960138
0.960138
0.960138
0.960000
0.960138
0.960138
0.960138
0.960138
0.960138
0.960138
0.960138
0.960138
0.960138
0.960138
0.960138
0.960277
0.960277
0.960277
0.960277
0.960277
0.960277
0.960277
0.960277
0.960277
0.960277
0.960277
0.960277
0.960277
0.960277
0.960277
0.960277
0.960277
0.960277
0.960277
0.960138
0.960138
0.960138
0.960138
0.960138
0.960277
0.960277
0.960277
0.960277
0.960277
0.960277
0.960138
0.960138
0.960138
0.960138
0.960138
0.960138
0.960138
0.960138
0.960277
0.960277
0.960277
0.960277
0.960277
0.960277
0.960277
0.960277
0.960277
0.960277
0.960277
0.960277
0.960277
0.960277
0.960277
0.960277
0.960138
0.960138
0.960138
0.960138
0.960138
0.960138
0.960138
0.960138
0.960138
0.960138
0.960138
0.960138
0.960138
0.960138
0.960000
0.960000
0.960000
0.960000
0.960138
0.960138
0.960138
0.960138
0.960138
0.960138
0.960138
0.960138
0.960138
0.960138
0.960138
0.960138
0.960138
0.960138
0.960138
0.960138
0.960138
0.960138
0.960138
0.960831
0.960831
0.960831
0.960831
0.961246
0.961246
0.961385
0.961662
0.964016
0.964016
0.964016
0.963877
0.963877
0.963877
0.963877
0.963877
0.964016
0.964016
0.964016
0.964016
0.964016
0.965539
0.965539
0.965539
0.965539
0.965539
0.965539
0.965677
0.965677
0.965677
0.964985
0.964985
0.964985
0.966231
0.965816
0.965816
0.967339
0.967893
0.984647
0.986032
0.986448
0.986448
0.986724
0.986724
0.987417
0.988109
0.990048
0.991294
0.993094
0.993094
0.993233
0.994756
0.998771
0.998771
0.998771
0.998771
0.998910
0.998771
0.998771
0.998771
0.998771
1.002925
1.005556
1.004310
1.004310
1.004310
1.002648
1.001818
0.983263
0.999741
1.023142
1.046820
1.051528
1.051666
1.050974
1.050282
1.048205
1.046958
1.056928
1.058867
1.059282
1.059005
1.059144
1.059144
1.059144
1.059144
1.059005
1.059144
1.059836
1.060528
1.060667
1.056513
1.053882
1.053882
1.053882
1.053882
1.053882
1.053882
1.053328
1.035604
1.011787
0.988109
0.983124
0.982986
0.982986
0.982986
0.982986
0.982986
0.971216
0.969277
0.968724
0.965954
0.961800
0.961800
0.961800
0.961939
0.961939
0.961800
0.961108
0.960415
0.960277
0.960277
0.960277
0.960277
0.960277
0.960277
0.960277
0.960277
0.960277
0.960138
0.960277
0.967893
0.982709
0.985340
0.985894
0.985894
0.985894
0.985894
0.985894
0.985894
0.985894
0.985894
0.985894
0.985894
0.985894
0.986448
0.986448
0.986448
0.986448
0.986448
0.986448
0.986448
0.986448
0.986448
0.986586
0.986586
0.986586
0.986586
0.986586
0.986586
0.986448
0.978832
0.965400
0.980632
1.006110
1.032419
1.053190
1.053190
1.055128
1.055128
1.055128
1.055128
1.055128
1.055128
1.055267
1.060113
1.062882
1.062882
1.063990
1.068560
1.068560
1.068698
1.068698
1.068698
1.068560
1.068560
1.068560
1.068560
1.068560
1.068698
1.068698
1.068698
1.067313
1.049451
1.023419
0.997110
0.976339
0.976339
0.974539
0.974539
0.974539
0.974539
0.974539
0.974539
0.974401
0.968862
0.966231
0.966231
0.965123
0.960554
0.960554
0.960415
0.960415
0.960415
0.960415
0.960554
0.962216
0.962216
0.962216
0.962216
0.962216
0.962216
0.962216
0.962216
0.962216
0.962216
0.962216
0.962354
0.962216
0.962216
0.962216
0.962216
0.962354
0.976478
0.987694
0.987694
0.987555
0.987555
0.987555
0.987694
0.987832
0.987832
0.987832
0.987971
0.987971
0.987832
0.986171
0.986171
0.986309
0.986171
0.986171
0.986171
0.986171
0.986309
0.986309
0.986309
0.986309
0.986171
0.986171
0.986171
0.986171
0.986309
0.986171
0.972047
0.972462
0.984924
0.985063
0.985063
0.985063
0.984924
0.984786
0.984786
0.984786
0.985755
0.999602
1.012064
1.021065
1.027711
1.037127
1.046405
1.063298
1.069944
1.069944
1.073544
1.075621
1.075621
1.086699
1.090992
1.103592
1.117162
1.134332
1.146656
1.158287
1.169088
1.170473
1.174350
1.180442
1.189720
1.198305
1.198305
1.198305
1.198305
1.201351
1.215337
1.225306
1.237630
1.239707
1.233061
1.223506
1.214506
1.197613
1.191104
1.202874
1.199136
1.197059
1.197059
1.185981
1.183766
1.171857
1.158287
1.141117
1.128655
1.117024
1.109269
1.096253
1.080052
1.074514
1.065236
1.056651
1.056790
1.056790
1.056790
1.054159
1.041143
1.017326
0.992540
0.981463
0.981463
0.981463
0.981324
0.981324
0.981186
0.969554
0.969554
0.969554
0.969554
0.969554
0.967477
0.967339
0.967339
0.971078
0.977724
0.983955
0.984924
0.989632
0.995448
0.994756
1.010957
1.044881
1.083237
1.121178
1.154964
1.188612
1.220321
1.254246
1.288171
1.321819
1.355744
1.389392
1.423040
1.456965
1.494628
1.533953
1.572032
1.605819
1.639467
1.673114
1.706901
1.740964
1.775720
1.806598
1.834431
1.863232
1.893141
1.923328
1.951852
1.986608
2.005301
2.005578
2.001147
1.996855
1.996578
1.996301
1.994639
1.995055
1.995193
1.996024
1.996301
1.996716
1.996993
1.997270
1.994085
1.988823
1.984531
1.969576
1.935928
1.902280
1.868494
1.833877
1.799121
1.764504
1.730164
1.704824
1.681284
1.646390
1.611911
1.577156
1.542261
1.508060
1.474135
1.440487
1.406977
1.373191
1.341066
1.311849
1.278755
1.244277
1.210075
1.177119
1.144302
1.110239
1.078806
1.049035
1.030342
1.018295
1.018295
1.018295
1.018295
1.018295
1.018295
1.018295
1.018157
1.008603
0.998217
0.998217
0.998217
0.998217
0.998217
0.998217
0.998079
0.998079
0.998079
0.998079
0.998217
0.993094
0.992125
0.992125
0.992125
0.991017
0.989771
0.989632
0.986586
0.982155
0.967062
0.960277
0.960277
0.960277
0.960277
0.960277
0.960277
0.960415
0.960415
0.960277
0.960277
0.960277
0.960415
0.960415
0.960415
0.960415
0.960415
0.960415
0.960415
0.960415
0.960277
0.960277
0.960277
0.960277
0.960277
0.960277
0.960277
0.960415
0.960415
0.960415
0.960415
0.960415
0.960415
0.960415
0.960415
0.960415
0.960415
0.960415
0.960415
0.960415
0.960415
0.960415
0.960277
0.960277
0.960277
0.960277
0.960277
0.960277
0.960415
0.960415
0.960415
0.960415
0.960415
0.960415
0.960415
0.960554
0.960554
0.960415
0.960415
0.960415
0.960415
0.960415
0.960415
0.960415
0.960415
0.960415
0.960415
0.960277
0.960277
0.960277
0.960277
0.960277
0.960277
0.960277
0.960277
0.960415
0.960415
0.960415
0.960277
0.960277
0.960277
0.960277
0.960277
0.960277
0.960277
0.960138
0.960277
0.960277
0.960277
0.960277
0.960277
0.960277
0.960277
0.960277
0.960277
0.960277
0.960277
0.960277
0.960277
0.960277
0.960277
0.960277
0.960415
0.960415
0.960415
0.960277
0.960277
0.960277
0.960277
0.960415
0.960415
0.960415
0.960415
0.960415
0.960415
0.960415
0.960277
0.960277
0.960277
0.960277
0.960277
0.960277
0.960415
0.960415
0.960415
0.960415
0.960415
0.960415
0.960415
0.960415
0.960554
0.960554
0.960415
0.960415
0.960415
0.960415
0.960415
0.960415
0.960415
0.960415
0.960415
0.960415
0.960415
0.960415
0.960415
0.960415
0.960415
0.960415
0.960554
0.960554
0.960554
0.960554
0.960415
0.960415
0.960415
0.960415
0.960415
0.960415
0.960415
0.960415
0.960415
0.960415
0.960415
0.960415
0.960415
0.960415
0.960415
0.960415
0.960554
0.960415
0.960415
0.960415
0.960415
0.960415
0.960415
0.960415
0.960415
0.960415
0.960277
0.960277
0.960277
0.960277
0.960277
0.960277
0.960277
0.960415
0.960415
0.960415
0.960415
0.960415
0.960277
0.960277
0.960277
0.960277
0.960277
0.960415
0.960415
0.960415
0.960277
0.960277
0.960277
0.960277
0.960277
0.960277
0.960277
0.960277
0.960277
0.960415
0.960415
0.960415
0.960415
0.960415
0.960415
0.960415
0.960415
0.960277
0.960277
0.960415
0.960415
0.960415
0.960415
0.960415
0.960415
0.960415
0.960415
0.960277
0.960277
0.960277
0.960415
0.960415
0.960415
0.960415
0.960415
0.960415
0.960415
0.960415
0.960415
0.960277
0.960277
0.960415
0.960415
0.960415
0.960415
0.960415
0.960415
0.960415
0.960415
0.960277
0.960277
0.960277
0.960277
0.960277
0.960277
0.960277
0.960277
0.960277
0.960277
0.960277
0.960138
0.960138
0.960138
0.960138
0.960138
0.960277
0.960277
0.960277
0.960277
0.960277
0.960277
0.960138
0.960138
0.960138
0.960138
0.960138
0.960138
0.960138
0.960138
0.960138
0.960138
0.960277
0.960277
0.960277
0.960277
0.960277
0.960277
0.960277
0.960277
0.960277
0.960277
0.960277
0.960277
0.960277
0.960277
0.960138
0.960138
0.960138
0.960138
0.960138
0.960138
0.960138
0.960138
0.960138
0.960138
0.960138
0.960277
0.960277
0.960277
0.960277
0.960277
0.960138
0.960138
0.960138
0.960138
0.960138
0.960138
0.960138
0.960138
0.960138
0.960138
0.960138
0.960138
0.960138
0.960138
0.960138
0.960277
0.960277
0.960277
0.960277
0.960277
0.960277
0.960277
0.960277
0.960277
0.960277
0.960138
0.960138
0.960138
0.960138
0.960138
0.960277
0.960277
0.960277
0.960277
0.960277
0.960277
0.960277
0.960277
0.960277
0.960415
0.960415
0.960415
0.960415
0.960415
0.960415
0.960277
0.960277
0.960277
0.960277
0.960277
0.960277
0.960277
0.960277
0.960277
0.960277
0.960277
0.960277
0.960277
0.960277
0.960415
0.960277
0.960277
0.960277
0.960277
0.960277
0.960277
0.960415
0.960415
0.960415
0.960277
0.960277
0.960277
0.960277
0.960277
0.960277
0.960277
0.960277
0.960277
0.960277
0.960277
0.960415
0.960415
0.960415
0.960415
0.960415
0.960415
0.960415
0.960415
0.960415
0.960277
0.960277
0.960277
0.960277
0.960277
0.960415
0.960415
0.960277
0.960277
0.960277
0.960277
0.960277
0.960277
0.960277
0.960277
0.960277
0.960277
0.960277
0.960277
0.960277
0.960277
0.960138
0.960138
0.960138
0.960138
0.960277
0.960277
0.960277
0.960277
0.960277
0.960277
0.960277
0.960277
0.960277
0.960277
0.960138
0.960277
0.960277
0.960277
0.960277
0.960277
0.960277
0.960277
0.960277
0.960277
0.960277
0.960277
0.960277
0.960277
0.960277
0.960277
0.960277
0.960277
0.960277
0.960277
0.960277
0.960277
0.960277
0.960277
0.960277
0.960277
0.960277
0.960277
0.960277
0.960277
0.960277
0.960138
0.960138
0.960138
0.960138
0.960138
0.960138
0.960277
0.960277
0.960277
0.960277
0.960277
0.969416
0.984509
0.984924
0.984924
0.984924
0.984924
0.984924
0.999187
1.009018
1.009018
1.009018
1.009018
1.009018
1.009018
1.009156
1.009156
1.009156
1.009156
1.009156
1.009156
1.009156
1.009156
1.009295
1.009295
1.009295
1.009156
1.009156
1.009156
1.009156
1.009156
1.000017
0.985063
0.984647
0.984647
0.984647
0.984647
0.984647
0.970385
0.960415
0.960415
0.960415
0.960415
0.960415
0.960415
0.960277
0.960277
0.960277
0.960277
0.960415
0.960415
0.960415
0.961108
0.960969
0.961246
0.961246
0.962908
0.963185
0.963323
0.968031
0.968031
0.971493
0.973155
0.974401
0.976755
0.984509
0.988386
0.991017
0.991017
0.991017
0.991017
0.991017
0.992402
0.993094
0.993094
0.993094
1.001956
1.013726
1.038235
1.056790
1.066621
1.076037
1.084483
1.094315
1.103869
1.113700
1.121870
1.131563
1.139179
1.134471
1.134471
1.131009
1.129209
1.127963
1.125609
1.117854
1.113977
1.111346
1.111485
1.111485
1.111485
1.111485
1.110100
1.109408
1.109408
1.109408
1.100546
1.088776
1.065236
1.046543
1.036712
1.027296
1.018157
1.009710
0.999879
0.990048
0.981740
0.971908
0.964154
0.964154
0.964154
0.964154
0.964154
0.964154
0.964154
0.964154
0.964154
0.964154
0.964016
0.964154
0.964154
0.964154
0.964154
0.964154
0.964154
0.964154
0.964154
0.964154
0.963185
0.963185
0.963185
0.963185
0.963323
0.961939
0.961939
0.961939
0.960415
0.960277
0.960277
0.960277
0.960277
0.960277
0.960277
0.960277
0.960277
0.960277
0.960277
0.960277
0.960415
0.960277
0.960277
0.960277
0.960277
0.960277
0.960277
0.960277
0.960277
0.960277
0.960277
0.960277
0.960277
0.960277
0.960138
0.960138
0.960138
0.960138
0.960138
0.960138
0.960138
0.960138
0.960138
0.960138
0.960138
0.960277
0.960277
0.960277
0.960277
0.960277
0.960138
0.960138
0.960138
0.960138
0.960138
0.960277
0.960277
0.960277
0.960415
0.960415
0.960415
0.960554
0.960554
0.960554
0.960692
0.960692
0.960692
0.960692
0.960692
0.960692
0.960692
0.960692
0.960831
0.960831
0.960831
0.960692
0.960692
0.960692
0.960692
0.960692
0.960692
0.960692
0.960692
0.960692
0.960692
0.960554
0.960554
0.960554
0.960415
0.960554
0.960554
0.960415
0.960415
0.960415
0.960277
0.960277
0.960277
0.960277
0.960277
0.960415
0.960415
0.960415
0.960277
0.960415
0.960415
0.960415
0.960415
0.960415
0.960415
0.960415
0.960415
0.960554
0.960554
0.960554
0.960554
0.960554
0.960554
0.960554
0.960554
0.960554
0.960554
0.960554
0.960554
0.960692
0.960692
0.960692
0.960692
0.960692
0.960692
0.960554
0.960554
0.960554
0.960554
0.960415
0.960415
0.960415
0.960415
0.960554
0.960554
0.960554
0.960692
0.960554
0.960554
0.960554
0.960692
0.960692
0.960692
0.960692
0.960692
0.960692
0.960692
0.960692
0.960692
0.960554
0.960554
0.960554
0.960554
0.960554
0.960554
0.960554
0.960692
0.960692
0.960692
0.960692
0.960692
0.960692
0.960692
0.960554
0.960554
0.960692
0.960554
0.960554
0.960554
0.960554
0.960415
0.960415
0.960415
0.960554
0.960554
0.960415
0.960415
0.960415
0.960415
0.960415
0.960415
0.960554
0.960554
0.960554
0.960554
0.960554
0.960415
0.960415
0.960554
0.960554
0.960554
0.960554
0.960692
0.960692
0.960692
0.960554
0.960554
0.960554
0.960692
0.960692
0.960692
0.960692
0.960692
0.960692
0.960692
0.960692
0.960692
0.960692
0.960692
0.960692
0.960692
0.960692
0.960692
0.960692
0.960692
0.960692
0.960692
0.960692
0.960692
0.960692
0.960692
0.960692
0.960554
0.960554
0.960554
0.960554
0.960692
0.960692
0.960554
0.960554
0.960554
0.960554
0.960692
0.960554
0.960554
0.960554
0.960554
0.960554
0.960554
0.960554
0.960554
0.960415
0.960415
0.960554
0.960554
0.960554
0.960554
0.960554
0.960415
0.960415
0.960415
0.960415
0.960415
0.960415
0.960415
0.960415
0.960277
0.960277
0.960277
0.960277
0.960415
0.960415
0.960277
0.960277
0.960277
0.960277
0.960277
0.960277
0.960277
0.960277
0.960415
0.960415
0.960415
0.960277
0.960277
0.960277
0.960415
0.960415
0.960415
0.960415
0.960415
0.960415
0.960415
0.960415
0.960415
0.960415
0.960415
0.960415
0.960554
0.960554
0.960415
0.960415
0.960415
0.960415
0.960415
0.960415
0.960415
0.960415
0.960554
0.960554
0.960415
0.960415
0.960415
0.960415
0.960415
0.960415
0.960277
0.960277
0.960277
0.960277
0.960277
0.960277
0.960277
0.960277
0.960277
0.960277
0.960277
0.960277
0.960138
0.960138
0.960138
0.960138
0.960138
0.960138
0.960138
0.960138
0.960138
0.960138
0.960000
0.960138
0.960138
0.960138
0.960138
0.960138
0.960138
0.960138
0.960138
0.960138
0.960138
0.960138
0.960138
0.960277
0.960277
0.960277
0.960277
0.960277
0.960277
0.960277
0.960277
0.960277
0.960277
0.960277
0.960277
0.960277
0.960277
0.960277
0.960277
0.960277
0.960277
0.960138
0.960138
0.960138
0.960138
0.960138
0.960138
0.960138
0.960277
0.960277
0.960277
0.960277
0.960277
0.960138
0.960138
0.960138
0.960138
0.960138
0.960277
0.960277
0.960277
0.960277
0.960277
0.960277
0.960277
0.960277
0.960277
0.960277
0.960277
0.960277
0.960277
0.960277
0.960277
0.960277
0.960277
0.960415
0.960415
0.960415
0.960277
0.960277
0.960277
0.960277
0.960277
0.960277
0.960277
0.960277
0.960277
0.960415
0.960277
0.960277
0.960277
0.960277
0.960277
0.960415
0.960415
0.960415
0.960415
0.960554
0.960554
0.960554
0.960554
0.960554
0.960554
0.960554
0.960692
0.960554
0.960554
0.960554
0.960554
0.960554
0.960554
0.960554
0.960554
0.960554
0.960554
0.960554
0.960554
0.960415
0.960415
0.960415
0.960415
0.960415
0.960415
0.960277
0.960277
0.960277
0.960277
0.960277
0.960277
0.960277
0.960277
0.960277
0.960277
0.960277
0.960138
0.960138
0.960138
0.960138
0.960138
0.960138
0.960138
0.960138
0.960138
0.960138
0.960138
0.960138
0.960138
0.960138
0.960277
0.960277
0.960415
0.960415
0.960415
0.960415
0.960554
0.960554
0.960554
0.960415
0.960554
0.960554
0.960554
0.960554
0.960554
0.960554
0.960554
0.960692
0.960692
0.960692
0.960692
0.960692
0.960692
0.960831
0.960831
0.960831
0.960969
0.960969
0.960969
0.960969
0.975232
0.990879
1.006249
1.009710
1.009710
1.009710
1.009572
1.011372
1.011372
1.011372
1.014972
1.018849
1.018849
1.018849
1.018849
1.018849
1.018849
1.018711
1.018849
1.018849
1.018849
1.018849
1.018849
1.018711
1.018711
1.018711
1.018572
1.018572
1.018572
1.018572
1.004172
0.989771
0.974401
0.970939
0.970939
0.970939
0.970939
0.969139
0.969139
0.969139
0.965400
0.961523
0.961523
0.961523
0.961662
0.961662
0.961662
0.961662
0.961662
0.961662
0.961662
0.961662
0.961662
0.961662
0.961662
0.961662
0.961662
0.961662
0.961800
0.961800
0.961800
0.960554
0.960415
0.960554
0.960554
0.960554
0.960554
0.960554
0.960554
0.960554
0.960554
0.960554
0.960554
0.960554
0.960415
0.960415
0.960415
0.960415
0.960277
0.960277
0.960277
0.960277
0.960415
0.960415
0.960415
0.960415
0.960415
0.960415
0.960277
0.960277
0.960277
0.960277
0.960277
0.960277
0.960277
0.960277
0.960277
0.960277
0.960277
0.960277
0.960277
0.960277
0.960277
0.960277
0.960277
0.960277
0.960277
0.960415
0.960415
0.960415
0.960415
0.960415
0.960277
0.960277
0.960277
0.960277
0.960277
0.960415
0.960415
0.960415
0.960415
0.960415
0.960415
0.960277
0.960277
0.960277
0.960277
0.960277
0.960277
0.960415
0.960415
0.960415
0.960415
0.960415
0.960415
0.960554
0.960554
0.960415
0.960415
0.960415
0.960415
0.960415
0.960415
0.960415
0.960415
0.960415
0.960415
0.960277
0.960277
0.960277
0.960277
0.960277
0.960277
0.960277
0.960277
0.960277
0.960277
0.960277
0.960277
0.960138
0.960277
0.960277
0.960277
0.960277
0.960277
0.960277
0.960277
0.960277
0.960277
0.960415
0.960415
0.960415
0.960554
0.960554
0.960692
0.960692
0.960831
0.960831
0.960831
0.960969
0.960969
0.960969
0.960969
0.960969
0.960969
0.961108
0.961108
0.961108
0.961108
0.961246
0.961108
0.961108
0.961108
0.961108
0.961108
0.960969
0.960969
0.960969
0.960969
0.960969
0.960969
0.960969
0.960831
0.960831
0.960831
0.960831
0.960692
0.960969
0.961385
0.961246
0.961246
0.961246
0.961246
0.961246
0.961246
0.961108
0.961108
0.961108
0.961108
0.963462
0.963462
0.988802
1.023557
1.042527
1.048897
1.059005
1.068837
1.078806
1.088914
1.094038
1.100961
1.107469
1.115500
1.122424
1.129624
1.138071
1.140009
1.143471
1.150949
1.155380
1.157041
1.173934
1.186673
1.192766
1.194705
1.199551
1.203428
1.207721
1.208136
1.205782
1.208552
1.190135
1.175458
1.168673
1.162441
1.152333
1.142502
1.132532
1.122424
1.117162
1.110239
1.105946
1.097915
1.090992
1.083653
1.075206
1.073268
1.069667
1.061775
1.057344
1.055682
1.038789
1.026050
1.020234
1.018295
1.014972
1.011095
1.006802
1.006526
1.006387
1.003618
0.996694
0.980355
0.972601
0.972878
0.973016
0.973016
0.973016
0.973155
0.973155
0.973155
0.970939
0.970939
0.970939
0.970939
0.971078
0.971078
0.970939
0.970939
0.970939
0.970939
0.971078
0.971078
0.970801
0.970801
0.969277
0.969277
0.969277
0.969139
0.969139
0.969139
0.969139
0.965400
0.960969
0.960554
0.960415
0.960415
0.960415
0.960277
0.960415
0.962216
0.962908
0.963739
0.963739
0.963739
0.963600
0.963600
0.963739
0.963739
0.963739
0.963739
0.963600
0.963600
0.963600
0.963600
0.963600
0.963600
0.963600
0.963600
0.963600
0.963739
0.963739
0.963739
0.963877
0.963877
0.963877
0.963877
0.963877
0.963877
0.963739
0.961939
0.961246
0.960415
0.960415
0.960415
0.960415
0.960415
0.960415
0.960415
0.960415
0.960415
0.960415
0.960415
0.960415
0.960415
0.960415
0.960415
0.960554
0.960554
0.960554
0.960415
0.960415
0.960415
0.960415
0.960415
0.960415
0.960415
0.960415
0.960415
0.960415
0.960554
0.960554
0.960554
0.960554
0.960554
0.965539
0.980632
0.984647
0.984647
0.984786
0.984786
0.984786
0.984786
0.984786
0.984786
0.984786
0.984786
0.984647
0.984647
0.984647
0.984647
0.984647
0.984647
0.984509
0.984509
0.984647
0.984647
0.984647
0.984647
0.984647
0.984509
0.984509
0.984509
0.984509
0.984509
0.979524
0.964569
0.960415
0.960415
0.960277
0.960277
0.960277
0.960277
0.960277
0.960277
0.960277
0.960277
0.960277
0.960277
0.960277
0.960277
0.960969
0.961108
0.961108
0.961108
0.960969
0.960969
0.960969
0.960969
0.960969
0.960969
0.960969
0.960969
0.960969
0.960969
0.960969
0.960831
0.960831
0.960831
0.960831
0.960831
0.960831
0.960831
0.960831
0.960831
0.960831
0.960831
0.960969
0.960969
0.960969
0.960969
0.960277
0.960138
0.960138
0.960138
0.960138
0.960138
0.960138
0.960277
0.960277
0.960277
0.960277
0.960277
0.960277
0.960277
0.960277
0.960277
0.960277
0.960277
0.960277
0.960277
0.960277
0.960277
0.960277
0.960277
0.960415
0.960415
0.960277
0.960415
0.960415
0.960415
0.960415
0.960415
0.960415
0.960415
0.960415
0.960415
0.960415
0.960277
0.960277
0.960277
0.960277
0.960277
0.960277
0.960277
0.960277
0.960277
0.960277
0.960277
0.960277
0.960277
0.960277
0.960277
0.960415
0.960415
0.960277
0.960277
0.960277
0.960138
0.960138
0.960138
0.960138
0.960277
0.960277
0.960277
0.960277
0.960277
0.960277
0.960277
0.960277
0.960277
0.960277
0.960277
0.960277
0.960277
0.960277
0.960277
0.960277
0.960277
0.960277
0.960277
0.960277
0.960277
0.960138
0.960138
0.960138
0.960138
0.960138
0.960138
0.960138
0.960138
0.960138
0.960000
0.960000
0.960000
0.960000
0.960000
0.960000
0.960138
0.960138
0.960138
0.960138
0.960138
0.960138
0.960138
0.960138
0.960138
0.960138
0.960138
0.960138
0.960138
0.960138
0.960138
0.960138
0.960138
0.960138
0.960138
0.960277
0.960277
0.960277
0.960277
0.960277
0.960277
0.960277
0.960277
0.960277
0.960277
0.960277
0.960138
0.960138
0.960138
0.960138
0.960138
0.960138
0.960138
0.960138
0.960138
0.960138
0.960138
0.960138
0.960138
0.960138
0.960138
0.960138
0.960138
0.960138
0.960138
0.960138
0.960138
0.960138
0.960138
0.960138
0.960138
0.960138
0.960138
0.960138
0.960138
0.960138
0.960138
0.960138
0.960138
0.960138
0.960138
0.960138
0.960138
0.960138
0.960138
0.960138
0.960138
0.960138
0.960138
0.960138
0.960277
0.960277
0.960277
0.960277
0.960277
0.960138
0.960138
0.960138
0.960138
0.960138
0.960138
0.960138
0.960138
0.960138
0.960138
0.960138
0.960138
0.960138
0.960138
0.960138
0.960138
0.960138
0.960138
0.960138
0.960138
0.960138
0.960138
0.960138
0.960138
0.960277
0.960138
0.960138
0.960138
0.960138
0.960138
0.960138
0.960138
0.960138
0.960138
0.960138
0.960138
0.960138
0.960138
0.960138
0.960277
0.960277
0.960277
0.960277
0.960277
0.960277
0.960277
0.960277
0.960277
0.960277
0.960277
0.960277
0.960277
0.960277
0.960277
0.960138
0.960138
0.960138
0.960138
0.960138
0.960138
0.960138
0.960277
0.960277
0.960277
0.960277
0.960277
0.960277
0.960277
0.960277
0.960138
0.960138
0.960138
0.960138
0.960138
0.960138
0.960138
0.960138
0.960138
0.960138
0.960138
0.960277
0.960277
0.960277
0.960277
0.960277
0.960277
0.960277
0.960277
0.960277
0.960277
0.960277
0.960138
0.960138
0.960138
0.960138
0.960277
0.960277
0.960277
0.960277
0.960277
0.960277
0.960277
0.960277
0.960277
0.960277
0.960415
0.960415
0.960415
0.960415
0.960415
0.960277
0.960277
0.960277
0.960277
0.960277
0.960277
0.960277
0.960415
0.960415
0.960415
0.960415
0.960415
0.960415
0.960415
0.960415
0.960277
0.960415
0.960415
0.960415
0.960415
0.960415
0.960415
0.960415
0.960415
0.960415
0.960277
0.960277
0.960277
0.960277
0.960277
0.960415
0.960415
0.960415
0.960415
0.960415
0.960415
0.960415
0.960277
0.960277
0.960277
0.960415
0.960415
0.960415
0.960415
0.960415
0.960415
0.960277
0.960277
0.960277
0.960277
0.960277
0.960277
0.960277
0.960277
0.960277
0.960277
0.960277
0.960277
0.960277
0.960277
0.960277
0.960277
0.960277
0.960277
0.960277
0.960277
0.960277
0.960277
0.960277
0.960277
0.960277
0.960277
0.960277
0.960277
0.960277
0.960277
0.960277
0.960277
0.960277
0.960277
0.960277
0.960277
0.960277
0.960415
0.960415
0.960415
0.960415
0.960554
0.960554
0.960554
0.960415
0.960415
0.960415
0.960415
0.960415
0.960415
0.960415
0.960415
0.960415
0.960554
0.960415
0.960415
0.960415
0.960554
0.960554
0.960554
0.960554
0.960554
0.960554
0.960554
0.960554
0.960554
0.960554
0.960554
0.960554
0.960554
0.960554
0.960415
0.960554
0.960554
0.960554
0.960554
0.960554
0.960554
0.960554
0.960554
0.960554
0.960692
0.960692
0.960554
0.960554
0.960554
0.960692
0.960554
0.960554
0.960554
0.960554
0.960692
0.960692
0.960692
0.960692
0.960692
0.960692
0.960692
0.960692
0.960692
0.960692
0.960692
0.960692
0.960692
0.960692
0.960692
0.960692
0.960692
0.960692
0.960692
0.960692
0.960692
0.960692
0.960692
0.960692
0.960692
0.960554
0.960554
0.960554
0.960554
0.960554
0.960554
0.960554
0.960554
0.960692
0.960692
0.960692
0.960554
0.960554
0.960554
0.960692
0.960692
0.960554
0.960554
0.960692
0.960692
0.960692
0.960692
0.960692
0.960692
0.960831
0.960692
0.960692
0.960692
0.960831
0.978001
1.005279
1.005279
1.005279
1.007910
1.007910
1.007772
1.007772
1.007772
1.007633
1.007633
1.007633
1.007772
1.007772
1.007772
1.008187
1.008187
1.008187
1.008187
1.008049
1.008049
1.008049
1.008049
1.008049
1.008049
1.008049
1.008049
1.008049
1.008049
1.007910
0.990740
0.963739
0.964708
0.964708
0.962077
0.962077
0.962216
0.962216
0.962216
0.962216
0.962216
0.965400
0.966093
0.966647
0.967200
0.970801
0.972185
0.972324
0.972324
0.972324
0.972324
0.972324
0.972324
0.972324
0.972324
0.972185
0.972185
0.972185
0.972185
0.972324
0.972324
0.972047
0.986171
0.995310
0.995448
0.995448
1.015388
1.016357
1.016772
1.016772
1.016772
1.013726
1.012895
1.012480
1.011926
1.007772
1.006387
1.006387
1.006387
1.006387
1.006387
1.006387
1.006526
1.006526
1.006526
1.006664
1.007079
1.007079
1.007079
1.006941
1.008603
1.008603
0.993509
0.985617
1.008879
1.015111
1.004864
1.023834
1.041281
1.053605
1.056513
1.056374
1.056374
1.056236
1.056236
1.056236
1.056236
1.056236
1.056236
1.056236
1.057482
1.057482
1.057482
1.057482
1.057482
1.057344
1.056928
1.056928
1.056928
1.056928
1.055267
1.055267
1.055267
1.054020
1.030619
1.024388
1.014557
0.994617
0.976755
0.964431
0.961523
0.961523
0.961523
0.961523
0.961523
0.961523
0.961523
0.961385
0.961385
0.961385
0.960277
0.960277
0.960138
0.960138
0.960138
0.960138
0.960138
0.960138
0.960138
0.960138
0.960277
0.960277
0.960277
0.960277
0.960277
0.960277
0.960277
0.963600
0.965400
0.965400
0.965400
0.965400
0.974124
0.979801
0.979801
0.979801
0.979801
0.979801
0.979940
0.980078
0.990602
1.014418
1.038235
1.058451
1.058728
1.058867
1.059005
1.060805
1.061498
1.062190
1.062052
1.062052
1.062052
1.062052
1.062052
1.062052
1.062052
1.059836
1.059698
1.059698
1.059698
1.059698
1.051943
1.046266
1.046266
1.046266
1.046405
1.046405
1.046266
1.046128
1.036573
1.012757
0.988940
0.968724
0.969693
0.972185
0.972462
0.973293
0.972601
0.971908
0.972047
0.972047
0.972047
0.972047
0.972185
0.972185
0.972185
0.971078
0.969554
0.969554
0.971908
0.972739
0.971908
0.971908
0.971908
0.972047
0.972047
0.972047
0.972047
0.972047
0.970939
0.970939
0.970939
0.971493
0.973016
0.975232
0.977586
0.983955
0.984371
0.984371
0.984232
0.984371
1.005556
1.028265
1.050836
1.053743
1.053882
1.053882
1.053743
1.053743
1.051389
1.061913
1.061775
1.061775
1.061775
1.061636
1.061498
1.061498
1.061498
1.061636
1.061636
1.061636
1.061636
1.061082
1.058313
1.053466
1.050697
1.041697
1.041281
1.041281
1.041281
1.041143
1.019957
0.997248
0.974539
0.971770
0.971631
0.971631
0.971631
0.971631
0.971631
0.960277
0.960277
0.960277
0.960277
0.960277
0.960415
0.960415
0.960415
0.960277
0.960277
0.960277
0.960277
0.960277
0.960277
0.960277
0.960277
0.960277
0.960277
0.960277
0.960277
0.960277
0.960277
0.960277
0.960277
0.960277
0.960277
0.960277
0.960277
0.960277
0.960277
0.960277
0.960277
0.960277
0.960415
0.960415
0.960277
0.960277
0.960277
0.960277
0.960277
0.960277
0.960277
0.960277
0.960277
0.960277
0.960277
0.960277
0.960277
0.960277
0.960277
0.960277
0.960277
0.960277
0.960969
0.960831
0.960831
0.960831
0.960831
0.960969
0.960969
0.960969
0.960969
0.961800
0.969554
0.985063
0.986448
0.986448
0.986586
0.986586
0.986586
0.986586
0.986586
0.986586
0.986586
0.986586
0.986586
0.986586
0.986724
0.986724
0.986724
0.986724
0.986724
0.986724
0.986032
0.986032
0.986171
0.986171
0.986171
0.986032
0.986032
0.986032
0.986032
0.985201
0.977309
0.961800
0.960415
0.960415
0.960277
0.960277
0.960277
0.960277
0.960277
0.960415
0.960415
0.960415
0.960415
0.960415
0.960415
0.960415
0.960415
0.960415
0.960415
0.960415
0.960415
0.960415
0.960277
0.960277
0.960277
0.960415
0.960415
0.960415
0.960415
0.960415
0.960554
0.960554
0.960554
0.960554
0.960554
0.960554
0.960554
0.960692
0.960692
0.960554
0.960554
0.960554
0.960692
0.960692
0.960554
0.960554
0.960554
0.960554
0.960554
0.960554
0.960554
0.960554
0.960692
0.960692
0.960692
0.960692
0.960692
0.960692
0.960692
0.960692
0.960554
0.960554
0.960554
0.961385
0.961523
0.961523
0.961523
0.961385
0.961385
0.961523
0.961523
0.961523
0.961385
0.961385
0.961385
0.961385
0.961385
0.961523
0.961523
0.961800
0.961800
0.961800
0.962354
0.962354
0.962354
0.962354
0.962354
0.962354
0.962492
0.962492
0.962492
0.962492
0.962492
0.961662
0.961523
0.961523
0.961523
0.961523
0.961523
0.961523
0.961800
0.961800
0.966785
0.981601
0.985755
0.985755
0.985755
0.985617
0.985617
0.985340
0.985340
0.985340
0.984647
0.984647
0.984647
0.984509
0.984509
0.984509
0.984371
0.984371
0.984371
0.984371
0.984371
0.984371
0.984371
0.984371
0.984371
0.984371
0.984371
0.984232
0.983955
0.984094
0.979109
0.964293
0.960138
0.960138
0.960138
0.960138
0.960138
0.960138
0.960138
0.960415
0.961800
0.963185
0.963185
0.963185
0.963185
0.968308
0.976062
0.982709
0.986586
0.993094
0.996971
0.997110
0.997110
0.997110
0.997110
0.997110
0.997110
0.997110
0.997248
0.997110
0.997110
0.997110
0.997248
0.997248
0.997248
0.997248
0.997248
0.997248
0.997248
0.996971
0.995586
0.994202
0.994202
0.994202
0.994202
0.989078
0.981324
0.974816
0.970939
0.964431
0.960554
0.960554
0.960554
0.960554
0.960554
0.960554
0.961246
0.961246
0.961246
0.963600
0.979109
0.985755
0.985617
0.985617
0.985894
0.986032
0.986032
0.986032
0.986032
0.992263
0.999464
1.006664
1.009987
1.009987
1.010126
1.010126
1.010264
1.010126
1.010264
1.010264
1.010264
1.010126
1.010126
1.010126
1.010126
1.010264
1.009572
1.009572
1.009572
1.007218
0.991709
0.985063
0.985201
0.985201
0.985063
0.984924
0.984924
0.984924
0.984924
0.978832
0.971631
0.964431
0.961108
0.961246
0.961108
0.961108
0.960969
0.960969
0.960969
0.960969
0.961108
0.961108
0.961108
0.964154
0.965816
0.965954
0.966093
0.966093
0.965954
0.966093
0.966093
0.966093
0.966093
0.966093
0.965954
0.965954
0.966093
0.966093
0.966093
0.967754
0.967754
0.967754
0.967754
0.967616
0.967754
0.967754
0.967754
0.967754
0.968308
0.968862
0.968724
0.968862
0.968862
0.966370
0.966231
0.966647
0.966647
0.966647
0.966647
0.966647
0.966647
0.966647
0.966508
0.966508
0.966508
0.966508
0.966370
0.966370
0.966785
0.965262
0.968447
0.968447
0.968585
0.968585
0.968447
0.968585
0.968585
0.968585
0.967893
0.967339
0.967339
0.967200
0.967200
0.966647
0.965123
0.964569
0.964431
0.964431
0.964431
0.964985
0.969277
0.969554
0.971770
0.975093
0.978555
0.983124
0.986171
0.989632
0.989494
0.990879
0.991986
0.996417
1.000433
1.000433
1.000571
1.000710
1.000710
1.000710
1.000848
1.000848
1.000848
1.000848
1.000987
1.000987
1.000987
1.000848
1.000848
1.002925
1.002925
1.002371
0.998079
0.997802
0.995586
0.992263
0.988802
0.984232
0.981186
0.977862
0.977586
0.975924
0.971631
0.967339
0.963185
0.963185
0.963046
0.962769
0.962769
0.962769
0.962631
0.962631
0.962631
0.962631
0.962492
0.962492
0.962492
0.962492
0.962492
0.960415
0.960415
0.960277
0.962216
0.962216
0.962354
0.962354
0.962354
0.964846
0.970801
0.977862
0.985478
0.993786
0.993786
0.993648
0.993648
0.993786
0.993786
0.993786
0.993786
0.993786
0.993786
0.993786
0.995863
1.008603
1.019957
1.033527
1.044051
1.053605
1.063021
1.072575
1.081991
1.091407
1.099023
1.108577
1.120347
1.133640
1.143056
1.150118
1.153579
1.155933
1.157733
1.158841
1.168257
1.168534
1.169780
1.169780
1.169780
1.169780
1.169780
1.169780
1.169780
1.169780
1.167703
1.155103
1.146102
1.132532
1.126301
1.119516
1.110100
1.100546
1.091130
1.081714
1.072160
1.070498
1.092792
1.113839
1.138625
1.163411
1.188474
1.213121
1.238184
1.262970
1.287617
1.321819
1.354636
1.388838
1.422901
1.457103
1.491720
1.526061
1.559985
1.594464
1.628528
1.663006
1.694993
1.729056
1.758965
1.790675
1.825015
1.859494
1.893695
1.928036
1.963622
1.995055
2.003363
2.009732
2.017071
2.025241
2.031610
2.038257
2.043934
2.051134
2.057365
2.063735
2.071074
2.076336
2.082290
2.089352
2.093644
2.099045
2.071905
2.038395
2.004332
1.969715
1.935374
1.902834
1.868632
1.834569
1.801891
1.768796
1.740964
1.723240
1.690423
1.651098
1.608588
1.567878
1.526338
1.483828
1.442979
1.402131
1.361975
1.320711
1.280417
1.239569
1.198166
1.158564
1.118547
1.077283
1.038373
0.998633
0.991848
0.991017
0.991017
0.991017
0.991017
0.989494
0.989494
0.989078
0.987555
0.986171
0.979801
0.963185
0.960415
0.960415
0.960415
0.960415
0.960415
0.960415
0.960415
0.960415
0.960415
0.960277
0.966231
0.982293
0.985894
0.985894
0.985894
0.985894
0.986032
0.986032
0.986032
0.985894
0.985894
0.985894
0.985894
0.985894
0.985894
0.985894
0.985755
0.985755
0.985755
0.985755
0.985755
0.985755
0.985755
0.985755
0.985755
0.985755
0.985755
0.985755
0.985755
0.985755
0.979801
0.963739
0.960138
0.960138
0.960138
0.960138
0.960000
0.960000
0.960000
0.960000
0.960000
0.960000
0.960000
0.960000
0.960000
0.960000
0.960000
0.960138
0.960138
0.960138
0.960138
0.960138
0.960138
0.960138
0.960138
0.960138
0.960138
0.960138
0.960138
0.960138
0.960277
0.960277
0.960277
0.960277
0.960277
0.960277
0.960277
0.960277
0.960277
0.960277
0.960277
0.960277
0.960277
0.960277
0.960277
0.960277
0.960277
0.960138
0.960138
0.960138
0.960138
0.960138
0.960138
0.960138
0.960277
0.960277
0.960277
0.960277
0.960277
0.960277
0.960277
0.960277
0.960277
0.960277
0.960277
0.960277
0.960277
0.960277
0.960277
0.960277
0.960277
0.960277
0.960277
0.960277
0.960277
0.960277
0.960277
0.960277
0.960277
0.960277
0.960277
0.960277
0.960277
0.960277
0.960138
0.960277
0.960277
0.960277
0.960277
0.960277
0.960138
0.960138
0.960138
0.960138
0.960138
0.960138
0.960138
0.960138
0.960138
0.960138
0.960138
0.960138
0.960277
0.960277
0.960277
0.960277
0.960277
0.960277
0.960277
0.960277
0.960277
0.960277
0.960277
0.960277
0.960277
0.960138
0.960138
0.960138
0.960138
0.960138
0.960138
0.960138
0.960138
0.960138
0.960138
0.960138
0.960138
0.960138
0.960138
0.960138
0.960138
0.960138
0.960000
0.960000
0.960000
0.960138
0.960138
0.960138
0.960138
0.960138
0.960138
0.960138
0.960138
0.960138
0.960138
0.960138
0.960138
0.960138
0.960277
0.960277
0.960277
0.960277
0.960277
0.960277
0.960277
0.960277
0.960277
0.960277
0.960277
0.960277
0.960277
0.960277
0.960277
0.960277
0.960277
0.960138
0.960138
0.960138
0.960138
0.960138
0.960138
0.960138
0.960138
0.960138
0.960138
0.960138
0.960138
0.960138
0.960000
0.960000
0.960000
0.960000
0.960000
0.960000
0.960000
0.960000
0.960000
0.960000
0.960000
0.960000
0.960000
0.960000
0.960000
0.960000
0.960000
0.960000
0.960000
0.960000
0.960000
0.960000
0.960000
0.960000
0.960000
0.960000
0.960000
0.960000
0.960000
0.960000
0.960138
0.960138
0.960138
0.960138
0.960138
0.960138
0.960138
0.960138
0.960138
0.960138
0.960138
0.960138
0.960138
0.960138
0.960138
0.960138
0.960138
0.960277
0.960277
0.960277
0.960277
0.960277
0.960277
0.960277
0.960277
0.960277
0.960277
0.960277
0.960277
0.960277
0.960138
0.960138
0.960138
0.960138
0.960138
0.960138
0.960138
0.960138
0.960277
0.960277
0.960277
0.960277
0.960277
0.960277
0.960277
0.960277
0.960277
0.960138
0.960138
0.960138
0.960138
0.960138
0.960138
0.960138
0.960138
0.960277
0.960277
0.960277
0.960277
0.960277
0.960277
0.960277
0.960277
0.960277
0.960277
0.960277
0.960277
0.960277
0.960138
0.960138
0.960138
0.960138
0.960138
0.960138
0.960138
0.960138
0.960138
0.960138
0.960138
0.960138
0.960138
0.960138
0.960138
0.960138
0.960138
0.960000
0.960138
0.960138
0.960138
0.960138
0.960138
0.960138
0.960138
0.960138
0.960138
0.960138
0.960138
0.960138
0.960138
0.960138
0.960138
0.960138
0.960138
0.960138
0.960138
0.960138
0.960138
0.960138
0.960138
0.970108
0.984509
0.984509
0.984509
0.984509
0.984509
0.984509
0.984371
0.984371
0.984371
0.984371
0.984371
0.984509
0.984509
0.984509
0.984509
0.984509
0.984509
0.984509
0.984509
0.984509
0.984509
0.984509
0.984509
0.984509
0.984509
0.984509
0.984509
0.984509
0.984509
0.974539
0.960138
0.960138
0.960138
0.960277
0.960277
0.960277
0.960277
0.960277
0.960277
0.960277
0.960277
0.960138
0.960138
0.960138
0.960138
0.960138
0.960277
0.960277
0.960277
0.960277
0.960277
0.960277
0.960277
0.960277
0.960277
0.960277
0.960277
0.960277
0.960277
0.960277
0.960277
0.960277
0.960277
0.960138
0.960138
0.960138
0.960138
0.960138
0.960138
0.960138
0.960138
0.960138
0.960138
0.960138
0.960138
0.960277
0.960138
0.960138
0.960138
0.960138
0.960138
0.960138
0.960138
0.960138
0.960138
0.960138
0.960277
0.960277
0.960277
0.960277
0.960277
0.960277
0.960277
0.960277
0.960277
0.960277
0.960277
0.960277
0.960277
0.960277
0.960415
0.960415
0.960415
0.960415
0.960415
0.960277
0.960277
0.960277
0.960277
0.960415
0.960415
0.960415
0.960415
0.960415
0.960415
0.960415
0.960277
0.960277
0.960277
0.960277
0.960277
0.960277
0.960277
0.960277
0.960415
0.960415
0.960415
0.960415
0.960415
0.960415
0.960277
0.960415
0.960415
0.960415
0.960415
0.960415
0.960415
0.960415
0.960415
0.960277
0.960277
0.960277
0.960277
0.960277
0.960277
0.960415
0.960415
0.960415
0.960415
0.960415
0.960415
0.960415
0.960554
0.960554
0.960415
0.960415
0.960415
0.960415
0.960415
0.960415
0.960415
0.960415
0.960415
0.960415
0.960415
0.960554
0.960554
0.960554
0.960692
0.960692
0.960692
0.960692
0.960692
0.960692
0.960831
0.960692
0.960692
0.960692
0.960692
0.960692
0.960831
0.960831
0.960692
0.960692
0.960692
0.960692
0.960831
0.960831
0.960831
0.960831
0.960831
0.960831
0.960831
0.960831
0.960831
0.960692
0.960692
0.960692
0.960692
0.960692
0.960692
0.960692
0.960692
0.960692
0.960554
0.960554
0.960554
0.960692
0.960692
0.960692
0.960554
0.971078
0.984371
0.984371
0.984509
0.984509
0.984371
0.984371
0.984371
0.984371
0.984371
0.984232
0.984232
0.984232
0.984232
0.984232
0.984232
0.984232
0.984094
0.984094
0.984094
0.984094
0.984094
0.984094
0.984094
0.984094
0.984094
0.983955
0.983955
0.983955
0.983955
0.973431
0.960138
0.960138
0.960000
0.960000
0.960000
0.960000
0.960000
0.960000
0.960138
0.960138
0.960138
0.960138
0.960138
0.960138
0.960138
0.960138
0.960138
0.960138
0.960138
0.960138
0.960138
0.960138
0.961523
0.965123
0.980355
0.986724
0.986724
0.986724
0.989909
0.991432
0.991432
0.991432
0.991432
0.991432
0.991432
0.991986
0.991986
0.991986
0.991848
0.991848
0.991848
0.991848
0.991848
0.991986
0.991986
0.992263
0.995863
0.997940
1.000017
1.000294
1.000294
1.000433
0.999048
0.995448
0.981047
0.974678
0.975647
0.977447
0.977309
0.978278
0.978555
0.978555
0.978693
0.978693
0.981740
0.983401
0.983401
0.983401
0.983401
0.985617
0.985894
0.985894
0.985894
0.985755
0.985755
0.985478
0.981878
0.979801
0.977724
0.977447
0.977447
0.977309
0.977309
0.977309
0.976478
0.976478
0.975509
0.973708
0.970662
0.968170
0.967893
0.967893
0.967754
0.967893
0.964846
0.962631
0.962631
0.962631
0.962631
0.960415
0.960138
0.960138
0.960138
0.960138
0.960138
0.960138
0.960138
0.960277
0.960277
0.960277
0.960969
0.961246
0.962077
0.962077
0.962077
0.964569
0.972878
0.979801
0.979801
0.979801
0.979801
0.979801
0.982986
0.984647
0.984647
0.984647
0.984647
0.984647
0.984647
0.984647
0.984647
0.984647
0.988525
0.988525
0.988525
0.988525
0.988525
1.009710
1.009987
1.009987
1.009295
1.009018
1.008326
1.008326
1.008326
1.005833
0.997525
0.990602
0.991571
0.992263
1.004310
1.028819
1.042112
1.050143
1.059974
1.069806
1.079637
1.089330
1.099161
1.104285
1.104285
1.104285
1.100407
1.100407
1.100407
1.100407
1.100407
1.079637
1.079360
1.079360
1.079360
1.079360
1.079222
1.079222
1.080606
1.080606
1.080606
1.080606
1.079637
1.078945
1.066898
1.042389
1.025911
1.016080
1.006249
0.996556
0.986724
0.977032
0.967200
0.964708
0.966508
0.969416
0.969416
0.969416
0.969416
0.972462
0.987694
1.000987
1.016357
1.017880
1.017880
1.017880
1.017880
1.018018
1.016634
1.016634
1.016634
1.016634
1.016634
1.016634
1.016634
1.016772
1.016772
1.016772
1.016772
1.016634
1.016634
1.016634
1.016634
1.014003
1.012203
1.009433
1.009433
1.009433
1.009433
1.006387
0.991155
0.977309
0.961939
0.960415
0.960415
0.960415
0.960415
0.960277
0.960277
0.960415
0.960415
0.960415
0.960415
0.960415
0.960415
0.960277
0.960277
0.960277
0.960277
0.960277
0.960277
0.960277
0.960277
0.960277
0.960415
0.960277
0.960277
0.960277
0.960277
0.960277
0.960277
0.960277
0.960277
0.960277
0.960277
0.960277
0.960277
0.960277
0.960277
0.960138
0.960277
0.960277
0.960277
0.960277
0.960277
0.960277
0.960277
0.960277
0.961385
0.967200
0.982570
0.986032
0.986032
0.986032
0.985894
0.985894
0.985894
0.985894
0.985894
0.985894
0.986032
0.986032
0.986032
0.986032
0.986032
0.986032
0.986032
0.986032
0.986032
0.986032
0.985894
0.985894
0.985894
0.985894
0.985894
0.985894
0.985894
0.985894
0.984786
0.979109
0.963739
0.960277
0.960277
0.960277
0.960277
0.960277
0.960277
0.960277
0.960277
0.960277
0.960138
0.960138
0.960138
0.960138
0.960138
0.960138
0.960138
0.966093
0.981186
0.984509
0.984509
0.984509
0.984509
0.984509
0.984509
0.984509
0.984509
0.984509
0.988109
1.003202
1.016911
1.032142
1.036019
1.051805
1.056928
1.056928
1.056928
1.056928
1.056928
1.056928
1.059421
1.060251
1.060251
1.060251
1.073683
1.081022
1.081022
1.075068
1.059974
1.056651
1.056790
1.056790
1.056790
1.056790
1.056790
1.056928
1.056928
1.056928
1.053328
1.038096
1.024388
1.009156
1.005418
0.991017
0.985894
0.985894
0.985894
0.987417
0.988663
0.988663
0.986171
0.985478
0.985478
0.985478
0.972047
0.964708
0.964708
0.964846
0.964846
0.964846
0.964708
0.964708
0.964708
0.964708
0.977724
0.989355
0.989355
0.989355
0.990740
0.990740
0.991571
0.991571
0.991986
0.990602
0.990602
0.990602
0.990740
0.989355
0.988109
0.988109
0.989909
0.989909
0.990048
0.990048
0.990048
0.990048
0.990048
0.991986
0.991986
0.991986
0.991986
0.991986
0.991986
0.991986
0.978970
0.967339
0.967339
0.967339
0.965954
0.965954
0.965123
0.965123
0.964569
0.964569
0.964569
0.964569
0.964431
0.964431
0.964431
0.964431
0.962631
0.962492
0.962354
0.962354
0.962354
0.962354
0.962354
0.960415
0.960415
0.961662
0.961662
0.961662
0.961662
0.961662
0.961662
0.961523
0.961523
0.962216
0.962216
0.962216
0.962216
0.962216
0.962216
0.962216
0.962216
0.962216
0.962216
0.962077
0.962077
0.962216
0.962216
0.962216
0.962216
0.962216
0.962216
0.962216
0.962216
0.962077
0.962077
0.960831
0.969970
0.985201
0.985340
0.985340
0.985340
0.985340
0.985340
0.985063
0.985755
0.985755
0.989217
0.989355
0.989355
0.989355
0.989355
0.989355
0.989355
0.989355
0.989355
0.989217
0.989355
0.989355
0.989355
0.989355
0.989355
0.989494
0.989494
0.989494
0.989494
0.989494
0.980355
0.965123
0.965123
0.965123
0.965954
0.965954
0.965954
0.965539
0.964846
0.964985
0.961523
0.961385
0.961385
0.961385
0.961385
0.961385
0.961385
0.961523
0.961523
0.961523
0.961385
0.961385
0.961385
0.961385
0.961385
0.961246
0.961246
0.961246
0.961523
0.962908
0.962908
0.962908
0.962769
0.972462
0.987001
0.987971
0.993648
1.008741
1.020095
1.029650
1.039343
1.040589
1.053328
1.069944
1.083653
1.099577
1.116747
1.129347
1.139594
1.149841
1.153302
1.157595
1.164103
1.176150
1.187366
1.195812
1.204813
1.214644
1.228214
1.241230
1.246492
1.256739
1.266570
1.264078
1.248846
1.254662
1.257985
1.246630
1.237630
1.227937
1.218244
1.217137
1.204397
1.187781
1.174211
1.158287
1.141117
1.128378
1.118131
1.107885
1.104423
1.100269
1.093761
1.081714
1.070498
1.062052
1.053051
1.043220
1.029373
1.015111
1.009849
0.999602
0.989771
0.982570
0.982432
0.975785
0.967200
0.964154
0.961800
0.961800
0.961800
0.961662
0.961662
0.961662
0.961523
0.961523
0.961662
0.961662
0.962216
0.964016
0.964016
0.963877
0.964016
0.964016
0.964016
0.964016
0.964016
0.964016
0.964016
0.963877
0.963877
0.963877
0.963877
0.963877
0.964016
0.963877
0.963462
0.962769
0.962769
0.962769
0.962769
0.962769
0.962769
0.962769
0.962769
0.962769
0.962631
0.993233
1.026880
1.059005
1.092930
1.126578
1.160364
1.194428
1.227937
1.261724
1.295510
1.329019
1.362944
1.396592
1.430517
1.464027
1.498090
1.531876
1.565386
1.599449
1.632959
1.666606
1.700393
1.734179
1.767689
1.801198
1.835261
1.868771
1.902557
1.936482
1.969853
1.972484
1.971930
1.971930
1.971099
1.971099
1.970546
1.970130
1.970684
1.971099
1.971376
1.971792
1.971515
1.972484
1.972346
1.972761
1.973176
1.974007
1.962653
1.929005
1.897434
1.863786
1.840385
1.822107
1.789151
1.755919
1.723794
1.690285
1.656498
1.622573
1.589341
1.556108
1.522460
1.488536
1.455441
1.421794
1.388423
1.354775
1.320711
1.286648
1.252585
1.218660
1.185012
1.150395
1.116608
1.082683
1.048205
1.013587
0.991294
0.991017
0.989078
0.989078
0.978693
0.963185
0.962631
0.962354
0.960415
0.960415
0.960554
0.960554
0.960415
0.960415
0.960415
0.960415
0.960415
0.960415
0.960415
0.960415
0.960415
0.960277
0.960277
0.960277
0.960415
0.960415
0.960415
0.960415
0.960415
0.960415
0.960415
0.960277
0.960277
0.960277
0.960277
0.960277
0.960415
0.960415
0.960415
0.960415
0.960277
0.960277
0.960277
0.960277
0.960277
0.960415
0.960415
0.960415
0.960415
0.960415
0.960415
0.960415
0.960415
0.960415
0.960277
0.960277
0.960277
0.960277
0.960277
0.960277
0.960277
0.960277
0.960277
0.960277
0.960277
0.960277
0.960138
0.960138
0.960138
0.960277
0.960277
0.960277
0.960277
0.960277
0.960277
0.960138
0.960138
0.960138
0.960138
0.960138
0.960138
0.960138
0.960138
0.960138
0.960138
0.960277
0.960277
0.960277
0.960277
0.960277
0.960277
0.960277
0.960277
0.960277
0.960277
0.960277
0.960277
0.960277
0.960277
0.960138
0.960138
0.960138
0.960138
0.960138
0.960138
0.960138
0.960138
0.960138
0.960138
0.960138
0.960138
0.960138
0.960138
0.960138
0.960138
0.960000
0.960000
0.960000
0.960000
0.960000
0.960000
0.960000
0.960000
0.960000
0.960000
0.960000
0.960000
0.960138
0.960138
0.960138
0.960138
0.960138
0.960138
0.960138
0.960277
0.960277
0.960277
0.960277
0.960277
0.960277
0.960277
0.960277
0.960277
0.960277
0.960277
0.960277
0.960277
0.960277
0.960277
0.960277
0.960277
0.960277
0.960277
0.960277
0.960277
0.960277
0.960415
0.960277
0.960277
0.960277
0.960277
0.960277
0.960277
0.960277
0.960138
0.960138
0.960138
0.960138
0.960138
0.960138
0.960138
0.960138
0.960138
0.960138
0.960138
0.960138
0.960138
0.960138
0.960138
0.960138
0.960138
0.960138
0.960277
0.960277
0.960277
0.960277
0.960138
0.960138
0.960138
0.960138
0.960138
0.960138
0.960138
0.960138
0.960138
0.960138
0.960138
0.960138
0.960138
0.960138
0.960138
0.960138
0.960138
0.960138
0.960138
0.960138
0.960138
0.960138
0.960138
0.960138
0.960138
0.960138
0.960138
0.960138
0.960138
0.960138
0.960138
0.960138
0.960277
0.960277
0.960277
0.960277
0.960277
0.960277
0.960277
0.960277
0.960277
0.960277
0.960277
0.960277
0.960277
0.960277
0.960277
0.960277
0.960277
0.960277
0.960277
0.960277
0.960277
0.960277
0.960277
0.960277
0.960138
0.960138
0.960138
0.960138
0.960138
0.960138
0.960000
0.960000
0.960000
0.960000
0.960000
0.960000
0.960000
0.960000
0.960000
0.960000
0.960000
0.960000
0.960000
0.960000
0.960000
0.960000
0.960000
0.960000
0.960000
0.960000
0.960000
0.960000
0.960000
0.960000
0.960000
0.960000
0.960000
0.960000
0.960000
0.960000
0.960138
0.960138
0.960138
0.960138
0.960138
0.960138
0.960138
0.960138
0.960138
0.960138
0.960138
0.960138
0.960138
0.960138
0.960138
0.960138
0.960138
0.960138
0.960138
0.960138
0.960138
0.960138
0.960138
0.960138
0.960138
0.960138
0.960277
0.960277
0.960277
0.960277
0.960138
0.960138
0.960138
0.960138
0.960138
0.960138
0.960138
0.960138
0.960138
0.960138
0.960138
0.960138
0.960138
0.960138
0.960138
0.960138
0.960138
0.960138
0.960138
0.960138
0.960138
0.960138
0.960138
0.960138
0.960138
0.960138
0.960000
0.960000
0.960000
0.960000
0.960000
0.960000
0.960000
0.960000
0.960000
0.960000
0.960000
0.960000
0.960000
0.960000
0.960000
0.960000
0.960000
0.960000
0.960000
0.960000
0.960000
0.960000
0.960000
0.960000
0.960000
0.960000
0.960000
0.960000
0.960000
0.960000
0.960000
0.960000
0.960138
0.960138
0.960138
0.960138
0.960138
0.960138
0.960138
0.960138
0.960138
0.960138
0.960138
0.960138
0.960138
0.960138
0.960138
0.960138
0.960277
0.960277
0.960277
0.960277
0.960277
0.960277
0.960277
0.960415
0.960415
0.960415
0.960415
0.960415
0.960415
0.960554
0.960415
0.960415
0.960415
0.960415
0.960415
0.960415
0.960415
0.960415
0.960415
0.960415
0.960415
0.960415
0.960415
0.960415
0.960415
0.960415
0.960277
0.960277
0.960277
0.960277
0.960277
0.960277
0.960277
0.960138
0.960138
0.960138
0.960138
0.960138
0.960138
0.960000
0.960000
0.960000
0.960000
0.960000
0.960000
0.960000
0.960138
0.960138
0.960138
0.960138
0.960138
0.960138
0.960138
0.960138
0.960138
0.960138
0.960138
0.960138
0.960277
0.960277
0.960277
0.960277
0.960277
0.960277
0.960277
0.960277
0.960277
0.960277
0.960277
0.960277
0.960277
0.960277
0.960415
0.960415
0.960415
0.960415
0.960277
0.960277
0.960415
0.960415
0.960415
0.960415
0.960415
0.960415
0.960415
0.960415
0.960415
0.960415
0.960277
0.960277
0.960277
0.960277
0.960277
0.960277
0.960277
0.960277
0.960277
0.960277
0.960277
0.960277
0.960277
0.960415
0.960277
0.960277
0.960277
0.960277
0.960277
0.960277
0.960277
0.960277
0.960277
0.960277
0.960277
0.960277
0.960277
0.960277
0.960277
0.960277
0.960277
0.960277
0.960415
0.960415
0.960415
0.960415
0.960554
0.960554
0.960554
0.960554
0.960554
0.960554
0.960554
0.960415
0.960415
0.960554
0.960554
0.960554
0.960554
0.960554
0.960415
0.960554
0.960554
0.960554
0.960554
0.960554
0.960554
0.960554
0.960554
0.960554
0.960554
0.960554
0.960554
0.960554
0.960554
0.960554
0.960415
0.960415
0.960554
0.960554
0.960554
0.960554
0.960554
0.960554
0.960554
0.960415
0.960415
0.960415
0.960415
0.960415
0.960415
0.960277
0.960277
0.960277
0.960415
0.960415
0.960415
0.960415
0.960415
0.960415
0.960415
0.960554
0.960415
0.960415
0.960415
0.960415
0.960415
0.960415
0.960277
0.960277
0.960277
0.960277
0.960277
0.960277
0.960277
0.960277
0.960277
0.960277
0.960415
0.960415
0.960415
0.960415
0.960415
0.960554
0.960415
0.960415
0.960415
0.960415
0.960415
0.960415
0.960415
0.960277
0.960277
0.960277
0.960277
0.960277
0.960277
0.960277
0.960277
0.960415
0.960415
0.960415
0.960415
0.960415
0.960554
0.960554
0.960554
0.960554
0.960415
0.960415
0.960415
0.960415
0.960415
0.960277
0.960277
0.960277
0.960277
0.960415
0.960415
0.960415
0.960415
0.960554
0.960554
0.960554
0.960554
0.960554
0.960554
0.960554
0.960554
0.960415
0.960415
0.960415
0.960415
0.960415
0.960415
0.960415
0.960415
0.960415
0.960415
0.960415
0.960554
0.960554
0.960554
0.960554
0.960554
0.960554
0.973985
0.984509
0.984509
0.986309
0.990740
0.990602
0.990602
0.991155
0.991155
0.991294
0.991294
0.991294
0.991294
0.991294
0.991294
0.991294
0.992125
0.992817
0.992679
0.992679
0.992679
0.992679
0.992679
0.992679
0.992679
0.992679
0.992679
0.992679
0.992679
0.992679
0.979247
0.968585
0.968585
0.966785
0.962354
0.962354
0.962354
0.961800
0.961800
0.961662
0.961939
0.962631
0.964431
0.964431
0.964431
0.978970
0.989771
0.989078
0.989078
0.989078
0.989217
0.989217
0.989217
0.989217
0.989078
0.989078
0.989078
0.989078
0.989078
0.989078
0.989078
0.989078
0.989078
0.989078
0.989078
0.989078
0.989078
0.989078
0.989078
0.989078
0.988802
0.988109
0.986309
0.986309
0.986309
0.971770
0.960138
0.960138
0.960138
0.960138
0.960000
0.960138
0.960138
0.960138
0.960138
0.960138
0.961246
0.962492
0.962492
0.962492
0.962492
0.962492
0.962492
0.962492
0.962492
0.962492
0.962492
0.962492
0.962492
0.962631
0.962631
0.962631
0.962631
0.962631
0.962631
0.962631
0.962631
0.962631
0.962631
0.962631
0.962631
0.962492
0.962492
0.962492
0.962631
0.962631
0.961523
0.960277
0.960692
0.962631
0.962631
0.963462
0.963600
0.963600
0.963600
0.963600
0.963600
0.963600
0.963600
0.963462
0.967339
0.968862
0.968862
0.968862
0.968862
0.969000
0.969000
0.969000
0.969000
0.969000
0.969000
0.969000
0.969000
0.969000
0.968862
0.968862
0.969000
0.969000
0.968585
0.966647
0.966785
0.965954
0.965816
0.965816
0.965816
0.965816
0.965816
0.965816
0.965816
0.965816
0.972462
0.984094
0.984094
0.984094
0.984094
0.983955
0.983955
0.983955
0.983955
0.983955
0.983955
0.984094
0.984094
0.984094
0.984094
0.984094
0.983955
0.983955
0.983955
0.983955
0.983817
0.983817
0.983817
0.983817
0.983817
0.983817
0.983817
0.983817
0.983817
0.983817
0.973293
0.960138
0.960138
0.960138
0.960138
0.960138
0.960138
0.960138
0.960138
0.960138
0.960138
0.960000
0.960000
0.960000
0.960000
0.960000
0.960000
0.960000
0.960000
0.960000
0.960000
0.960000
0.960000
0.960000
0.972878
0.990048
0.990048
0.990048
0.990048
0.990048
0.990048
0.991709
0.991709
0.991709
0.991709
0.991709
0.991709
0.991709
0.991709
0.992263
0.992263
0.992263
0.992263
0.992263
0.992263
0.992263
0.992402
0.992402
0.992402
0.992402
0.992402
0.992402
0.992402
0.992402
0.979524
0.962354
0.962354
0.962354
0.962354
0.962354
0.962354
0.960692
0.960692
0.960692
0.960692
0.960692
0.960692
0.960692
0.960692
0.960138
0.960277
0.960277
0.960277
0.960277
0.960277
0.960277
0.960138
0.960277
0.960277
0.960277
0.960554
0.962354
0.962492
0.962492
0.962492
0.962492
0.962492
0.962492
0.962492
0.962492
0.962492
0.962492
0.962492
0.962492
0.962492
0.962492
0.962492
0.962492
0.962492
0.962492
0.962354
0.962354
0.962354
0.962354
0.962354
0.962354
0.962354
0.962216
0.962216
0.962216
0.961939
0.960138
0.960000
0.960000
0.960000
0.960138
0.996417
1.036296
1.036296
1.036296
1.036296
1.036435
1.036435
1.036435
1.036435
1.036435
1.036435
1.036435
1.036435
1.036573
1.038512
1.038512
1.038512
1.038512
1.038650
1.038650
1.038650
1.038650
1.038650
1.038650
1.038650
1.038650
1.038650
1.038650
1.038650
1.038512
1.002233
0.962354
0.962354
0.962354
0.962354
0.962216
0.962216
0.962216
0.962216
0.962216
0.962216
0.962216
0.962216
0.962077
0.960138
0.960138
0.960138
0.960138
0.960000
0.960000
0.960000
0.960000
0.960000
0.960000
0.960000
0.960000
0.960000
0.960000
0.960000
0.960138
0.960138
0.978693
1.002371
1.026050
1.032696
1.032835
1.032835
1.032835
1.032835
1.032835
1.044604
1.044743
1.044743
1.044743
1.044743
1.044743
1.044743
1.082960
1.111623
1.111900
1.111900
1.112039
1.112039
1.112039
1.112039
1.112039
1.112039
1.112039
1.119101
1.119101
1.120485
1.101931
1.078391
1.054713
1.048066
1.048066
1.048066
1.048066
1.048066
1.048066
1.036296
1.036296
1.036296
1.036296
1.036296
1.036435
1.036435
0.998217
0.969554
0.969277
0.969277
0.969277
0.969277
0.969277
0.969416
0.969416
0.969416
0.969416
0.962354
0.962216
0.960831
0.960831
0.960831
0.960831
0.960831
0.960692
0.960692
0.960831
0.960831
0.960831
0.960831
0.960692
0.960692
0.960692
0.960831
0.960692
0.960692
0.960692
0.960831
0.960831
0.960831
0.960692
0.962631
0.978416
0.985340
0.985340
0.985478
0.985478
0.985617
0.985617
0.985617
0.985617
0.985617
0.985617
0.985617
0.985755
0.985755
0.985617
0.985755
0.985755
0.985755
0.985755
0.985755
0.985755
0.987278
0.987832
0.987832
0.987832
0.987694
0.987694
0.987832
0.987832
0.985894
0.970108
0.963185
0.963185
0.963046
0.963046
0.962908
0.962908
0.962908
0.962908
0.962769
0.962769
0.962769
0.962769
0.962769
0.962769
0.962631
0.962631
0.962769
0.962769
0.962769
0.962769
0.961108
0.960554
0.960554
0.960692
0.960692
0.960692
0.960692
0.960692
0.960692
0.960692
0.960554
0.960554
0.960554
0.960554
0.960554
0.960554
0.960554
0.960554
0.960692
0.960692
0.960692
0.960554
0.960554
0.960554
0.960554
0.960692
0.960554
0.960554
0.960554
0.960554
0.960554
0.960554
0.960554
0.960415
0.960415
0.960415
0.960277
0.960277
0.960415
0.960415
0.960554
0.960554
0.960554
0.960554
0.962354
0.962354
0.962354
0.962354
0.962216
0.962354
0.962354
0.962354
0.962354
0.962354
0.962354
0.962216
0.962216
0.962216
0.962216
0.962216
0.962216
0.962216
0.962216
0.962216
0.964293
0.964293
0.964431
0.964431
0.964293
0.964293
0.964154
0.964154
0.964154
0.964154
0.962492
0.962492
0.962492
0.962492
0.962631
0.962492
0.962492
0.974816
0.998771
1.022726
1.029927
1.029927
1.029927
1.029927
1.030065
1.030065
1.041835
1.041835
1.041835
1.041835
1.043358
1.043358
1.043220
1.043220
1.043220
1.043358
1.043358
1.043497
1.043497
1.043497
1.043358
1.043497
1.043497
1.043497
1.043358
1.043358
1.043358
1.031035
1.007079
0.983124
0.975924
0.975924
0.975924
0.975924
0.975785
0.975785
0.964016
0.964016
0.964016
0.964154
0.960554
0.960554
0.960554
0.960692
0.960692
0.960554
0.960554
0.960415
0.960554
0.960554
0.960554
0.960415
0.960554
0.960554
0.960554
0.960554
0.960554
0.960554
0.960554
0.960554
0.960554
0.960554
0.960554
0.960554
0.960554
0.960554
0.960692
0.960692
0.960692
0.960554
0.960554
0.960554
0.960692
0.964293
0.965677
0.966785
0.966785
0.966785
0.966647
0.966647
0.966785
0.966785
0.966647
0.966647
0.966647
0.966647
0.966647
0.966647
0.966647
0.966647
0.966647
0.966647
0.966647
0.966647
0.966647
0.966785
0.966647
0.966647
0.966785
0.966785
0.966785
0.966785
0.966647
0.962908
0.961523
0.960415
0.960554
0.960554
0.960554
0.960554
0.960554
0.960554
0.960554
0.960554
0.960554
0.960554
0.960554
0.960554
0.960554
0.960554
0.960554
0.960554
0.960554
0.960554
0.960554
0.960415
0.960554
0.960554
0.960415
0.960415
0.960415
0.960415
0.960554
0.960554
0.960554
0.960554
0.960415
0.960415
0.960415
0.960415
0.960277
0.960277
0.960277
0.960277
0.960415
0.960415
0.960415
0.960415
0.960415
0.960554
0.960554
0.960554
0.960554
0.960554
0.960554
0.960554
0.960415
0.960415
0.960415
0.960415
0.960415
0.960415
0.960277
0.960277
0.960277
0.963462
0.974539
0.980355
0.986309
0.992540
1.008603
1.024388
1.042666
1.058451
1.076037
1.095284
1.109131
1.127270
1.148318
1.160503
1.166042
1.173657
1.206613
1.240676
1.274740
1.309634
1.344113
1.378730
1.413485
1.448103
1.482443
1.517199
1.551400
1.585602
1.620081
1.649436
1.673114
1.701916
1.730718
1.758550
1.777105
1.795521
1.811999
1.829861
1.846201
1.861571
1.881925
1.897988
1.911558
1.932882
1.961407
1.988131
1.988823
1.989377
1.990208
1.989931
1.989931
1.989931
1.989239
1.988962
1.989239
1.989100
1.988962
1.989377
1.985362
1.984531
1.984669
1.984392
1.981485
1.977054
1.971238
1.946452
1.921666
1.903250
1.883310
1.864478
1.835677
1.801475
1.766858
1.733625
1.699562
1.680730
1.656221
1.621604
1.586710
1.552093
1.517614
1.482997
1.448933
1.414593
1.379976
1.345497
1.311434
1.276817
1.246354
1.214644
1.179750
1.145410
1.113562
1.083930
1.055128
1.045712
1.035742
1.020511
1.006387
0.990602
0.985201
0.985201
0.985201
0.984786
0.984786
0.969277
0.960138
0.960138
0.960138
0.960138
0.960138
0.960138
0.960138
0.960138
0.960138
0.960000
0.960000
0.960000
0.960000
0.960000
0.960000
0.960000
0.960000
0.960000
0.960000
0.960000
0.960000
0.960000
0.960000
0.960000
0.960000
0.960138
0.960138
0.960138
0.960138
0.960138
0.960138
0.960138
0.960138
0.960138
0.960277
0.960277
0.960277
0.960277
0.960277
0.960277
0.960277
0.960277
0.960277
0.960277
0.960277
0.960277
0.960277
0.960277
0.960277
0.960277
0.960277
0.960277
0.960277
0.960277
0.960277
0.960138
0.960138
0.960138
0.960138
0.960138
0.960138
0.960138
0.960138
0.960138
0.960138
0.960138
0.960692
0.964846
0.979524
0.986032
0.986032
0.986032
0.986032
0.986032
0.986032
0.986032
0.986032
0.986032
0.986032
0.986032
0.986032
0.986032
0.986032
0.986032
0.986032
0.986032
0.986032
0.986032
0.986032
0.986032
0.986032
0.986032
0.986032
0.986032
0.985894
0.985894
0.985340
0.981186
0.966508
0.960000
0.960000
0.960000
0.960000
0.960000
0.960000
0.960000
0.960000
0.960000
0.960000
0.960000
0.960000
0.960000
0.960000
0.960000
0.960000
0.960000
0.960000
0.960000
0.960000
0.960000
0.960000
0.960000
0.960138
0.960138
0.960138
0.960277
0.960277
0.960277
0.960277
0.960277
0.960277
0.960277
0.960277
0.960277
0.960277
0.960277
0.960277
0.960277
0.960277
0.960277
0.960277
0.960277
0.960277
0.960277
0.960277
0.960415
0.960415
0.960415
0.960415
0.960415
0.960415
0.960415
0.960277
0.960277
0.960415
0.960277
0.960277
0.960277
0.960277
0.960277
0.960277
0.960277
0.960277
0.960277
0.960277
0.960277
0.960277
0.960277
0.960277
0.960277
0.960277
0.960277
0.960277
0.960277
0.960277
0.960138
0.960138
0.960138
0.960138
0.960138
0.960138
0.960138
0.960138
0.960138
0.960000
0.960000
0.960000
0.960000
0.960000
0.960000
0.960000
0.960000
0.960138
0.960138
0.960138
0.960138
0.960138
0.960138
0.960138
0.960138
0.960138
0.960138
0.960138
0.960138
0.960138
0.960138
0.960138
0.960138
0.960138
0.960138
0.960277
0.960277
0.960277
0.960277
0.960277
0.960277
0.960277
0.960277
0.960277
0.960277
0.960277
0.960277
0.960138
0.960138
0.960138
0.960138
0.960138
0.960138
0.960138
0.960138
0.960138
0.960138
0.960138
0.960138
0.960138
0.960138
0.960138
0.960138
0.960138
0.960138
0.960000
0.960000
0.960000
0.960000
0.960000
0.960000
0.960000
0.960138
0.960138
0.960138
0.960138
0.960138
0.960138
0.960138
0.960138
0.960138
0.960138
0.960138
0.960138
0.960138
0.960138
0.960138
0.960138
0.960277
0.960277
0.960277
0.960277
0.960277
0.960277
0.960277
0.960277
0.960277
0.960277
0.960277
0.960277
0.960277
0.960277
0.960138
0.960138
0.960138
0.960138
0.960138
0.960138
0.960138
0.960138
0.960138
0.960138
0.960138
0.960138
0.960138
0.960138
0.960277
0.960277
0.960138
0.960138
0.960138
0.960138
0.960138
0.960138
0.960138
0.960138
0.960138
0.960138
0.960138
0.960138
0.960138
0.960138
0.960138
0.960277
0.960277
0.960277
0.960277
0.960277
0.960277
0.960277
0.960277
0.960277
0.960277
0.960277
0.960277
0.960277
0.960138
0.960138
0.960138
0.960138
0.960138
0.960138
0.960138
0.960138
0.960138
0.960138
0.960138
0.960138
0.960138
0.960138
0.960138
0.960138
0.960138
0.960000
0.960000
0.960138
0.960138
0.960138
0.960138
0.960138
0.960138
0.960138
0.960138
0.960138
0.960138
0.960138
0.960138
0.960138
0.960138
0.960138
0.960138
0.960138
0.960277
0.960277
0.960277
0.960277
0.960277
0.960277
0.960277
0.960277
0.960277
0.960277
0.960277
0.960277
0.960277
0.960138
0.960138
0.960138
0.960138
0.960138
0.960138
0.960138
0.960277
0.960277
0.960277
0.960277
0.960277
0.960277
0.960277
0.960277
0.960277
0.960277
0.960138
0.960277
0.960277
0.960277
0.960277
0.960277
0.960277
0.960277
0.960277
0.960277
0.960277
0.960277
0.960277
0.960277
0.960277
0.960277
0.960277
0.960277
0.960277
0.960277
0.960138
0.960138
0.960138
0.960138
0.960138
0.960138
0.960138
0.960138
0.960138
0.960138
0.960277
0.960138
0.960138
0.960138
0.960138
0.960138
0.960138
0.960277
0.960277
0.960277
0.960277
0.960277
0.960277
0.960277
0.960277
0.960277
0.960277
0.960277
0.960277
0.960277
0.960277
0.960277
0.960277
0.960277
0.960277
0.960277
0.960277
0.960277
0.960277
0.960415
0.960277
0.960277
0.960277
0.960277
0.960277
0.960277
0.960277
0.960138
0.960138
0.960277
0.960277
0.960277
0.960277
0.960277
0.960277
0.960277
0.960277
0.960277
0.960277
0.960277
0.960277
0.960277
0.960277
0.960277
0.960277
0.960277
0.960277
0.960277
0.960277
0.960138
0.960138
0.960138
0.960138
0.960138
0.960138
0.960138
0.960138
0.960277
0.960277
0.960138
0.960138
0.960138
0.960138
0.960138
0.960138
0.960138
0.960277
0.960277
0.960277
0.960277
0.960277
0.960277
0.960277
0.960277
0.960277
0.960277
0.960277
0.960277
0.960277
0.960277
0.960277
0.960277
0.960277
0.960415
0.960415
0.960415
0.960415
0.960277
0.960277
0.960415
0.960415
0.960415
0.960415
0.960415
0.960415
0.960415
0.960277
0.960277
0.960277
0.960415
0.960415
0.960415
0.960415
0.960415
0.960415
0.960415
0.960554
0.960554
0.960554
0.960554
0.960554
0.960554
0.960554
0.960415
0.960415
0.960415
0.960415
0.960415
0.960554
0.960415
0.960415
0.960415
0.960415
0.960415
0.960554
0.960554
0.960554
0.960554
0.960554
0.960415
0.960554
0.960554
0.960554
0.960692
0.960692
0.960692
0.961800
0.962631
0.962631
0.962631
0.964846
0.964846
0.965262
0.966231
0.974955
0.978416
0.978416
0.978416
0.978416
0.978416
0.978416
0.979247
0.979801
0.979801
0.979940
0.979940
0.979940
0.979940
0.980355
0.980355
0.980216
0.989909
1.000987
1.024111
1.044328
1.054297
1.063021
1.072160
1.081991
1.091822
1.099577
1.101515
1.101100
1.100130
1.091545
1.088084
1.088084
1.088084
1.087945
1.087945
1.087945
1.087114
1.086561
1.086561
1.086284
1.086284
1.086284
1.086284
1.085868
1.085868
1.085868
1.076175
1.065098
1.041835
1.021619
1.011649
1.003618
0.993925
0.984094
0.974401
0.964431
0.962492
0.962492
0.962492
0.963739
0.963739
0.964431
0.964431
0.964569
0.964569
0.964569
0.964708
0.964708
0.964708
0.964708
0.964708
0.964846
0.964846
0.964985
0.964985
0.964985
0.965123
0.965123
0.965262
0.965262
0.965262
0.963323
0.963046
0.963046
0.962908
0.962908
0.962908
0.962908
0.962908
0.961662
0.961662
0.960969
0.960969
0.960831
0.960831
0.960831
0.960692
0.960692
0.960831
0.960831
0.960831
0.960692
0.960692
0.960554
0.960554
0.960554
0.960415
0.960415
0.960277
0.960277
0.960277
0.960277
0.960277
0.960277
0.960277
0.960277
0.960277
0.960277
0.960277
0.960138
0.960138
0.960138
0.960138
0.960138
0.960138
0.960138
0.960138
0.960138
0.960000
0.960000
0.960000
0.960000
0.960000
0.960000
0.960000
0.960000
0.960000
0.960000
0.960000
0.960000
0.960000
0.960138
0.960138
0.960138
0.960138
0.960138
0.960138
0.960138
0.960138
0.960138
0.960138
0.960138
0.960138
0.960277
0.960277
0.960277
0.960277
0.960277
0.960277
0.960277
0.960277
0.960277
0.960277
0.960277
0.960277
0.960277
0.960277
0.960277
0.960277
0.960277
0.960277
0.960138
0.960138
0.960138
0.960138
0.960138
0.960138
0.960138
0.960138
0.960138
0.960138
0.960138
0.960138
0.960000
0.960000
0.960000
0.960000
0.960000
0.960000
0.960000
0.960000
0.960000
0.960000
0.960000
0.960000
0.960000
0.960000
0.960000
0.960000
0.960000
0.960000
0.960000
0.960000
0.960000
0.960138
0.960138
0.960138
0.960138
0.960138
0.960138
0.960138
0.960138
0.960277
0.960277
0.960277
0.960277
0.960277
0.960277
0.960277
0.960277
0.960277
0.960277
0.960277
0.960277
0.960277
0.960277
0.960277
0.960277
0.960277
0.960277
0.960277
0.960277
0.960277
0.960415
0.960277
0.960277
0.960277
0.960415
0.960415
0.960415
0.960415
0.960415
0.960277
0.960277
0.960277
0.960277
0.960277
0.960277
0.960277
0.960277
0.960277
0.960277
0.960277
0.960277
0.960277
0.960277
0.960277
0.960277
0.960277
0.960277
0.960277
0.960277
0.960277
0.960138
0.960138
0.960138
0.960138
0.960000
0.960000
0.960000
0.960000
0.960000
0.960000
0.960000
0.960000
0.960000
0.960000
0.960000
0.960000
0.960000
0.960000
0.960000
0.960000
0.960138
0.960138
0.960138
0.960138
0.960138
0.960138
0.960138
0.960277
0.960277
0.960277
0.960277
0.960277
0.960277
0.960277
0.960277
0.960277
0.960277
0.960277
0.960277
0.960277
0.960277
0.960277
0.960277
0.960277
0.960277
0.960277
0.960277
0.960277
0.960277
0.960277
0.960138
0.960138
0.960138
0.960138
0.960138
0.960138
0.960138
0.960000
0.960000
0.960000
0.960000
0.960000
0.960000
0.960000
0.960000
0.960000
0.960000
0.960000
0.960000
0.960000
0.960000
0.960000
0.960000
0.960000
0.960000
0.960000
0.960000
0.960000
0.960000
0.960000
0.960000
0.960000
0.960000
0.960000
0.960000
0.960000
0.960000
0.960415
0.960415
0.960415
0.960415
0.960415
0.960415
0.960415
0.960415
0.960415
0.960415
0.960415
0.960415
0.960415
0.960415
0.960415
0.960415
0.960415
0.960415
0.960415
0.960415
0.960415
0.960415
0.960415
0.960415
0.960415
0.960415
0.960415
0.960415
0.960415
0.960415
0.960000
0.960000
0.960000
0.960000
0.960000
0.960000
0.960000
0.960000
0.960000
0.960000
0.960000
0.960000
0.960000
0.960000
0.960000
0.960000
0.960000
0.960000
0.960000
0.960000
0.960000
0.960000
0.960000
0.960000
0.960000
0.960000
0.960000
0.960000
0.960000
0.960000
0.960000
0.960000
0.960000
0.960000
0.960000
0.960000
0.960000
0.960000
0.960000
0.960000
0.960000
0.960000
0.960000
0.960000
0.960000
0.960138
0.960138
0.960138
0.960277
0.960277
0.960277
0.960277
0.960277
0.960277
0.960277
0.960277
0.960277
0.960277
0.960277
0.960277
0.960277
0.960277
0.960277
0.960277
0.960277
0.960277
0.960277
0.960277
0.960277
0.960277
0.960277
0.960277
0.960277
0.960277
0.960277
0.960138
0.960138
0.960138
0.960000
0.960000
0.960000
0.960138
0.960138
0.960138
0.960138
0.960138
0.960138
0.960138
0.960138
0.960138
0.960277
0.960277
0.960277
0.960277
0.960277
0.960277
0.960277
0.960277
0.960277
0.960277
0.960277
0.960277
0.960277
0.960277
0.960277
0.980770
0.980770
0.980770
0.980770
0.980770
0.980770
0.980632
0.980632
0.980632
0.980632
0.980632
0.980632
0.980632
0.980632
0.980632
0.980493
0.980632
0.980632
0.980770
0.980770
0.980770
0.980770
0.980770
0.980770
0.980770
0.980770
0.980770
0.980770
0.980770
0.980770
0.960277
0.960415
0.960415
0.960554
0.960554
0.960554
0.960554
0.960554
0.960554
0.960554
0.960554
0.960554
0.960554
0.960692
0.960692
0.961385
0.966093
0.970247
0.970801
0.974401
0.989771
0.995310
0.995310
0.995863
0.996002
0.999741
1.003064
1.006387
1.006387
1.007495
1.011787
1.011649
1.011649
1.011510
1.011510
1.011510
1.011510
1.011510
1.011510
1.011510
1.011510
1.013726
1.014972
1.014834
1.014834
1.014280
1.011787
1.007772
1.010541
1.010126
0.994756
0.989355
1.004448
1.011926
1.013034
1.009295
1.005972
1.002648
1.002648
1.001541
0.997248
0.997387
0.997387
0.997387
0.997387
0.997387
0.997387
0.997387
0.998079
0.999325
1.013034
1.022173
1.027296
1.027296
1.027296
1.027157
1.024803
1.024665
1.021203
1.018018
1.018157
1.018018
1.002925
0.994894
0.993648
0.993648
0.993648
0.993648
0.993648
0.993648
0.993648
0.993509
0.993509
0.993509
0.993509
0.993509
0.993509
0.993509
0.992817
0.991571
0.977862
0.966508
0.960138
0.960138
0.960138
0.960138
0.960138
0.960138
0.960138
0.960138
0.960000
0.960000
0.960000
0.960000
0.960000
0.960000
0.960000
0.960000
0.960000
0.960138
0.960138
0.960138
0.960138
0.960138
0.960138
0.960138
0.960277
0.960277
0.960277
0.960277
0.960277
0.960277
0.960277
0.960277
0.960277
0.960277
0.960277
0.960277
0.960277
0.960277
0.960277
0.960277
0.960277
0.960277
0.960277
0.960277
0.960277
0.960277
0.960277
0.960138
0.960138
0.960138
0.960138
0.960138
0.960138
0.960138
0.960000
0.960000
0.960000
0.960000
0.960000
0.960000
0.960000
0.960000
0.960000
0.960000
0.960000
0.960000
0.960000
0.960000
0.960000
0.960000
0.960000
0.960000
0.960000
0.960000
0.960000
0.960000
0.960000
0.960000
0.960000
0.960000
0.960000
0.960000
0.960000
0.960000
0.960000
0.960000
0.960000
0.960000
0.960000
0.960000
0.960000
0.960000
0.960000
0.960000
0.960000
0.960000
0.960000
0.960138
0.960138
0.960138
0.960138
0.960138
0.963046
0.965954
0.974262
0.989355
1.002648
1.014695
1.026188
1.042804
1.072021
1.087668
1.097223
1.097223
1.097223
1.099161
1.106500
1.113700
1.120762
1.127686
1.134609
1.141533
1.148318
1.155103
1.162026
1.168811
1.175596
1.182381
1.189027
1.195812
1.202597
1.209244
1.212983
1.216721
1.213121
1.199828
1.198028
1.203428
1.209382
1.208136
1.186258
1.177950
1.172411
1.174211
1.174211
1.172273
1.164934
1.157733
1.150810
1.143887
1.137102
1.130178
1.123809
1.117024
1.110100
1.104700
1.098053
1.095423
1.105392
1.098607
1.091822
1.085176
1.078529
1.072021
1.067313
1.065513
1.054020
1.036573
1.019126
1.003756
0.996417
0.989078
0.985063
0.983263
0.983263
0.983263
0.983263
0.983401
0.983263
0.983263
0.983124
0.983263
0.982847
0.982847
0.982847
0.981463
0.981324
0.977032
0.960415
0.960415
0.960415
0.960415
0.960415
0.960277
0.960277
0.960277
0.960277
0.960277
0.960277
0.960277
0.960277
0.960277
0.960277
0.960277
0.960277
0.960277
0.960277
0.960277
0.960277
0.960277
0.960277
0.960277
0.960277
0.960277
0.960277
0.960277
0.960277
0.960277
0.960277
0.960277
0.960277
0.960277
0.960277
0.960277
0.960277
0.960277
0.960277
0.960277
0.960277
0.960277
0.960277
0.960277
0.960277
0.960277
0.960277
0.960415
0.960415
0.960277
0.960277
0.960415
0.960415
0.960277
0.960277
0.960277
0.960277
0.960277
0.960277
0.960277
0.960277
0.960277
0.960277
0.960277
0.960277
0.960277
0.960277
0.960277
0.960277
0.960277
0.960277
0.960277
0.960277
0.960277
0.960277
0.960277
0.960277
0.960277
0.960277
0.960277
0.960277
0.960138
0.960138
0.960277
0.960277
0.960277
0.960277
0.960277
0.960277
0.960277
0.960277
0.960277
0.960277
0.960277
0.960277
0.960277
0.960277
0.960415
0.960415
0.960415
0.960415
0.960415
0.960554
0.960554
0.960554
0.960554
0.960554
0.960415
0.960415
0.960415
0.960415
0.960415
0.960415
0.960277
0.960277
0.960415
0.960415
0.960415
0.960415
0.960554
0.960554
0.960554
0.960554
0.960554
0.960554
0.960554
0.960554
0.960415
0.960415
0.960554
0.960554
0.960554
0.960415
0.960554
0.960554
0.960554
0.960554
0.960554
0.960554
0.960554
0.960554
0.960554
0.960554
0.960554
0.960554
0.960415
0.960415
0.960415
0.960415
0.960277
0.960277
0.960277
0.960277
0.960277
0.960277
0.960277
0.960277
0.960277
0.960277
0.960138
0.960138
0.960138
0.960138
0.960000
0.960000
0.960000
0.960000
0.960138
0.960138
0.960138
0.960138
0.960138
0.960138
0.960277
0.960277
0.960277
0.960277
0.960277
0.960277
0.960277
0.960277
0.960277
0.960277
0.960277
0.960277
0.960277
0.960415
0.960415
0.960415
0.960415
0.960554
0.960554
0.960554
0.960554
0.960554
0.960554
0.960554
0.960415
0.960415
0.960415
0.960415
0.960415
0.960415
0.960277
0.960277
0.960277
0.960277
0.960277
0.960415
0.960415
0.960415
0.960415
0.960415
0.960554
0.960554
0.960554
0.960415
0.960415
0.960415
0.960415
0.960277
0.960277
0.960277
0.960277
0.960277
0.960277
0.960277
0.960277
0.960277
0.960277
0.960277
0.960415
0.960415
0.960415
0.960554
0.960554
0.960554
0.960554
0.960415
0.960415
0.960415
0.960415
0.960415
0.960277
0.960277
0.960277
0.960277
0.960277
0.960277
0.960277
0.960277
0.960277
0.960277
0.960277
0.960277
0.960277
0.960277
0.960277
0.960277
0.960277
0.960277
0.960138
0.960138
0.960277
0.960138
0.960138
0.960277
0.960277
0.960277
0.960277
0.960277
0.960277
0.960277
0.960277
0.960277
0.960277
0.960277
0.960277
0.960277
0.960277
0.960277
0.960277
0.960277
0.960277
0.960277
0.960277
0.960277
0.960277
0.960277
0.960277
0.960277
0.960277
0.960277
0.960138
0.960138
0.960138
0.960000
0.960000
0.960000
0.960000
0.960000
0.960000
0.960000
0.960138
0.960138
0.960138
0.960138
0.960138
0.960277
0.960277
0.960277
0.960277
0.960277
0.960277
0.960277
0.960277
0.960277
0.960277
0.960277
0.960277
0.960277
0.960277
0.960277
0.960277
0.960277
0.960277
0.960277
0.960277
0.960277
0.960277
0.960277
0.960277
0.960277
0.960138
0.960138
0.960138
0.960138
0.960277
0.960138
0.960138
0.960277
0.960277
0.960277
0.960277
0.960277
0.960277
0.960277
0.960277
0.960277
0.960277
0.960277
0.960277
0.960277
0.960277
0.960277
0.960277
0.960277
0.960277
0.960277
0.960277
0.960277
0.960277
0.960277
0.960277
0.960277
0.960277
0.960277
0.960138
0.960138
0.960138
0.960000
0.960000
0.960000
0.960000
0.960000
0.960000
0.960000
0.960000
0.960000
0.960000
0.960000
0.960000
0.960000
0.960000
0.960138
0.960138
0.960138
0.960138
0.960277
0.960277
0.960277
0.960277
0.960277
0.960277
0.960277
0.960277
0.960277
0.960277
0.960277
0.960277
0.960277
0.960277
0.960277
0.960277
0.960277
0.960277
0.960277
0.960277
0.960277
0.960277
0.960277
0.960277
0.960277
0.960277
0.960138
0.960277
0.960277
0.960277
0.960138
0.960277
0.960277
0.960277
0.960277
0.960277
0.960277
0.960277
0.960277
0.960277
0.960277
0.960277
0.960277
0.960277
0.960277
0.960277
0.960277
0.960277
0.960277
0.960415
0.960415
0.960415
0.960415
0.960554
0.960554
0.960554
0.960554
0.960415
0.960415
0.960415
0.960415
0.960277
0.960277
0.960277
0.960277
0.960277
0.960277
0.960277
0.960277
0.960277
0.960277
0.960277
0.960277
0.960277
0.960277
0.960277
0.960415
0.960415
0.960415
0.960277
0.960277
0.960277
0.960277
0.960138
0.960138
0.960277
0.960277
0.960277
0.960277
0.960277
0.960277
0.960277
0.960277
0.960277
0.960277
0.960277
0.960277
0.960277
0.960277
0.960277
0.960277
0.960277
0.960277
0.960277
0.960277
0.960277
0.960138
0.960138
0.960138
0.960138
0.960138
0.960138
0.960138
0.960138
0.960138
0.960000
0.960000
0.960138
0.960138
0.960138
0.960138
0.960138
0.960138
0.960138
0.960138
0.960138
0.960277
0.960277
0.960277
0.960277
0.960277
0.960277
0.960277
0.960277
0.960277
0.960277
0.960277
0.960277
0.960277
0.960277
0.960277
0.960277
0.960277
0.960277
0.960277
0.960277
0.960277
0.960138
0.960138
0.960138
0.960138
0.960138
0.960138
0.960138
0.960138
0.960138
0.960000
0.960000
0.960000
0.960000
0.960000
0.960000
0.960000
0.960000
0.960000
0.960000
0.960000
0.960000
0.960000
0.960000
0.960000
0.960138
0.960138
0.960138
0.960138
0.960277
0.960277
0.960277
0.960277
0.960277
0.960277
0.960277
0.960277
0.960277
0.960277
0.960277
0.960277
0.960277
0.960277
0.960277
0.960277
0.960277
0.960277
0.960277
0.960277
0.960277
0.960277
0.960277
0.960277
0.960277
0.960277
0.960138
0.960277
0.960277
0.960277
0.960277
0.960277
0.960277
0.960277
0.960277
0.960277
0.960277
0.960277
0.960277
0.960277
0.960277
0.960277
0.960277
0.960277
0.960277
0.960277
0.960277
0.960277
0.960277
0.960277
0.960277
0.960277
0.960277
0.960277
0.960277
0.960277
0.960277
0.960138
0.960138
0.960277
0.960138
0.960138
0.960138
0.960277
0.960277
0.960277
0.960277
0.960277
0.960277
0.960277
0.960277
0.960277
0.960277
0.960277
0.960277
0.960277
0.960277
0.960277
0.960277
0.960277
0.960277
0.960277
0.960277
0.960277
0.960277
0.960277
0.960277
0.960277
0.960277
0.960138
0.960138
0.960138
0.960138
0.960000
0.960000
0.960000
0.960000
0.960138
0.960138
0.960138
0.960138
0.960277
0.960277
0.960277
0.960277
0.960277
0.960277
0.960277
0.960277
0.960277
0.960277
0.960277
0.960277
0.960277
0.960277
0.960277
0.960277
0.960277
0.960277
0.960277
0.960277
0.960277
0.960277
0.960277
0.960277
0.960277
0.960277
0.960138
0.960277
0.960277
0.960277
0.960277
0.960277
0.960277
0.960277
0.960277
0.960277
0.960277
0.960277
0.960277
0.972185
0.984371
0.984371
0.984371
0.984371
0.984371
0.984509
0.984509
0.984509
0.984509
0.984509
0.984509
0.984509
0.984509
0.984509
0.984509
0.984509
0.984509
0.987694
1.002925
1.009018
1.009710
1.030896
1.030896
1.030896
1.033388
1.034358
1.035189
1.035189
1.037266
1.027157
1.015111
1.015111
1.015111
1.015111
1.017326
1.017326
1.017326
1.017465
1.018295
1.019957
1.019957
1.019957
1.019957
1.019957
1.020649
1.025773
1.026465
1.023142
1.007910
1.001818
1.001125
0.980355
0.980355
0.980493
0.978001
0.977032
0.980909
0.980909
0.978832
0.977032
0.977170
0.977170
0.977170
0.978278
0.977170
0.977032
0.977032
0.977309
0.976478
0.974816
0.974816
0.976062
0.979801
0.997248
1.004310
0.999187
0.998494
0.998633
0.998633
0.998633
0.998494
0.998079
0.998079
0.997940
0.997940
1.001402
0.996694
0.996694
0.996694
0.996694
0.996417
0.998910
0.998910
1.000848
1.001541
1.003341
1.005279
1.005418
1.005418
1.005695
1.005695
1.004448
1.000710
0.983263
0.975647
0.975647
0.975647
0.975509
0.975785
0.975785
0.975785
0.976478
0.977170
0.978970
0.998079
0.994617
0.994617
0.994617
0.994756
0.994756
0.994756
0.992263
0.992263
0.989217
0.987417
0.985617
0.983678
0.983124
0.983124
0.982847
0.982847
0.982847
0.982847
0.982847
0.982709
0.982709
0.982709
0.982709
0.982432
0.982432
0.982432
0.981740
0.981047
0.979247
0.960138
0.960138
0.960138
0.960138
0.960000
0.960000
0.960000
0.960000
0.960000
0.960000
0.960000
0.960000
0.960000
0.960000
0.960000
0.960000
0.960000
0.960000
0.960000
0.960000
0.960000
0.960000
0.960000
0.960000
0.960000
0.960000
0.960000
0.960000
0.960138
0.960138
0.960138
0.960138
0.960138
0.960138
0.960138
0.960138
0.960277
0.960277
0.960277
0.960277
0.960277
0.960277
0.960277
0.960277
0.960277
0.960277
0.961523
0.961662
0.961662
0.973431
0.981740
0.982293
0.984371
0.984371
0.984371
0.984371
0.984371
0.984371
0.984371
0.984371
0.984371
0.984371
0.984509
0.984509
0.984509
0.984509
0.984371
0.984371
0.984371
0.984371
0.985755
0.985755
0.986309
0.988248
0.988248
0.988248
0.987001
0.986863
0.986863
0.975093
0.966785
0.967616
0.965539
0.965539
0.965539
0.965539
0.965539
0.965539
0.965539
0.965539
0.965539
0.965677
0.965539
0.965539
0.967893
0.967893
0.967893
0.978139
0.978139
0.978139
0.976755
0.976893
0.976339
0.974401
0.974401
0.974401
0.974401
0.974401
0.974401
0.974401
0.974401
0.973016
0.973016
0.973016
0.973016
0.973016
0.973016
0.973016
0.972878
0.972878
0.972878
0.972739
0.972739
0.972739
0.970385
0.970385
0.970385
0.960138
0.960138
0.960138
0.960138
0.960000
0.966647
0.982017
0.999048
1.012341
1.017603
1.022865
1.027434
1.033942
1.047512
1.062328
1.078252
1.093899
1.108023
1.122424
1.134471
1.134471
1.134471
1.134471
1.150256
1.184043
1.217829
1.251754
1.285679
1.319465
1.353528
1.387453
1.421378
1.455441
1.489505
1.523430
1.550847
1.569401
1.586295
1.607065
1.635728
1.664391
1.693746
1.721163
1.741657
1.760765
1.778905
1.797321
1.817261
1.837892
1.859909
1.893972
1.927897
1.963899
1.982177
1.982869
1.983700
1.984254
1.996578
2.009455
1.994916
1.962930
1.929836
1.896880
1.863786
1.829861
1.798013
1.764227
1.730302
1.696239
1.662314
1.644867
1.631020
1.597095
1.564693
1.532292
1.498228
1.464165
1.430102
1.397008
1.364606
1.331096
1.297864
1.261862
1.228353
1.197889
1.177119
1.160503
1.118685
1.076175
1.059974
1.061913
1.063575
1.067313
1.073960
1.077145
1.075483
1.075345
1.075345
1.075483
1.075483
1.059005
1.038927
1.038927
1.037404
1.035881
1.035881
1.035881
1.035881
1.033942
1.032281
1.031727
1.031035
1.031035
1.030481
1.026465
1.012618
0.994756
0.990325
0.986171
0.982847
0.978970
0.976478
0.971631
0.964016
0.960831
0.960277
0.960277
0.960277
0.960138
0.960138
0.960138
0.960138
0.960138
0.960000
0.960000
0.960000
0.960000
0.960000
0.960000
0.960000
0.960000
0.960000
0.960000
0.960000
0.960000
0.960000
0.960000
0.960000
0.960000
0.960000
0.960000
0.960000
0.960000
0.960000
0.960000
0.960000
0.960000
0.960000
0.960000
0.960000
0.960000
0.960000
0.960000
0.960000
0.960138
0.960138
0.960138
0.960138
0.960138
0.960138
0.960138
0.960138
0.960138
0.960138
0.960138
0.960138
0.960138
0.960138
0.960138
0.960277
0.960277
0.960277
0.960277
0.960277
0.960277
0.960277
0.960277
0.960277
0.960277
0.960277
0.960277
0.960277
0.960277
0.960277
0.960138
0.960138
0.960138
0.960138
0.960138
0.960138
0.960138
0.960138
0.960138
0.960138
0.960138
0.960138
0.960138
0.960138
0.960138
0.960000
0.960000
0.960000
0.960000
0.960000
0.960000
0.960000
0.960000
0.960000
0.960000
0.960000
0.960000
0.960000
0.960000
0.960000
0.960000
0.960000
0.960000
0.960000
0.960000
0.960000
0.960000
0.960000
0.960000
0.960000
0.960000
0.960000
0.960000
0.960000
0.960000
0.960000
0.960000
0.960000
0.960000
0.960000
0.960000
0.960000
0.960000
0.960000
0.960000
0.960000
0.960000
0.960000
0.960000
0.960000
0.960000
0.960000
0.960000
0.960000
0.960000
0.960000
0.960000
0.960000
0.960000
0.960000
0.960000
0.960000
0.960000
0.960000
0.960000
0.960000
0.960000
0.960000
0.960000
0.960000
0.960000
0.960000
0.960000
0.960000
0.960000
0.960000
0.960000
0.960000
0.960000
0.960000
0.960000
0.960000
0.960000
0.960000
0.960000
0.960000
0.960000
0.960000
0.960000
0.960000
0.960000
0.960000
0.960000
0.960000
0.960000
0.960000
0.960000
0.960000
0.960000
0.960000
0.960000
0.960000
0.960000
0.960000
0.960000
0.960000
0.960000
0.960000
0.960000
0.960000
0.960000
0.960000
0.960000
0.960000
0.960000
0.960000
0.960000
0.960000
0.960000
0.960000
0.960000
0.960000
0.960000
0.960000
0.960000
0.960000
0.960000
0.960000
0.960000
0.960000
0.960000
0.960000
0.960000
0.960000
0.960000
0.960000
0.960000
0.960000
0.960000
0.960000
0.960000
0.960000
0.960000
0.960000
0.960000
0.960000
0.960000
0.960000
0.960000
0.960000
0.960000
0.960000
0.960000
0.960000
0.960000
0.960000
0.960000
0.960000
0.960000
0.960000
0.960000
0.960000
0.960000
0.960000
0.960000
0.960000
0.960000
0.960000
0.960000
0.960000
0.960000
0.960000
0.960000
0.960000
0.960000
0.960000
0.960000
0.960000
0.960000
0.960000
0.960000
0.960000
0.960000
0.960000
0.960000
0.960000
0.960000
0.960000
0.960000
0.960000
0.960000
0.960000
0.960000
0.960000
0.960000
0.960000
0.960000
0.960000
0.960000
0.960000
0.960138
0.960138
0.960138
0.960138
0.960138
0.960138
0.960138
0.960138
0.960138
0.960138
0.960138
0.960138
0.960138
0.960138
0.960138
0.960138
0.960277
0.960277
0.960277
0.960277
0.960277
0.960277
0.960277
0.960277
0.960277
0.960277
0.960277
0.960277
0.960277
0.960277
0.960138
0.960138
0.960138
0.960138
0.960138
0.960138
0.960138
0.960138
0.960138
0.960138
0.960138
0.960138
0.960138
0.960138
0.960138
0.960138
0.960000
0.960000
0.960000
0.960000
0.960000
0.960000
0.960000
0.960000
0.960000
0.960000
0.960000
0.960000
0.960138
0.960138
0.960138
0.960138
0.960138
0.960138
0.960138
0.960138
0.960138
0.960138
0.960138
0.960138
0.960277
0.960277
0.960277
0.960277
0.960277
0.960277
0.960277
0.960277
0.960277
0.960277
0.960277
0.960277
0.960277
0.960277
0.960277
0.960277
0.960277
0.960277
0.960138
0.960138
0.960138
0.960138
0.960138
0.960138
0.960138
0.960138
0.960138
0.960138
0.960138
0.960138
0.960000
0.960000
0.960000
0.960138
0.960138
0.960138
0.960138
0.960138
0.960138
0.960138
0.960277
0.960277
0.960277
0.960277
0.960277
0.960277
0.960277
0.960277
0.960277
0.960277
0.960277
0.960277
0.960277
0.960277
0.960277
0.960277
0.960277
0.960277
0.960277
0.960277
0.960277
0.960277
0.960277
0.960138
0.960138
0.960138
0.960138
0.960138
0.960138
0.960138
0.960000
0.960000
0.960000
0.960000
0.960000
0.960000
0.960000
0.960000
0.960138
0.960138
0.960138
0.960138
0.960138
0.960138
0.960277
0.960277
0.960277
0.960277
0.960277
0.960277
0.960277
0.960277
0.960277
0.960277
0.960277
0.960277
0.960277
0.960277
0.960277
0.960277
0.960277
0.960277
0.960277
0.960277
0.960277
0.960277
0.960277
0.960277
0.960138
0.960138
0.960138
0.960138
0.960138
0.960138
0.960000
0.960000
0.960000
0.960000
0.960000
0.960138
0.960138
0.960138
0.960138
0.960138
0.960277
0.960277
0.960277
0.960277
0.960277
0.960277
0.960277
0.960277
0.960277
0.960277
0.960277
0.960277
0.960277
0.960277
0.960277
0.960277
0.960277
0.960277
0.960277
0.960277
0.960277
0.960415
0.960415
0.960415
0.960415
0.960277
0.960277
0.960277
0.960415
0.960415
0.960277
0.960277
0.960277
0.960277
0.960277
0.960277
0.960277
0.960277
0.960277
0.960277
0.960277
0.960277
0.960277
0.960277
0.960277
0.960277
0.960277
0.960277
0.960277
0.960277
0.960277
0.960138
0.960138
0.960138
0.960138
0.960138
0.960138
0.960138
0.960000
0.960000
0.960138
0.960138
0.960138
0.960138
0.960138
0.960138
0.960138
0.960277
0.960277
0.960277
0.960277
0.960277
0.960277
0.960277
0.960277
0.960277
0.960277
0.960277
0.960277
0.960277
0.960277
0.960277
0.960277
0.960277
0.960277
0.960277
0.960277
0.960277
0.960277
0.960277
0.960138
0.960138
0.960138
0.960138
0.960138
0.960138
0.960138
0.960000
0.960000
0.960000
0.960000
0.960000
0.960000
0.960000
0.960000
0.960000
0.960000
0.960138
0.960138
0.960138
0.960138
0.960143
0.960148
0.960154
0.960160
0.960166
0.960173
0.960181
0.960189
0.960198
0.960208
0.960219
0.960231
0.960244
0.960260
