0.960000
0.960000
0.960000
0.960000
0.960000
0.960000
0.960000
0.960000
0.960000
0.960000
0.960000
0.960000
0.960000
0.960000
0.960000
0.960000
0.960000
0.960000
0.960000
0.960000
0.960000
0.960000
0.960000
0.960000
0.960000
0.960000
0.960000
0.960000
0.960000
0.960000
0.960000
0.960000
0.960000
0.960000
0.960000
0.960000
0.960000
0.972747
0.973018
0.973018
0.973018
0.973018
0.973018
0.973018
0.973018
0.973018
0.973018
0.973018
0.973018
0.973018
0.973018
0.973018
0.973018
0.973018
0.973018
0.973018
0.973018
0.973018
0.973018
0.973018
0.973018
0.973018
0.973018
0.973018
0.973018
0.973018
0.973018
0.960271
0.960000
0.960000
0.960000
0.960000
0.960000
0.960000
0.960000
0.960000
0.960000
0.960000
0.960000
0.960000
0.960000
0.960000
0.960000
0.960000
0.960000
0.960000
0.960000
0.960000
0.960000
0.960000
0.960000
0.968950
0.968950
0.968950
0.968950
0.968950
0.968950
0.968950
0.968950
0.968950
0.968950
0.968950
0.968950
0.968950
0.968950
0.968950
0.968950
0.968950
0.968950
0.968950
0.968950
0.968950
0.968950
0.968950
0.968950
0.968950
0.968950
0.968950
0.968950
0.968950
0.968950
0.960000
0.960000
0.960000
0.960000
0.960000
0.960000
0.960000
0.960000
0.960000
0.960000
0.960000
0.960000
0.960000
0.960000
0.960000
0.960000
0.960000
0.960000
0.960000
0.960000
0.960000
0.960000
0.960000
0.960000
0.960000
0.960000
0.960000
0.960000
0.960000
0.960000
0.960000
0.960000
0.960000
0.960000
0.960000
0.960000
0.960000
0.960000
0.973561
0.973832
0.973832
0.973832
0.973832
0.973832
0.973832
0.973832
0.973832
0.973832
0.973832
0.973832
0.973832
0.973832
0.973832
0.973832
0.973832
0.973832
0.973832
0.973832
0.973832
0.973832
0.973832
0.973832
0.973832
0.973832
0.973832
0.973832
0.973832
0.973832
0.960271
0.960000
0.960000
0.960000
0.960000
0.960000
0.960000
0.960000
0.960000
0.960000
0.960000
0.960000
0.960000
0.960000
0.960000
0.960000
0.960000
0.960000
0.960000
0.960000
0.960000
0.960000
0.960000
0.960000
0.960000
0.960000
0.960000
0.960000
0.960000
0.960000
0.960000
0.960000
0.960000
0.960000
0.960000
0.960000
0.960000
0.960000
0.960000
0.960000
0.960000
0.960000
0.960000
0.960000
0.960000
0.960000
0.960000
0.960000
0.960000
0.960000
0.960000
0.960000
0.960000
0.960000
0.960000
0.960000
0.960000
0.960000
0.960000
0.960000
0.960000
0.960000
0.960000
0.960000
0.960000
0.960000
0.960000
0.960000
0.960000
0.960000
0.960000
0.960000
0.960000
0.960000
0.960000
0.960000
0.960000
0.960000
0.960000
0.960000
0.960000
0.960000
0.960000
0.960000
0.960000
0.960000
0.960000
0.960000
0.960000
0.960000
0.960000
0.960000
0.960000
0.960000
0.960000
0.960000
0.960000
0.960000
0.960000
0.960000
0.960000
0.960000
0.960000
0.960000
0.960000
0.960000
0.960000
0.960000
0.960000
0.960000
0.960000
0.960000
0.960000
0.960000
0.960000
0.960000
0.960000
0.960000
0.960000
0.960000
0.960000
0.960000
0.960000
0.960000
0.960000
0.960000
0.960000
0.960000
0.960000
0.960000
0.960000
0.960000
0.960000
0.960000
0.960000
0.960000
0.960000
0.960000
0.960000
0.960000
0.960000
0.960000
0.960000
0.960000
0.960000
0.960000
0.960000
0.960000
0.960000
0.960000
0.960000
0.960000
0.960000
0.960000
0.960000
0.960000
0.960000
0.960000
0.960000
0.960000
0.960000
0.960000
0.960000
0.960000
0.960000
0.960000
0.960000
0.960000
0.960000
0.960000
0.960000
0.960000
0.960000
0.960000
0.960000
0.960000
0.960000
0.960000
0.960000
0.960000
0.960000
0.960000
0.960000
0.960000
0.960000
0.960000
0.960000
0.960000
0.960000
0.960000
0.960000
0.960000
0.960000
0.960000
0.960000
0.960000
0.960000
0.960000
0.960000
0.960000
0.960000
0.960000
0.960000
0.960000
0.960000
0.960000
0.960000
0.973290
0.973561
0.973561
0.973561
0.973561
0.973561
0.973561
0.973561
0.973561
0.973561
0.973561
0.973561
0.973561
0.973561
0.973561
0.973561
0.973561
0.973561
0.973561
0.978172
0.992004
1.009362
1.038924
1.058994
1.073369
1.084489
1.085574
1.085574
1.111882
1.127070
1.127612
1.141173
1.155005
1.168566
1.182398
1.196773
1.210605
1.213859
1.216300
1.218470
1.218470
1.218470
1.218470
1.224708
1.232031
1.232031
1.232031
1.232031
1.232031
1.227420
1.213588
1.196501
1.166939
1.147954
1.133579
1.122459
1.121374
1.121374
1.095066
1.079878
1.066046
1.052214
1.038382
1.024821
1.010989
0.996614
0.982782
0.979528
0.977087
0.974917
0.974917
0.974917
0.974917
0.968679
0.961356
0.961356
0.961356
0.961356
0.961356
0.961356
0.961356
0.961085
0.961085
0.960000
0.960000
0.960000
0.960000
0.960000
0.960000
0.960000
0.960000
0.960000
0.960000
0.960000
0.960000
0.960000
0.960000
0.960000
0.960000
0.960000
0.960000
0.960000
0.960000
0.960000
0.960000
0.960000
0.960000
0.960000
0.960000
0.970035
0.994445
1.010718
1.030516
1.056011
1.072284
1.088015
1.104016
1.119476
1.135206
1.150666
1.166125
1.195417
1.231488
1.266475
1.297123
1.324245
1.324516
1.324516
1.342145
1.342416
1.342416
1.342416
1.342416
1.342416
1.342416
1.342416
1.342416
1.342416
1.342416
1.332381
1.307972
1.291699
1.271900
1.246405
1.230946
1.215215
1.199214
1.183754
1.168024
1.153920
1.150123
1.121103
1.085031
1.050044
1.019397
0.992275
0.992004
0.992004
0.974375
0.974103
0.974103
0.974103
0.974103
0.974103
0.974103
0.974103
0.974103
0.974103
0.974103
0.974103
0.974103
0.974103
0.974103
0.974103
0.973290
0.973290
0.973290
0.973290
0.973290
0.971934
0.960271
0.960000
0.968679
0.969221
0.969221
0.969221
0.969221
0.969221
0.969221
0.969221
0.969221
0.969221
0.969221
0.969221
0.969221
0.969221
0.969221
0.969221
0.969221
0.969221
0.969221
0.969221
0.978172
0.978985
0.978985
0.978985
0.978985
0.978985
0.978985
0.978985
0.978985
0.978985
0.970306
0.969764
0.969764
0.969764
0.969764
0.969764
0.969764
0.969764
0.969764
0.969764
0.969764
0.969764
0.969764
0.969764
0.969764
0.969764
0.969764
0.969764
0.969764
0.969764
0.960814
0.960000
0.960000
0.960000
0.960000
0.960000
0.960000
0.960000
0.960000
0.960000
0.960000
0.960000
0.960000
0.960000
0.960000
0.960000
0.960000
0.960000
0.960000
0.960000
0.960000
0.960000
0.960000
0.960000
0.960000
0.960000
0.960000
0.960000
0.960000
0.960000
0.960000
0.960000
0.960000
0.960000
0.960000
0.960000
0.960000
0.960000
0.960000
0.960000
0.960000
0.960000
0.960000
0.960000
0.960000
0.960000
0.960000
0.960000
0.960000
0.960000
0.960000
0.960000
0.960000
0.960000
0.960000
0.960000
0.960000
0.960000
0.960000
0.960000
0.960000
0.960000
0.960000
0.960000
0.960000
0.960000
0.960000
0.960000
0.960000
0.960000
0.960000
0.960000
0.960000
0.960000
0.960000
0.960000
0.960000
0.960000
0.960000
0.960000
0.960000
0.960000
0.960000
0.960000
0.960000
0.960000
0.960542
0.968408
0.976273
0.984138
0.992004
1.000140
1.008005
1.012887
1.012887
1.012887
1.012887
1.012887
1.012887
1.012887
1.012887
1.021566
1.026448
1.026448
1.026448
1.026448
1.026448
1.026448
1.026448
1.026448
1.026448
1.026448
1.026448
1.026448
1.026448
1.026448
1.025906
1.018040
1.010175
1.021838
1.015328
1.007192
0.999326
0.994445
0.994445
0.994445
0.994445
0.994445
0.994445
0.994445
0.994445
0.985766
0.980884
0.980884
0.980884
0.980884
0.980884
0.980884
0.980884
0.980884
0.980884
0.980884
0.980884
0.980884
0.980884
0.980884
0.980884
0.980884
0.980884
0.961356
0.960000
0.960000
0.960000
0.960000
0.960000
0.960000
0.960000
0.960000
0.960000
0.960000
0.960000
0.960000
0.960000
0.960000
0.960000
0.960000
0.960000
0.960000
0.961085
0.961085
0.961085
0.961085
0.961085
0.961085
0.961085
0.961085
0.961085
0.961085
0.961085
0.961085
0.961085
0.963797
0.968408
0.978443
0.978443
0.978443
0.978443
0.978443
0.978443
0.978443
0.978443
0.980070
0.980070
0.980070
0.980070
0.981697
0.989563
0.992004
0.990919
0.990919
0.990919
1.002039
1.006107
1.008005
1.008005
1.014786
1.025635
1.025906
1.025906
1.026177
1.026177
1.024278
1.019668
1.009633
1.009633
1.009633
1.009633
1.009633
1.009633
1.009633
1.009633
1.008005
1.008005
1.008005
1.008005
1.006378
0.998513
0.996072
0.996072
0.996072
0.996072
0.984952
0.980884
0.978985
0.978985
0.972205
0.961356
0.961085
0.961085
0.960814
0.960814
0.960000
0.960000
0.960000
0.960000
0.960000
0.960000
0.960271
0.960271
0.960271
0.960271
0.960271
0.960271
0.960271
0.960271
0.960271
0.960271
0.960271
0.960271
0.960271
0.960271
0.960271
0.960271
0.960271
0.960271
0.960271
0.960271
0.960271
0.960271
0.960271
0.960271
0.960271
0.960271
0.960271
0.960271
0.960271
0.960271
0.960000
0.960000
0.960000
0.960000
0.960000
0.960000
0.960000
0.960000
0.960000
0.960000
0.960000
0.960000
0.960000
0.960000
0.960000
0.960000
0.960000
0.960000
0.960000
0.960000
0.960000
0.960000
0.960000
0.960271
0.960271
0.960271
0.960271
0.960271
0.960271
0.960271
0.960271
0.960271
0.960271
0.960271
0.960271
0.960271
0.960271
0.960271
0.960271
0.960271
0.960271
0.960271
0.960271
0.960271
0.960271
0.960271
0.960271
0.960271
0.960271
0.960271
0.960271
0.960271
0.960271
0.960000
0.960000
0.960000
0.960000
0.960000
0.960000
0.960000
0.960000
0.960000
0.960000
0.960000
0.960000
0.960000
0.960000
0.960000
0.960000
0.960000
0.960000
0.960000
0.960000
0.960000
0.960000
0.960000
0.960000
0.960000
0.960000
0.960000
0.960000
0.960000
0.960000
0.960000
0.960000
0.960000
0.960000
0.960000
0.960000
0.960000
0.960000
0.960000
0.960000
0.960000
0.960000
0.960000
0.960000
0.960000
0.960000
0.960000
0.960000
0.960000
0.960000
0.960000
0.960000
0.960000
0.960000
0.960000
0.960000
0.960000
0.960000
0.960000
0.960000
0.960000
0.960000
0.960000
0.960000
0.960000
0.960000
0.960000
0.960000
0.960000
0.960000
0.960000
0.960000
0.960000
0.960000
0.960000
0.960000
0.960000
0.960000
0.960000
0.960000
0.960000
0.960000
0.960000
0.960000
0.960000
0.960000
0.960000
0.960000
0.960000
0.960000
0.960000
0.960000
0.960000
0.960000
0.960000
0.960000
0.960000
0.960000
0.960000
0.960000
0.960000
0.960000
0.960000
0.960000
0.960000
0.960000
0.960000
0.960000
0.960000
0.960000
0.960000
0.960000
0.960000
0.960000
0.960000
0.960000
0.960000
0.960000
0.960000
0.960000
0.960000
0.960000
0.960000
0.960000
0.960000
0.960000
0.960000
0.960000
0.960000
0.960000
0.960000
0.960000
0.960000
0.960000
0.960000
0.960000
0.960000
0.960000
0.960000
0.960000
0.960000
0.960000
0.960000
0.960000
0.960000
0.960000
0.960000
0.960000
0.960000
0.960000
0.960000
0.960000
0.960000
0.960000
0.960000
0.960000
0.960000
0.960000
0.960000
0.960000
0.960000
0.960000
0.960000
0.960000
0.960000
0.960000
0.960000
0.960000
0.960000
0.960000
0.960000
0.960000
0.960000
0.960000
0.960000
0.960000
0.960000
0.960000
0.960000
0.960000
0.960000
0.960000
0.960000
0.960000
0.960000
0.960000
0.960000
0.960000
0.960000
0.960000
0.960000
0.960000
0.960000
0.960000
0.960000
0.960000
0.960000
0.960000
0.960000
0.960000
0.960000
0.960000
0.960000
0.960000
0.960000
0.960000
0.960000
0.960000
0.981969
1.008819
1.035670
1.062520
1.089371
1.116221
1.142800
1.169651
1.196501
1.223081
1.230675
1.233658
1.236913
1.240167
1.243151
1.246134
1.249389
1.252372
1.255356
1.258610
1.261594
1.264848
1.267832
1.271086
1.274070
1.277324
1.280308
1.283562
1.286546
1.289800
1.271086
1.247219
1.223623
1.199756
1.176160
1.152564
1.128968
1.105372
1.081505
1.058181
1.053841
1.053841
1.067131
1.069572
1.070114
1.070385
1.070385
1.070657
1.070928
1.070928
1.071199
1.076081
1.103203
1.117848
1.132223
1.148225
1.179686
1.208977
1.236370
1.263492
1.290343
1.317464
1.332110
1.332381
1.332924
1.332924
1.332924
1.332924
1.332924
1.332924
1.351909
1.375505
1.385540
1.406424
1.429748
1.433274
1.431918
1.430562
1.429206
1.428121
1.426765
1.420527
1.392320
1.376318
1.360859
1.357062
1.325058
1.294682
1.265662
1.235285
1.205180
1.175075
1.157175
1.153920
1.150123
1.146869
1.143885
1.140631
1.137647
1.134393
1.112153
1.085574
1.058994
1.032415
1.005564
0.998784
0.996886
0.994987
0.993088
0.990919
0.989020
0.987122
0.985223
0.983325
0.981426
0.965967
0.963526
0.961356
0.960000
0.960000
0.960000
0.960000
0.960000
0.960000
0.960000
0.960000
0.960000
0.960000
0.960000
0.960000
0.960000
0.960000
0.960000
0.960000
0.960000
0.960000
0.960000
0.960000
0.960000
0.960000
0.960000
0.960000
0.960000
0.960000
0.960000
0.960000
0.960000
0.960000
0.960000
0.960000
0.960000
0.960000
0.960000
0.960000
0.960000
0.960000
0.960000
0.960000
0.960000
0.960000
0.960000
0.960000
0.960000
0.960000
0.960000
0.960000
0.960000
0.960000
0.960000
0.960000
0.960000
0.960000
0.960000
0.960000
0.960000
0.960000
0.960000
0.960000
0.960000
0.960000
0.960000
0.960000
0.960000
0.960000
0.960000
0.960000
0.960000
0.960000
0.960000
0.960000
0.970306
0.990376
1.008005
1.025092
1.042179
1.058994
1.076081
1.092896
1.108627
1.123002
1.137105
1.151208
1.165311
1.179143
1.192976
1.206536
1.220369
1.233929
1.247761
1.261322
1.269730
1.269730
1.269730
1.269730
1.269730
1.269730
1.269730
1.269730
1.269730
1.269730
1.259424
1.239354
1.221725
1.204638
1.187551
1.170736
1.153649
1.136834
1.121103
1.106729
1.092625
1.078522
1.064419
1.050587
1.036754
1.023194
1.009362
0.995801
0.981969
0.968408
0.960000
0.960000
0.960000
0.960000
0.960000
0.960000
0.960000
0.960000
0.960000
0.960000
0.960000
0.960000
0.960000
0.960000
0.960000
0.960000
0.960000
0.960000
0.960000
0.960000
0.960000
0.960000
0.960000
0.960000
0.960000
0.960000
0.960000
0.960000
0.960000
0.960000
0.960000
0.960000
0.960000
0.960000
0.960000
0.960000
0.960000
0.960000
0.960000
0.960000
0.960000
0.960000
0.960000
0.960000
0.960000
0.960000
0.960000
0.960000
0.960000
0.960000
0.960000
0.960000
0.960000
0.960000
0.960000
0.960000
0.960000
0.960000
0.960000
0.960000
0.960000
0.960000
0.960000
0.960000
0.960000
0.960000
0.960000
0.960000
0.960000
0.960000
0.960000
0.960000
0.960000
0.960000
0.960000
0.960000
0.960000
0.960000
0.960000
0.960000
0.960000
0.960000
0.960000
0.960000
0.960000
0.960000
0.960000
0.960000
0.960000
0.960000
0.960000
0.960000
0.960000
0.960000
0.960000
0.960000
0.960000
0.960000
0.960000
0.960000
0.960000
0.960000
0.960000
0.960000
0.960000
0.960000
0.960000
0.960000
0.960000
0.960000
0.960000
0.960000
0.960000
0.960000
0.960000
0.960000
0.960000
0.960000
0.960000
0.960000
0.960000
0.960000
0.960000
0.960000
0.960000
0.960000
0.960000
0.960000
0.960000
0.960000
0.960000
0.960000
0.960000
0.960000
0.960000
0.960000
0.960000
0.960000
0.960000
0.960000
0.960000
0.960000
0.960000
0.960000
0.960000
0.960000
0.960000
0.960000
0.960000
0.960000
0.960000
0.960000
0.960000
0.960000
0.960000
0.960000
0.960000
0.960000
0.960000
0.960000
0.960000
0.960000
0.960000
0.960000
0.960000
0.960000
0.960000
0.960000
0.960000
0.960000
0.960000
0.960000
0.960000
0.960000
0.960000
0.960000
0.960000
0.960000
0.960000
0.960000
0.960000
0.960000
0.960000
0.960000
0.960000
0.960000
0.960000
0.960000
0.960000
0.960000
0.960000
0.960000
0.960000
0.960000
0.960000
0.960000
0.960000
0.960000
0.960000
0.960000
0.960000
0.960000
0.960000
0.960000
0.960000
0.960000
0.960000
0.960000
0.960000
0.960000
0.960000
0.960000
0.960000
0.960000
0.960000
0.960000
0.960000
0.960000
0.960000
0.960000
0.960000
0.960000
0.960000
0.960000
0.960000
0.960000
0.960000
0.960000
0.960000
0.960000
0.960000
0.960000
0.960000
0.960000
0.960000
0.960000
0.960000
0.960000
0.960000
0.960000
0.960000
0.960000
0.960000
0.960000
0.960000
0.960000
0.960000
0.960000
0.960000
0.960000
0.960000
0.960000
0.960000
0.960000
0.960000
0.960000
0.960000
0.960000
0.960000
0.960000
0.960000
0.960000
0.960000
0.960000
0.960000
0.960000
0.960000
0.960000
0.960000
0.960000
0.960000
0.960000
0.960000
0.960000
0.960000
0.960000
0.960000
0.960000
0.960000
0.960000
0.960000
0.960000
0.960000
0.960000
0.960000
0.960000
0.960000
0.960000
0.960000
0.960000
0.960000
0.960000
0.960000
0.960000
0.960000
0.960000
0.960000
0.960000
0.960000
0.960000
0.960000
0.960000
0.960000
0.960000
0.960000
0.960000
0.960000
0.960000
0.960000
0.960000
0.960000
0.960000
0.960000
0.960000
0.960000
0.960000
0.960000
0.960000
0.960000
0.960000
0.960000
0.960000
0.960000
0.960000
0.960000
0.960000
0.960000
0.960000
0.960000
0.960000
0.960000
0.960000
0.960000
0.960000
0.960000
0.960000
0.960000
0.960000
0.960000
0.960000
0.960000
0.960000
0.960000
0.960000
0.960000
0.960000
0.960000
0.960000
0.960000
0.960000
0.960000
0.960000
0.960000
0.960000
0.960000
0.960000
0.960000
0.960000
0.960000
0.960000
0.960000
0.960000
0.960000
0.960000
0.960000
0.960000
0.960000
0.960000
0.960000
0.960000
0.961627
0.961627
0.961627
0.961627
0.961627
0.961627
0.961627
0.972747
0.976002
0.976002
0.976002
0.976002
0.976002
0.976002
0.976002
0.976002
0.976002
0.976002
0.976002
0.976002
0.976002
0.976002
0.976002
0.981155
0.989291
0.989291
0.989563
0.989563
0.989834
0.991190
0.989563
0.989563
0.989563
0.989563
0.991732
0.991732
0.991732
1.003124
1.015328
1.030516
1.045705
1.060893
1.076081
1.090998
1.105915
1.118120
1.118391
1.118391
1.119204
1.127070
1.127070
1.127341
1.130867
1.125714
1.117577
1.117577
1.117306
1.118391
1.128426
1.127070
1.127070
1.127883
1.127883
1.127883
1.125714
1.125714
1.125714
1.103203
1.087743
1.072555
1.057367
1.042179
1.026991
1.012074
0.997157
0.984952
0.984681
0.984681
0.983867
0.976002
0.976002
0.975731
0.972205
0.972205
0.972205
0.972205
0.972205
0.971120
0.960814
0.960814
0.960814
0.960000
0.960000
0.960271
0.961085
0.961085
0.961085
0.961085
0.961085
0.961085
0.961085
0.961085
0.975731
0.977087
0.981426
0.981697
0.981697
0.988207
1.000411
1.001767
1.009904
1.018312
1.026448
1.034856
1.040552
1.040823
1.040823
1.040823
1.040823
1.040823
1.040823
1.040823
1.040823
1.040552
1.039738
1.039738
1.039738
1.039738
1.039738
1.039738
1.039738
1.040280
1.026177
1.024821
1.020481
1.020481
1.020481
1.034042
1.036483
1.049230
1.054655
1.060079
1.065503
1.070928
1.078793
1.092083
1.104559
1.104559
1.104559
1.104559
1.104559
1.104559
1.104559
1.104559
1.104559
1.104559
1.104559
1.104559
1.104559
1.104559
1.104559
1.104016
1.103474
1.103474
1.103474
1.103203
1.103203
1.083133
1.068487
1.054384
1.040823
1.026991
1.013430
0.999598
0.986037
0.972476
0.960000
0.960000
0.960000
0.960000
0.960000
0.960000
0.960000
0.960000
0.960000
0.960000
0.960000
0.960000
0.960000
0.960000
0.960000
0.960000
0.960000
0.960000
0.960000
0.960000
0.960000
0.960000
0.960000
0.960000
0.960000
0.960000
0.960000
0.960000
0.960000
0.960000
0.960000
0.960000
0.960000
0.960000
0.960000
0.960000
0.960000
0.960000
0.960000
0.960000
0.960000
0.960000
0.960000
0.960000
0.960000
0.960000
0.960000
0.960000
0.960000
0.960000
0.960000
0.960000
0.960000
0.960000
0.960000
0.960000
0.960000
0.960000
0.960000
0.960000
0.960000
0.960000
0.960000
0.960000
0.960000
0.960000
0.960000
0.960000
0.960000
0.960000
0.960000
0.960000
0.960000
0.960000
0.960000
0.960000
0.960000
0.960000
0.960000
0.960000
0.960000
0.960000
0.960000
0.960000
0.960000
0.960000
0.960000
0.960000
0.960000
0.960000
0.960000
0.960000
0.960000
0.960000
0.960000
0.960000
0.960000
0.960000
0.960000
0.960000
0.960000
0.960000
0.960000
0.960000
0.960000
0.960000
0.960000
0.960000
0.960000
0.960000
0.960000
0.960000
0.960000
0.960000
0.960000
0.962983
0.975188
0.988749
1.002310
1.015871
1.029160
1.042721
1.056282
1.061978
1.061978
1.061978
1.061978
1.061978
1.061978
1.061978
1.061978
1.061978
1.061978
1.061978
1.061978
1.061978
1.061978
1.061978
1.061978
1.061978
1.061978
1.062791
1.062791
1.062791
1.062791
1.059808
1.047603
1.034042
1.020481
1.006921
0.993631
0.980070
0.966509
0.960814
0.960814
0.960814
0.960814
0.960814
0.960814
0.960814
0.960814
0.960814
0.960814
0.960814
0.960814
0.960814
0.960814
0.960814
0.960814
0.960814
0.960814
0.960000
0.960000
0.960000
0.960000
0.960000
0.960000
0.960000
0.960000
0.960000
0.960000
0.960000
0.960000
0.960000
0.960000
0.960000
0.960000
0.960000
0.960000
0.960000
0.960000
0.960000
0.960000
0.960000
0.960000
0.960000
0.960000
0.960000
0.960000
0.960000
0.960000
0.960000
0.960000
0.960000
0.960000
0.960000
0.960000
0.960000
0.960000
0.960000
0.960000
0.960000
0.960000
0.960000
0.960000
0.960000
0.960000
0.960000
0.960000
0.960000
0.960000
0.960000
0.960000
0.960000
0.960000
0.960000
0.960000
0.960000
0.960000
0.960000
0.960000
0.960000
0.960000
0.960000
0.960000
0.960000
0.960000
0.960000
0.960000
0.960000
0.960000
0.960000
0.960000
0.960000
0.960000
0.960000
0.960000
0.960000
0.960000
0.960000
0.960000
0.960000
0.960000
0.960000
0.960000
0.960000
0.960000
0.960000
0.960000
0.960000
0.960000
0.960000
0.960000
0.960000
0.969493
0.973832
0.973832
0.973832
0.973832
0.973832
0.973832
0.973832
0.973832
0.973832
0.973832
0.973832
0.973832
0.973832
0.973832
0.973832
0.974103
0.974103
0.974103
0.974103
0.974103
0.974103
0.974103
0.974103
0.974103
0.974103
0.974375
0.974375
0.974375
0.974375
0.964882
0.960542
0.960542
0.960542
0.960542
0.960542
0.960542
0.960542
0.960542
0.960542
0.960542
0.960542
0.960542
0.960542
0.960542
0.963797
0.973561
0.973832
0.973832
0.988749
0.989020
0.989020
0.989020
0.989020
1.002310
1.005836
1.005564
1.005564
1.005564
1.005564
1.005564
1.005564
1.005564
1.005564
1.005564
1.005564
1.005564
1.005564
1.005564
1.005564
1.005564
1.005564
1.005564
1.005564
1.005564
1.002310
0.992275
0.992004
0.992004
0.977087
0.976815
0.976815
0.976815
0.976815
0.963526
0.960000
0.960271
0.960271
0.960271
0.960271
0.960271
0.960271
0.960271
0.971934
0.975188
0.975188
0.975188
0.975188
0.975188
0.975188
0.975188
0.975188
0.975188
0.975188
0.975188
0.975188
0.975188
0.975188
0.975188
0.975188
0.975188
0.975188
0.975188
0.975188
0.975731
0.975731
0.975459
0.975459
0.975459
0.976815
0.976815
0.976815
0.976815
0.965153
0.961899
0.961899
0.961899
0.961899
0.961899
0.961899
0.961899
0.964611
0.964611
0.964611
0.964611
0.967594
0.976002
0.983867
0.986579
0.986579
0.986579
0.986579
0.990376
0.993088
0.993088
0.993088
0.993088
0.993088
0.993088
0.991732
0.991732
0.991732
0.991732
0.993631
0.994445
0.994445
0.994445
0.995258
0.995258
0.995258
0.995258
0.994173
0.994173
0.994173
0.994173
0.991190
0.982782
0.974917
0.972205
0.972205
0.972205
0.972205
0.968408
0.965696
0.965153
0.965153
0.965153
0.965153
0.965153
0.965153
0.965153
0.965153
0.966238
0.964882
0.964068
0.966780
0.976002
0.975459
0.976273
0.977358
0.977358
0.977900
0.977900
0.977900
0.977900
0.977900
0.977900
0.977900
0.978714
0.978714
0.978714
0.993360
0.994716
0.994716
0.998242
1.000683
1.000683
1.000683
1.000954
1.000954
1.000954
1.000954
0.999869
0.999326
0.999326
0.996614
0.987393
0.987393
0.986579
0.985494
0.985494
0.983325
0.983325
0.996886
0.996886
0.997157
0.997699
0.997699
0.996886
0.996886
0.996886
0.982240
0.983867
0.986037
0.982511
0.980070
0.980070
0.980070
0.979799
0.979799
0.979799
0.979799
0.979799
0.979799
0.979799
0.979799
0.981697
0.981426
0.981426
0.981426
0.981426
0.981426
0.981426
0.967865
0.967865
0.967594
0.967052
0.967052
0.967052
0.967052
0.967052
0.967052
0.964068
0.961899
0.962983
0.962983
0.962983
0.962983
0.962983
0.962983
0.962983
0.962983
0.965696
0.969221
0.969221
0.983053
0.982782
0.982782
0.982782
0.982782
0.982782
0.983053
0.983053
0.983053
0.983053
0.983053
0.990376
0.997699
1.009362
1.025092
1.040280
1.055468
1.070657
1.096693
1.112153
1.127612
1.142529
1.157717
1.173719
1.188907
1.203824
1.219012
1.231488
1.242880
1.257796
1.259153
1.259153
1.259153
1.262678
1.270272
1.278138
1.285461
1.289258
1.289258
1.294411
1.302276
1.302547
1.301734
1.290885
1.275154
1.259966
1.244778
1.234472
1.238811
1.238811
1.232573
1.221725
1.206536
1.190535
1.175346
1.160430
1.145241
1.146055
1.162599
1.179415
1.196501
1.223352
1.251558
1.277595
1.295224
1.305802
1.314210
1.310413
1.315566
1.323431
1.328855
1.334551
1.345671
1.367911
1.384184
1.409949
1.435444
1.452530
1.430833
1.416187
1.422968
1.425137
1.425137
1.425137
1.426765
1.426765
1.426765
1.411034
1.379573
1.354621
1.329398
1.304175
1.286274
1.268374
1.246677
1.228234
1.212232
1.212232
1.207079
1.194060
1.180771
1.167481
1.149852
1.126799
1.110526
1.084760
1.059265
1.037297
1.028618
1.026719
1.010718
1.004480
1.004480
1.004480
1.002852
1.002852
1.002852
1.005293
1.013159
1.013972
1.013430
1.011802
1.001496
0.990919
0.993631
1.003395
1.003937
1.003937
1.005836
1.006378
1.006378
1.006378
1.006378
1.006378
1.006378
1.006378
1.006378
1.006378
1.006378
1.006378
1.006378
1.006378
1.007192
1.007192
1.007192
1.007192
1.007192
1.004480
0.996614
0.989020
0.982511
0.980884
0.980884
0.979799
0.973561
0.963797
0.963255
0.963255
0.961356
0.960814
0.960814
0.960814
0.960814
0.960814
0.960814
0.960814
0.960814
0.960814
0.960814
0.964339
0.968137
0.969493
0.968679
0.968679
0.968679
0.968679
0.968679
0.968679
0.968679
0.968679
0.968679
0.968679
0.968679
0.968950
0.969221
0.969221
0.969493
0.969493
0.969493
0.969493
0.969493
0.969493
0.969493
0.969493
0.969493
0.969493
0.969493
0.969493
0.969493
0.965967
0.962170
0.960814
0.960814
0.960814
0.960814
0.960814
0.960814
0.960814
0.960814
0.960814
0.960814
0.960814
0.960814
0.960542
0.960271
0.960271
0.960000
0.960000
0.960000
0.960000
0.960000
0.960000
0.960271
0.973561
0.973832
0.973832
0.973832
0.973832
0.973832
0.973832
0.973832
0.973832
0.973832
0.973832
0.973832
0.973832
0.973832
0.973832
0.973832
0.973832
0.973832
0.973832
0.973832
0.973832
0.973832
0.973832
0.973832
0.973832
0.973832
0.973832
0.973832
0.973832
0.973561
0.960271
0.960000
0.960000
0.960000
0.960000
0.960000
0.960000
0.960000
0.960000
0.960000
0.960000
0.960000
0.960000
0.960000
0.960000
0.960000
0.960000
0.960000
0.960000
0.960000
0.960000
0.960000
0.960000
0.960000
0.960000
0.960000
0.968950
0.968950
0.968950
0.968950
0.968950
0.994445
1.013430
1.026991
1.050858
1.066046
1.079878
1.093439
1.100762
1.105644
1.105644
1.105644
1.105644
1.105644
1.105644
1.105644
1.105644
1.105644
1.114323
1.117306
1.119204
1.120289
1.121103
1.121103
1.121103
1.121103
1.112153
1.112153
1.123273
1.123273
1.123273
1.097778
1.078793
1.065232
1.041365
1.026177
1.012345
0.998784
0.991461
0.986579
0.986579
0.986579
0.993631
1.003124
1.006649
1.006649
1.006649
1.006649
0.997970
0.994987
0.993088
0.992004
0.991190
0.991190
0.991190
0.991190
0.991190
0.991190
0.980070
0.980070
0.980070
0.980341
0.980341
0.980341
0.980341
0.980341
0.980341
0.980341
0.980341
0.980341
0.980341
0.980341
0.973290
0.963797
0.960271
0.960271
0.960271
0.960271
0.960271
0.960271
0.960271
0.960271
0.960271
0.960271
0.960271
0.960271
0.960271
0.960271
0.960271
0.960271
0.960271
0.960000
0.960000
0.960000
0.960000
0.960000
0.960000
0.960000
0.960000
0.960000
0.960000
0.968679
0.968679
0.968679
0.968679
0.968679
0.968679
0.968679
0.968679
0.968679
0.968679
0.968679
0.968679
0.968679
0.968679
0.968679
0.968679
0.968679
0.968679
0.968679
0.968679
0.968679
0.968679
0.968679
0.968679
0.968679
0.968679
0.968679
0.968679
0.968679
0.968679
0.960000
0.960000
0.960000
0.960000
0.960000
0.960000
0.960000
0.960000
0.960000
0.960000
0.960000
0.960000
0.960000
0.960000
0.960000
0.960000
0.960000
0.960000
0.960000
0.960000
0.960000
0.960000
0.960000
0.960000
0.960000
0.960000
0.960000
0.967594
0.973832
0.973832
0.973832
0.973832
0.973832
0.973832
0.973832
0.973832
0.973832
0.973832
0.973832
0.974103
0.974103
0.974103
0.974103
0.974103
0.974103
0.974103
0.974103
0.974103
0.974103
0.974103
0.974103
0.974103
0.974103
0.974103
0.974103
0.974103
0.974103
0.966509
0.960271
0.960271
0.960271
0.960271
0.960271
0.960271
0.960271
0.960271
0.960271
0.960271
0.960271
0.960000
0.960000
0.960000
0.960000
0.960000
0.960000
0.960000
0.960000
0.960000
0.960000
0.960000
0.960000
0.960000
0.960000
0.960000
0.960000
0.960000
0.960000
0.960000
0.960000
0.960000
0.960000
0.960000
0.960000
0.960000
0.960000
0.960000
0.960000
0.960000
0.960271
0.960271
0.960271
0.960271
0.960271
0.960271
0.960271
0.960271
0.960271
0.960271
0.960271
0.960271
0.960271
0.960271
0.960271
0.960271
0.960271
0.960271
0.960271
0.960271
0.960271
0.960271
0.960271
0.960271
0.960271
0.960271
0.960271
0.960271
0.960271
0.960271
0.960000
0.960000
0.960000
0.960000
0.960000
0.960000
0.960000
0.960000
0.960000
0.960000
0.960000
0.960000
0.960000
0.960000
0.960000
0.960000
0.960000
0.960000
0.960000
0.960000
0.960000
0.960000
0.960000
0.960000
0.960000
0.960000
0.960000
0.960000
0.960000
0.960000
0.960000
0.960000
0.960000
0.960000
0.960000
0.960000
0.960000
0.960000
0.960000
0.960000
0.960000
0.960000
0.960000
0.960271
0.960271
0.960271
0.960271
0.960271
0.960271
0.960271
0.960271
0.960271
0.960271
0.960271
0.960271
0.960271
0.960271
0.960271
0.960271
0.960271
0.960271
0.960271
0.960271
0.960271
0.960271
0.960271
0.960271
0.960271
0.960271
0.960271
0.960271
0.960271
0.960271
0.960000
0.960000
0.960000
0.960000
0.960000
0.960000
0.960000
0.960000
0.960000
0.960000
0.960000
0.960000
0.960000
0.960000
0.960000
0.960000
0.960000
0.960000
0.960000
0.960000
0.960000
0.960000
0.960000
0.960000
0.960000
0.960000
0.960000
0.960000
0.960000
0.960000
0.960000
0.960000
0.960000
0.960000
0.960000
0.960000
0.960000
0.960000
0.960000
0.960000
0.960000
0.960000
0.960000
0.960000
0.960000
0.960000
0.960000
0.960000
0.960000
0.960000
0.960000
0.960000
0.960000
0.960000
0.960271
0.960271
0.960271
0.960271
0.960271
0.960271
0.960271
0.960271
0.960271
0.960271
0.960271
0.960271
0.960271
0.960271
0.960271
0.960271
0.960271
0.960271
0.960271
0.960271
0.960271
0.960271
0.960271
0.960271
0.960271
0.960271
0.960271
0.960271
0.960271
0.960271
0.960000
0.960000
0.960000
0.960000
0.960000
0.960000
0.960000
0.960000
0.960000
0.960000
0.960000
0.960000
0.960000
0.960000
0.960000
0.960000
0.960000
0.960000
0.960000
0.960000
0.960000
0.960000
0.960000
0.960000
0.960000
0.960000
0.960000
0.960000
0.960000
0.960000
0.960000
0.960000
0.960000
0.960000
0.960000
0.960000
0.960000
0.969221
0.969221
0.969221
0.969221
0.969221
0.969221
0.969221
0.969221
0.969221
0.969221
0.969221
0.969221
0.969221
0.969221
0.969221
0.969221
0.969221
0.969221
0.969221
0.969221
0.969221
0.971391
0.980613
1.009362
1.041636
1.065503
1.089099
1.112424
1.136834
1.168295
1.185924
1.210062
1.240710
1.269459
1.294140
1.294953
1.294953
1.294953
1.294953
1.294953
1.294953
1.294953
1.294953
1.294953
1.294953
1.294953
1.294953
1.300649
1.304446
1.304446
1.304446
1.303361
1.296581
1.267832
1.235557
1.211690
1.188094
1.164769
1.140359
1.108898
1.082048
1.057909
1.031873
1.010175
0.985494
0.984681
0.987664
0.987664
0.987664
0.987664
0.987664
0.987664
0.987664
0.987664
0.987664
0.987664
0.987664
0.983596
0.979799
0.984410
1.002039
1.020753
1.032957
1.046790
1.061164
1.074996
1.092625
1.108898
1.122730
1.136291
1.149852
1.151208
1.146597
1.139546
1.139546
1.139546
1.136562
1.139003
1.139003
1.139003
1.139003
1.139003
1.139817
1.139817
1.140088
1.141173
1.165854
1.186466
1.198942
1.196230
1.180228
1.160430
1.145784
1.131952
1.117577
1.103745
1.086116
1.072555
1.061706
1.048959
1.035398
1.034042
1.034042
1.034042
1.034042
1.034042
1.034585
1.045162
1.058181
1.076623
1.092625
1.106186
1.119204
1.135206
1.148767
1.161243
1.147954
1.125714
1.115950
1.114051
1.112424
1.112424
1.122459
1.134935
1.134935
1.134935
1.134935
1.132223
1.129240
1.133308
1.155005
1.155819
1.155819
1.155819
1.155819
1.155819
1.155276
1.142258
1.129240
1.110797
1.094795
1.081234
1.067402
1.051400
1.037568
1.024007
1.012616
1.012616
1.009904
1.009904
1.009904
1.009904
0.999869
0.987393
0.987393
0.987393
0.987393
0.987393
0.987393
0.982511
0.960814
0.960000
0.960000
0.960000
0.960000
0.960000
0.960000
0.960000
0.960000
0.960000
0.960000
0.960000
0.960000
0.960000
0.960000
0.960000
0.960000
0.960000
0.960000
0.960000
0.960000
0.960000
0.960000
0.960000
0.960000
0.960000
0.960000
0.960000
0.960000
0.960000
0.960000
0.960000
0.960000
0.960000
0.960000
0.960000
0.960000
0.960000
0.960000
0.960000
0.960000
0.960000
0.960000
0.960000
0.960000
0.960000
0.960000
0.960000
0.960000
0.960000
0.960000
0.960000
0.960000
0.960000
0.960000
0.960000
0.960000
0.960000
0.960000
0.960000
0.960000
0.960000
0.960000
0.960000
0.960000
0.960000
0.960000
0.960000
0.960000
0.960000
0.960000
0.960000
0.960000
0.960000
0.961085
0.961085
0.961085
0.961085
0.961085
0.961085
0.961085
0.961085
0.961085
0.961085
0.961085
0.961085
0.961085
0.961085
0.961085
0.961085
0.961085
0.961085
0.961085
0.961085
0.961085
0.961085
0.961085
0.961085
0.961085
0.961085
0.961085
0.965153
0.986851
1.000954
1.013701
1.027804
1.035941
1.035941
1.035941
1.035941
1.035941
1.035941
1.035941
1.035941
1.035941
1.035941
1.035941
1.035941
1.035941
1.035941
1.035941
1.035941
1.035941
1.035941
1.035941
1.035941
1.035941
1.035941
1.035941
1.035941
1.035941
1.031873
1.010175
0.996072
0.996072
0.989020
0.989834
0.990105
0.990105
0.990105
0.990105
0.990105
0.990105
0.990105
0.990105
0.990105
0.990105
0.990105
0.990105
0.990105
0.990105
0.992546
0.993631
0.993631
0.993631
0.993631
0.993631
0.993631
0.993631
0.993631
0.993631
0.993631
0.993631
0.993631
0.979799
0.972747
0.963797
0.963526
0.963526
0.963526
0.963526
0.963526
0.963526
0.963526
0.963526
0.963526
0.963526
0.963526
0.963526
0.963526
0.963526
0.961085
0.960000
0.960000
0.960000
0.960000
0.960000
0.960000
0.960000
0.960000
0.960000
0.960000
0.960000
0.960000
0.960000
0.960000
0.960000
0.960000
0.960000
0.960000
0.960000
0.960000
0.960000
0.960000
0.960000
0.960000
0.960000
0.960000
0.960000
0.960000
0.960000
0.960000
0.960000
0.960000
0.960000
0.960000
0.960000
0.960000
0.960000
0.960000
0.960000
0.960000
0.960000
0.960000
0.960000
0.960000
0.960000
0.960000
0.960000
0.960000
0.960000
0.960000
0.960000
0.960000
0.960000
0.960000
0.960000
0.960000
0.960000
0.960000
0.960000
0.960000
0.960000
0.960000
0.960000
0.960000
0.960000
0.960000
0.960000
0.960000
0.960000
0.960000
0.960000
0.960000
0.960000
0.960000
0.960000
0.960000
0.960000
0.960000
0.960000
0.960000
0.960000
0.960000
0.960000
0.960000
0.960000
0.960000
0.970849
0.975188
0.975188
0.975188
0.975188
0.975188
0.975188
0.975188
0.975188
0.975188
0.975188
0.975188
0.975188
0.975459
0.975459
0.975459
0.975459
0.975459
0.975459
0.993902
1.003124
1.009362
1.018854
1.018854
1.018854
1.030516
1.034585
1.034585
1.034585
1.034585
1.023736
1.019397
1.019397
1.019397
1.019397
1.019397
1.019397
1.019397
1.019397
1.019397
1.019397
1.019397
1.019397
1.019125
1.019125
1.019125
1.019125
1.019125
1.019125
1.000683
0.991461
0.985223
0.975731
0.975731
0.975731
0.964068
0.960000
0.960000
0.960000
0.960000
0.960000
0.960000
0.960000
0.960000
0.960000
0.960000
0.960000
0.960000
0.960000
0.960000
0.960000
0.960000
0.963255
0.969221
0.969221
0.969221
0.969221
0.969221
0.969221
0.969221
0.969221
0.969221
0.969221
0.969221
0.969221
0.969221
0.969221
0.969221
0.969221
0.969221
0.969221
0.969221
0.969221
0.969221
0.969221
0.969221
0.969221
0.969221
0.969221
0.969221
0.969221
0.969221
0.965967
0.960000
0.960000
0.960000
0.960000
0.960000
0.960000
0.960000
0.960814
0.961899
0.972205
0.986308
0.989834
0.990376
0.990376
0.995801
1.016413
1.021566
1.021566
1.021566
1.029974
1.036483
1.036483
1.036483
1.036483
1.036483
1.036483
1.036483
1.036483
1.036483
1.036483
1.036483
1.036483
1.036483
1.036483
1.036483
1.036483
1.038924
1.050587
1.050315
1.040280
1.026177
1.022651
1.031330
1.045705
1.040552
1.020481
1.015328
1.015328
1.015328
1.006921
1.000411
1.000411
1.000411
1.000411
1.000411
1.000411
1.000411
1.000411
1.000683
1.000683
1.000683
1.000683
1.000683
1.000683
1.000683
1.000683
0.998242
0.985766
0.984952
0.984681
0.984681
0.984681
0.975459
0.961085
0.960814
0.960271
0.960271
0.960271
0.960271
0.960271
0.966238
0.992004
1.005564
1.019125
1.032415
1.034585
1.038924
1.038924
1.038653
1.038653
1.038653
1.038653
1.038653
1.038653
1.040823
1.044891
1.046790
1.047061
1.047061
1.047061
1.047061
1.047061
1.047061
1.047061
1.047061
1.047061
1.047061
1.047061
1.047061
1.047061
1.041094
1.015328
1.001767
0.988207
0.974917
0.981969
0.983867
0.983867
0.983867
0.983867
0.983867
0.990105
0.997699
0.997699
0.995529
0.991461
0.989563
0.989291
0.989291
0.989291
0.989291
0.989291
0.989291
0.989291
0.989291
0.989291
0.989291
0.989291
0.989291
0.989291
0.989291
0.989291
0.989291
0.989291
0.989291
0.980070
0.973832
0.973832
0.973832
0.973832
0.974375
0.968137
0.960542
0.960542
0.960542
0.960542
0.960542
0.960542
0.960542
0.960542
0.965696
0.979256
0.981969
0.994173
0.994716
0.994987
0.994987
0.994987
0.995529
0.995529
0.995529
0.995529
0.995529
0.995529
0.995529
0.995529
0.995529
0.995529
0.995529
1.000683
1.008277
1.024007
1.024550
1.025906
1.038653
1.039738
1.040009
1.040009
1.040009
1.040009
1.034856
1.021295
1.018583
1.006378
1.005836
1.005564
1.005564
1.005564
1.005022
1.005022
1.005022
1.005022
1.005022
1.005022
1.005022
1.005022
1.005022
1.005022
1.005022
0.999869
0.991732
0.976002
0.975459
0.974103
0.961356
0.960271
0.960000
0.960000
0.960000
0.960000
0.960000
0.960000
0.960000
0.960000
0.960000
0.960000
0.960000
0.960000
0.960271
0.960271
0.960271
0.960271
0.960271
0.960542
0.960542
0.960542
0.960542
0.960542
0.960542
0.960542
0.960542
0.960542
0.960542
0.960542
0.960542
0.960542
0.960814
0.963797
0.963797
0.963797
0.963797
0.963797
0.963797
0.963797
0.963797
0.963797
0.963797
0.964068
0.982782
0.990648
0.990648
0.990648
0.990648
0.990376
0.990376
0.990376
1.002581
1.006649
1.006649
1.006649
1.006649
1.006649
1.006649
1.006649
1.006649
1.006649
1.006378
1.010718
1.045162
1.077437
1.109712
1.141716
1.173719
1.205723
1.210333
1.210333
1.210333
1.210062
1.191077
1.183212
1.183212
1.183212
1.183212
1.183212
1.183212
1.183212
1.171007
1.166939
1.166939
1.166939
1.166939
1.166939
1.166939
1.166939
1.166939
1.167481
1.167481
1.160158
1.125714
1.093439
1.061164
1.029160
0.997157
0.965153
0.960542
0.960542
0.960542
0.960542
0.960542
0.960542
0.960542
0.961085
0.961899
0.961899
0.961899
0.961899
0.961899
0.961899
0.961899
0.961899
0.961899
0.961899
0.961899
0.966780
0.976815
0.976544
0.976544
0.990105
0.990376
0.990376
0.990376
0.990376
0.990376
0.990376
0.992004
1.005836
1.008277
1.010175
1.011531
1.011531
1.022380
1.048688
1.066860
1.083133
1.099677
1.115407
1.131138
1.146869
1.162599
1.178330
1.194060
1.209791
1.225250
1.226607
1.218741
1.240167
1.272171
1.278951
1.279223
1.279223
1.279223
1.281392
1.281392
1.281392
1.279765
1.265933
1.263492
1.261594
1.260237
1.260237
1.249389
1.222538
1.203553
1.201112
1.185924
1.170193
1.154463
1.138732
1.123002
1.107271
1.091540
1.075810
1.060350
1.054112
1.051943
1.030245
0.998242
0.977900
0.977358
0.977358
0.977358
0.975188
0.975188
0.975188
0.980613
0.980884
0.982782
0.995258
0.995801
0.995801
0.995801
0.995801
1.020481
1.021838
1.034042
1.047603
1.055740
1.058723
1.058723
1.058723
1.058723
1.058723
1.058723
1.058723
1.058723
1.058723
1.064147
1.067131
1.068216
1.068216
1.068216
1.068216
1.068216
1.068216
1.062791
1.073369
1.072013
1.059537
1.058994
1.058994
1.058994
1.058994
1.034314
1.019125
1.005564
1.006107
1.019668
1.027262
1.040280
1.040280
1.040280
1.040280
1.040280
1.040280
1.040280
1.040280
1.034856
1.042450
1.044891
1.044891
1.047874
1.058723
1.058723
1.058723
1.058723
1.056825
1.056282
1.056282
1.056282
1.056282
1.056282
1.056282
1.056282
1.056282
1.056282
1.042179
1.020481
1.009904
0.996886
0.996886
0.996886
0.996886
0.996886
0.996886
0.996886
0.996886
0.996886
0.986308
0.982782
0.982782
0.979799
0.968950
0.968950
0.968950
0.968950
0.960000
0.960000
0.960000
0.960000
0.960000
0.960000
0.960000
0.960000
0.960000
0.960000
0.960000
0.960000
0.960000
0.960000
0.960000
0.960000
0.960000
0.960000
0.960000
0.960000
0.960000
0.960000
0.960271
0.960271
0.960271
0.960271
0.960271
0.960271
0.960271
0.960271
0.960271
0.960271
0.960271
0.960271
0.960271
0.960271
0.960271
0.960271
0.960271
0.960271
0.960271
0.960271
0.960271
0.960271
0.960271
0.960271
0.960271
0.960271
0.960271
0.960271
0.960271
0.960271
0.960000
0.960000
0.960000
0.960000
0.960000
0.960000
0.960000
0.960000
0.960000
0.960000
0.960000
0.960000
0.960000
0.960000
0.960000
0.960000
0.960000
0.960000
0.960000
0.960000
0.960000
0.960000
0.960000
0.960000
0.960000
0.960000
0.960000
0.960000
0.960000
0.960000
0.960000
0.960000
0.960000
0.960000
0.960000
0.960000
0.960000
0.960000
0.960000
0.960000
0.960000
0.960000
0.960000
0.960000
0.960000
0.960000
0.960000
0.960000
0.960000
0.960000
0.960000
0.960000
0.960000
0.960000
0.960000
0.960000
0.960000
0.960000
0.960000
0.960000
0.960000
0.960000
0.960000
0.960000
0.960000
0.960000
0.960000
0.960000
0.960000
0.960000
0.960000
0.960000
0.960000
0.960000
0.960000
0.960000
0.960000
0.960000
0.960000
0.960000
0.960000
0.960000
0.960000
0.960000
0.960000
0.960000
0.960000
0.960000
0.960000
0.960000
0.960000
0.960000
0.960000
0.960000
0.960000
0.960000
0.960000
0.960000
0.960000
0.960000
0.960000
0.960000
0.960000
0.960000
0.960000
0.960000
0.960000
0.960000
0.960000
0.960000
0.960000
0.960000
0.960000
0.960000
0.960000
0.960000
0.960000
0.960000
0.960000
0.960000
0.960000
0.960000
0.960000
0.960000
0.960000
0.960000
0.960000
0.960000
0.960000
0.960000
0.960000
0.960000
0.960000
0.960000
0.960000
0.960000
0.960000
0.960000
0.960000
0.960000
0.960000
0.960000
0.960000
0.960000
0.960000
0.960000
0.960000
0.960000
0.960000
0.960000
0.960000
0.960000
0.960000
0.960000
0.960000
0.960000
0.960000
0.960000
0.960000
0.960000
0.960000
0.960000
0.960000
0.960000
0.960000
0.960000
0.960000
0.960000
0.960000
0.960000
0.960000
0.960000
0.960000
0.960000
0.960000
0.960000
0.960000
0.960000
0.960000
0.960000
0.960000
0.960000
0.960000
0.960000
0.960000
0.960000
0.960000
0.960000
0.960000
0.960000
0.960000
0.960000
0.960000
0.960271
0.960271
0.960271
0.960271
0.960271
0.960271
0.960271
0.960271
0.960271
0.960271
0.960271
0.960271
0.960271
0.960271
0.960271
0.960271
0.960271
0.960271
0.960271
0.960271
0.960271
0.960271
0.960271
0.960271
0.960271
0.960271
0.960271
0.960271
0.960271
0.960271
0.960000
0.960000
0.960000
0.960000
0.960000
0.960000
0.960000
0.960000
0.960000
0.960000
0.960000
0.960000
0.960000
0.960000
0.960000
0.960000
0.960000
0.960000
0.960000
0.960000
0.960000
0.960000
0.960000
0.960000
0.960000
0.960000
0.960000
0.960000
0.960000
0.960000
0.960000
0.960000
0.960000
0.960000
0.960000
0.960000
0.960000
0.960000
0.960000
0.960000
0.960000
0.960000
0.960000
0.960000
0.960000
0.960000
0.960000
0.960000
0.960271
0.960271
0.960271
0.960271
0.960271
0.960271
0.960271
0.960271
0.960271
0.960542
0.960542
0.960542
0.960542
0.960542
0.960542
0.960542
0.960542
0.960542
0.960542
0.960814
0.960814
0.960814
0.960814
0.960814
0.960814
0.960814
0.960814
0.960814
0.960814
0.960814
0.960542
0.960542
0.960542
0.960542
0.960542
0.960542
0.960542
0.960542
0.960542
0.960271
0.960271
0.960271
0.960271
0.960271
0.960271
0.960271
0.960271
0.960271
0.960271
0.960000
0.960000
0.960000
0.960271
0.960271
0.960271
0.960271
0.960271
0.960271
0.960271
0.960271
0.960271
0.960271
0.960271
0.960271
0.960271
0.960271
0.965153
0.974917
0.974917
0.974917
0.974917
0.974917
0.987393
0.988749
1.002310
1.002581
1.002581
1.002581
1.002581
1.002581
1.002581
1.002581
1.010446
1.016142
1.016142
1.016142
1.016142
1.016413
1.016413
1.016413
1.016413
1.016413
1.016413
1.016413
1.026991
1.051129
1.062520
1.069029
1.089642
1.121103
1.145241
1.162057
1.166668
1.183754
1.196501
1.213859
1.217656
1.225793
1.225793
1.225793
1.225793
1.225793
1.241795
1.239354
1.239354
1.242066
1.242066
1.241795
1.243964
1.252915
1.252915
1.252915
1.252915
1.254542
1.244236
1.220097
1.203824
1.187551
1.166939
1.135478
1.111339
1.094524
1.077437
1.058994
1.032686
1.015057
1.011260
1.017769
1.025906
1.025906
1.025906
1.025906
1.005022
1.008819
1.008819
1.007192
1.009904
1.009904
1.007734
0.998784
0.998784
0.998784
0.998784
0.997157
0.996886
0.996886
0.996886
0.996886
0.996886
0.996886
0.996886
0.996886
0.996886
0.996886
0.996886
0.996886
0.996886
0.982240
0.974103
0.974103
0.974103
0.974103
0.970849
0.963797
0.963797
0.963526
0.961356
0.961356
0.961356
0.961356
0.984138
0.998513
1.012345
1.026177
1.039738
1.053299
1.066860
1.080692
1.094253
1.107813
1.121374
1.134935
1.148496
1.162057
1.175618
1.180771
1.184568
1.184568
1.184568
1.184568
1.184568
1.184568
1.184568
1.184568
1.184568
1.183754
1.183212
1.183212
1.184297
1.185381
1.162870
1.148496
1.134664
1.120832
1.107271
1.093710
1.080149
1.066317
1.052756
1.039195
1.025635
1.012074
0.998513
0.984952
0.971391
0.966238
0.962441
0.962441
0.962441
0.962441
0.962441
0.962441
0.962441
0.962441
0.962441
0.962441
0.962441
0.962441
0.961356
0.960271
0.960000
0.960000
0.960000
0.960000
0.960000
0.960000
0.960000
0.960000
0.960000
0.960000
0.960000
0.960000
0.960000
0.960000
0.960000
0.960000
0.960000
0.960000
0.960000
0.960000
0.960000
0.960000
0.960271
0.960271
0.960271
0.960271
0.960271
0.960271
0.960271
0.960271
0.960271
0.960271
0.960271
0.960271
0.960271
0.960271
0.960271
0.960271
0.960271
0.960271
0.963797
0.977358
0.991190
1.003124
1.003124
1.008005
1.013701
1.014515
1.014515
1.014515
1.014515
1.014515
1.014243
1.014243
1.014243
1.014243
1.014243
1.014243
1.014243
1.014243
1.014243
1.014243
1.014243
1.014243
1.014243
1.014243
1.014243
1.014243
1.014243
1.014243
1.010718
0.997157
0.983325
0.972205
0.972205
0.967323
0.961627
0.960814
0.960814
0.960814
0.960814
0.960814
0.960814
0.960814
0.960814
0.960814
0.960814
0.960814
0.960814
0.960814
0.960814
0.960814
0.960814
0.960814
0.960814
0.960814
0.960814
0.960814
0.960814
0.960814
0.960814
0.960814
0.960814
0.960000
0.960000
0.960000
0.960000
0.960000
0.960000
0.960000
0.960000
0.960000
0.960000
0.960000
0.960000
0.960000
0.960000
0.960000
0.960000
0.960000
0.960000
0.960000
0.960000
0.960000
0.960000
0.960000
0.960000
0.960000
0.960000
0.960000
0.960000
0.960000
0.960000
0.960000
0.960000
0.960000
0.960000
0.960000
0.960000
0.960000
0.960000
0.960000
0.960000
0.960000
0.960000
0.960000
0.960000
0.960000
0.960000
0.960000
0.960000
0.960000
0.960000
0.960000
0.960000
0.960000
0.960000
0.960000
0.960000
0.960000
0.960000
0.960000
0.960000
0.960000
0.960000
0.960271
0.960271
0.960271
0.960271
0.960271
0.978443
0.997157
1.010718
1.024278
1.034856
1.052214
1.053027
1.053027
1.053027
1.053027
1.053027
1.053027
1.054655
1.054655
1.057096
1.059808
1.061164
1.061164
1.061164
1.061164
1.061164
1.061164
1.061164
1.061164
1.061164
1.060893
1.060893
1.060893
1.060893
1.060893
1.042721
1.024007
1.010446
0.996886
0.990648
0.984138
0.983596
0.983596
0.983596
0.983596
0.983596
0.983596
0.981969
0.981969
0.979528
0.976815
0.975459
0.975459
0.975459
0.975459
0.975459
0.975459
0.975459
0.975459
0.975459
0.975459
0.975459
0.975459
0.975459
0.975459
0.975459
0.975459
0.975459
0.975459
0.971120
0.960271
0.960000
0.960000
0.960000
0.960000
0.960000
0.960000
0.960000
0.960000
0.960000
0.960000
0.960000
0.960000
0.960000
0.960000
0.960000
0.960000
0.960000
0.960000
0.960000
0.960000
0.960000
0.960000
0.960000
0.960000
0.960000
0.960000
0.960000
0.960000
0.960000
0.960000
0.960000
0.960000
0.960000
0.960271
0.960271
0.960271
0.960271
0.960271
0.960271
0.960271
0.960271
0.960271
0.960271
0.960271
0.960271
0.960271
0.960271
0.960271
0.960271
0.960271
0.960271
0.960271
0.960271
0.960271
0.960271
0.960271
0.960271
0.960271
0.960271
0.960271
0.960271
0.960271
0.960271
0.960000
0.960000
0.960000
0.960000
0.960000
0.960000
0.960000
0.960000
0.960000
0.960000
0.960000
0.960000
0.960000
0.960000
0.960000
0.960000
0.960000
0.960000
0.960000
0.960000
0.960000
0.960000
0.960000
0.960000
0.960000
0.960000
0.960000
0.960814
0.960814
0.960814
0.960814
0.960814
0.960814
0.960814
0.974917
0.975188
0.975188
0.975188
0.975188
0.975188
0.975188
0.975188
0.983325
0.988749
0.988749
0.988749
0.988749
0.988749
0.993902
1.002310
1.007463
1.017227
1.018312
1.019125
1.019125
1.019125
1.019125
1.018312
1.018312
1.018312
1.018312
1.018312
1.018312
1.018312
1.004208
1.003937
1.003937
1.003937
1.003937
1.003937
1.005022
1.005022
0.996886
0.991461
0.991461
0.991461
0.991461
0.991461
0.986308
0.977900
0.972747
0.962983
0.961899
0.961085
0.961085
0.961085
0.961085
0.961085
0.961085
0.961085
0.961085
0.961085
0.961085
0.961085
0.961085
0.961085
0.961085
0.961085
0.961085
0.961085
0.960000
0.960000
0.960000
0.960000
0.960000
0.960271
0.974375
0.974375
0.974375
0.974375
0.974375
0.974375
0.974375
0.974375
0.974375
0.974375
0.983325
0.987935
0.987935
0.987935
0.987935
0.987935
0.987935
0.987935
0.987935
0.987935
0.987935
0.987935
0.987935
0.987935
0.987935
0.987935
0.987935
0.994987
1.001496
1.001225
0.987122
0.987122
0.987122
0.987122
0.987122
0.987122
0.991732
0.993631
0.993631
0.993631
0.984681
0.980070
0.980070
0.980070
0.980070
0.980070
0.980070
0.980070
0.980070
0.980070
0.980070
0.980070
0.980070
0.980070
0.980070
0.980070
0.980070
0.973018
0.966509
0.966509
0.966509
0.966509
0.966509
0.966509
0.966509
0.966509
0.961899
0.960000
0.960000
0.960000
0.960000
0.960000
0.960000
0.960000
0.960000
0.960000
0.962441
0.975731
0.976002
0.976002
0.976002
0.976002
0.976002
0.976002
0.976002
0.976002
0.976002
0.976002
0.976002
0.976002
0.976002
0.976002
0.976002
0.976002
0.976002
0.976002
0.976002
0.976002
0.976002
0.976002
0.976002
0.976002
0.976002
0.976002
0.977900
0.977900
0.975459
0.962170
0.961899
0.961899
0.961899
0.961899
0.961899
0.961899
0.961899
0.961899
0.961899
0.961899
0.961899
0.961899
0.961899
0.961899
0.961899
0.961899
0.961899
0.961899
0.961899
0.961899
0.961899
0.961899
0.961899
0.961899
0.961899
0.961899
0.960000
0.960000
0.960000
0.960000
0.960000
0.960000
0.960000
0.960000
0.960000
0.960000
0.960000
0.960000
0.960000
0.960000
0.960000
0.960000
0.960000
0.960000
0.960000
0.960000
0.960000
0.960000
0.960000
0.960000
0.960000
0.960000
0.960000
0.960000
0.960000
0.960000
0.960000
0.960000
0.960000
0.960000
0.960000
0.960000
0.960000
0.960000
0.960000
0.960000
0.960000
0.960000
0.960000
0.960000
0.960000
0.960000
0.960000
0.960000
0.960000
0.960000
0.960000
0.960000
0.960000
0.960000
0.960000
0.960000
0.960000
0.960000
0.960000
0.960000
0.960000
0.960000
0.960000
0.960000
0.960000
0.960000
0.960000
0.960000
0.960000
0.960000
0.960000
0.960000
0.960000
0.960000
0.960000
0.960000
0.960000
0.960000
0.960000
0.960000
0.960000
0.960000
0.960000
0.960000
0.960000
0.960000
0.960000
0.960000
0.960000
0.966780
0.977900
0.978172
0.978172
0.978172
0.978172
0.978172
0.978172
0.978172
0.978172
0.978172
0.978172
0.978172
0.978172
0.978172
0.991461
0.992817
0.992817
0.992817
0.992817
0.992817
0.992817
0.992817
0.992817
0.992817
0.992817
0.992817
0.992817
0.992817
0.992817
0.986037
0.974917
0.974646
0.974646
0.974646
0.974646
0.974646
0.974646
0.974646
0.974646
0.974646
0.974646
0.974646
0.974646
0.974646
0.974917
0.973832
0.973832
0.978985
0.992546
1.006378
1.019939
1.033771
1.047603
1.061435
1.074996
1.088557
1.095609
1.095609
1.095609
1.095609
1.095880
1.095880
1.095880
1.109441
1.110254
1.110254
1.110254
1.110254
1.110254
1.110254
1.110254
1.111339
1.111339
1.111339
1.097778
1.097507
1.097507
1.092354
1.078793
1.064961
1.051400
1.037568
1.023736
1.009904
0.996343
0.982782
0.975731
0.977900
0.977900
0.977900
0.977629
0.977629
0.977629
0.964068
0.963255
0.963255
0.963255
0.963255
0.963255
0.963255
0.963255
0.962170
0.962170
0.962170
0.962170
0.962170
0.962170
0.965696
0.977087
0.977629
0.977629
0.977629
0.977629
0.977629
0.977629
0.977629
0.990919
1.004751
1.020753
1.036483
1.052485
1.068758
1.084760
1.115136
1.153107
1.190263
1.227149
1.263221
1.293868
1.301462
1.301462
1.301462
1.301462
1.301462
1.301462
1.301462
1.301462
1.297937
1.286546
1.286003
1.286003
1.286003
1.286003
1.286003
1.286003
1.286003
1.272713
1.256712
1.240710
1.224979
1.211690
1.207079
1.191077
1.160701
1.122730
1.085574
1.048688
1.012616
0.981969
0.974375
0.974375
0.974375
0.974375
0.974375
0.974375
0.974375
0.974375
0.974375
0.974375
0.974375
0.974375
0.974375
0.974917
0.987122
0.987664
0.987664
1.003124
1.019668
1.035670
1.051943
1.065232
1.069572
1.085302
1.101033
1.101575
1.101575
1.101575
1.101575
1.101575
1.101575
1.101575
1.101575
1.101575
1.101575
1.101575
1.101575
1.101575
1.101575
1.101575
1.101575
1.101575
1.101575
1.101033
1.088828
1.088286
1.088286
1.072826
1.056282
1.040280
1.024007
1.008005
0.992004
0.976273
0.960542
0.960000
0.960000
0.960000
0.960000
0.960000
0.960000
0.960000
0.960000
0.960000
0.960000
0.960000
0.960000
0.960000
0.960000
0.960000
0.960542
0.960542
0.960542
0.960814
0.960814
0.960814
0.960814
0.960814
0.960814
0.960814
0.960814
0.960814
0.960814
0.960814
0.960814
0.964068
0.964068
0.964068
0.964068
0.964068
0.964068
0.964068
0.964068
0.964068
0.964068
0.964068
0.964068
0.964068
0.964068
0.964068
0.963526
0.963526
0.964339
0.973832
0.973832
0.973832
0.973832
0.973832
0.973832
0.973832
0.973832
0.973832
0.973832
0.973832
0.973832
0.970577
0.970577
0.970577
0.970577
0.970577
0.970577
0.970577
0.970577
0.970577
0.970577
0.970577
0.970577
0.970577
0.970577
0.970577
0.970577
0.970577
0.969764
0.960000
0.960000
0.960000
0.960000
0.973290
0.973290
0.973290
0.973290
0.973290
0.973290
0.973290
0.973290
0.973290
0.973290
0.973290
0.973290
0.973290
0.973290
0.973290
0.973290
0.973290
0.973290
0.973290
0.973290
0.973290
0.973290
0.973290
0.973290
0.973290
0.973290
0.973290
0.973290
0.973290
0.973290
0.960000
0.960000
0.960000
0.960000
0.960000
0.960000
0.960000
0.960000
0.960000
0.960000
0.960000
0.960000
0.960271
0.960271
0.960271
0.960271
0.960271
0.960271
0.960271
0.960271
0.960271
0.960271
0.960271
0.960271
0.960271
0.960271
0.960271
0.960271
0.960271
0.960271
0.960271
0.960271
0.960271
0.960271
0.960271
0.960271
0.960271
0.960271
0.960271
0.960271
0.960271
0.960271
0.960000
0.960000
0.960000
0.960000
0.960000
0.960000
0.960000
0.960000
0.960000
0.960000
0.960000
0.960000
0.960000
0.960000
0.960000
0.960000
0.960000
0.960000
0.960000
0.960000
0.960000
0.960000
0.960000
0.960000
0.960000
0.960000
0.960000
0.960000
0.960000
0.960000
0.960000
0.960000
0.960000
0.960000
0.960000
0.960000
0.960000
0.960000
0.960000
0.960000
0.960000
0.960000
0.960000
0.960000
0.960000
0.960000
0.960000
0.960000
0.960000
0.960000
0.960000
0.960000
0.960000
0.960000
0.960000
0.960000
0.960000
0.960000
0.960000
0.960000
0.960000
0.960000
0.960000
0.960000
0.960000
0.960000
0.960000
0.960000
0.960000
0.960000
0.960000
0.960000
0.960000
0.960000
0.960000
0.960000
0.960000
0.960000
0.960000
0.960000
0.960000
0.960000
0.960000
0.960000
0.960000
0.960000
0.960000
0.960000
0.960000
0.960000
0.960000
0.960000
0.960000
0.960000
0.960000
0.960000
0.960000
0.960000
0.960000
0.960000
0.960000
0.960000
0.960000
0.960000
0.960000
0.960000
0.960000
0.960000
0.960000
0.960000
0.960000
0.960000
0.960000
0.960000
0.960000
0.960000
0.960000
0.960000
0.960000
0.960000
0.960000
0.960000
0.960000
0.960000
0.960000
0.960000
0.960000
0.960000
0.960000
0.960000
0.960000
0.960000
0.960000
0.960000
0.960000
0.960000
0.960000
0.960000
0.960000
0.960000
0.960000
0.960000
0.960000
0.960000
0.960000
0.960000
0.960000
0.960000
0.960000
0.960000
0.960000
0.960000
0.960000
0.960000
0.960000
0.960000
0.960000
0.960000
0.960000
0.960000
0.960000
0.960000
0.960000
0.960000
0.960000
0.960000
0.960000
0.960000
0.960000
0.960000
0.960000
0.960000
0.960000
0.960000
0.960000
0.960000
0.960000
0.960000
0.960000
0.960000
0.960000
0.960000
0.960000
0.960000
0.960000
0.960000
0.960000
0.960000
0.960000
0.960000
0.960000
0.960000
0.960000
0.960000
0.960000
0.960000
0.960000
0.960000
0.960000
0.960000
0.960000
0.960000
0.960000
0.960000
0.960000
0.960000
0.960000
0.960000
0.960000
0.960000
0.960000
0.960000
0.960000
0.960000
0.960000
0.960000
0.960000
0.960000
0.960000
0.960000
0.960000
0.960000
0.960000
0.960000
0.960000
0.960000
0.960000
0.960000
0.960000
0.960000
0.960000
0.960000
0.960000
0.960000
0.960000
0.960000
0.960000
0.960000
0.960000
0.960000
0.960000
0.960000
0.960000
0.960000
0.960000
0.960000
0.960000
0.960000
0.960000
0.960000
0.960000
0.960000
0.960000
0.960000
0.960000
0.960000
0.960000
0.960000
0.960000
0.960000
0.960000
0.960000
0.960000
0.960000
0.960000
0.960000
0.960000
0.960000
0.960000
0.960000
0.960000
0.960000
0.960000
0.960000
0.960000
0.960000
0.960000
0.960000
0.960000
0.960000
0.960000
0.960000
0.960000
0.960000
0.960000
0.973832
0.975188
0.975188
0.975188
0.975188
0.975188
0.977087
0.995529
1.032415
1.058181
1.074454
1.090455
1.106457
1.124629
1.151751
1.168024
1.184297
1.200027
1.215758
1.223081
1.223081
1.223081
1.223081
1.223081
1.223081
1.225522
1.225522
1.225522
1.233387
1.239354
1.225522
1.224166
1.226607
1.232573
1.243693
1.252372
1.258068
1.239625
1.202739
1.176974
1.160701
1.144699
1.128697
1.110526
1.083404
1.067131
1.050858
1.035127
1.019397
1.012345
1.012345
1.012345
1.012345
1.012345
1.025363
1.023194
1.023194
1.023194
1.029432
1.024007
1.024278
1.024550
1.030788
1.038382
1.040552
1.045162
1.049773
1.049773
1.049773
1.049773
1.053570
1.053570
1.055468
1.056282
1.056553
1.057096
1.057096
1.057096
1.057096
1.056825
1.056825
1.056825
1.056825
1.056825
1.043806
1.043535
1.049502
1.051129
1.037026
1.036483
1.036212
1.035941
1.027262
1.013701
1.000411
0.987122
0.974917
0.974917
0.974917
0.974917
0.971120
0.971120
0.969221
0.968408
0.968137
0.967594
0.967594
0.967594
0.976815
0.990376
0.992275
0.992275
0.992275
0.992275
0.992275
0.992275
0.986308
0.984681
0.984681
0.984681
0.984681
0.984681
0.984681
0.984681
0.984681
0.984681
0.984681
0.984681
0.984681
0.984681
0.984681
0.984681
0.984681
0.984681
0.984681
0.984681
0.984681
0.984681
0.975459
0.961899
0.960000
0.960000
0.960000
0.960000
0.960000
0.960000
0.960000
0.960000
0.960000
0.960000
0.960000
0.960000
0.960000
0.960000
0.960000
0.960000
0.960000
0.960000
0.960000
0.960000
0.960000
0.960000
0.960000
0.960000
0.960000
0.960000
0.960000
0.960000
0.960000
0.960000
0.960000
0.960000
0.960000
0.960000
0.960000
0.960000
0.960000
0.960000
0.960000
0.960000
0.960542
0.960542
0.963797
0.974646
0.974917
0.975188
0.975459
0.975459
0.975459
0.975459
0.975459
0.975459
0.975459
0.975459
0.975459
0.975459
0.975459
0.975459
0.975459
0.975459
0.975459
0.975459
0.975459
0.975459
0.975459
0.975459
0.975459
0.975459
0.975459
0.975459
0.974917
0.974917
0.971662
0.960814
0.960542
0.960271
0.960000
0.960000
0.960000
0.960000
0.960000
0.960000
0.960000
0.960000
0.960000
0.960000
0.960000
0.960000
0.960000
0.960000
0.960000
0.960000
0.960000
0.960000
0.960000
0.960000
0.960000
0.960000
0.960000
0.960000
0.960000
0.960000
0.960000
0.960000
0.960000
0.960000
0.960000
0.960000
0.960000
0.960000
0.960000
0.960000
0.960000
0.960000
0.960000
0.960000
0.960000
0.960000
0.960000
0.960000
0.960000
0.960000
0.960000
0.960000
0.960000
0.960000
0.960000
0.960000
0.960000
0.960000
0.960000
0.960000
0.960000
0.960000
0.960000
0.960000
0.960000
0.960000
0.960000
0.960000
0.960000
0.960000
0.960000
0.960000
0.960000
0.960000
0.960000
0.960000
0.960000
0.960000
0.960000
0.960000
0.960000
0.960000
0.960000
0.960000
0.960000
0.960000
0.960000
0.960000
0.960000
0.960000
0.960000
0.960000
0.960000
0.960000
0.960000
0.960000
0.960000
0.960000
0.960000
0.960000
0.960000
0.960000
0.960000
0.960000
0.960000
0.960000
0.960000
0.960000
0.960000
0.960000
0.960000
0.960000
0.960000
0.960000
0.960000
0.960000
0.960000
0.960000
0.960000
0.960000
0.960000
0.960000
0.960000
0.960000
0.960000
0.960000
0.960000
0.960000
0.960000
0.960000
0.960000
0.960000
0.960000
0.960000
0.960000
0.960000
0.960000
0.960000
0.960000
0.960000
0.960000
0.960000
0.960000
0.960000
0.960000
0.960000
0.960000
0.960000
0.960000
0.960000
0.960000
0.960000
0.960000
0.960000
0.960000
0.960000
0.963526
0.969493
0.983867
1.006921
1.031330
1.032144
1.039467
1.047061
1.054926
1.056282
1.056282
1.056282
1.056282
1.056282
1.056282
1.056282
1.056282
1.056282
1.056282
1.056282
1.056282
1.058723
1.058994
1.060350
1.062520
1.062520
1.062520
1.062520
1.062520
1.062520
1.058994
1.053027
1.038653
1.015600
0.991190
0.991461
0.984138
0.976815
0.969221
0.967865
0.968137
0.968408
0.973290
0.973290
0.973290
0.973290
0.973290
0.974103
0.974103
0.974103
0.974103
0.971662
0.971391
0.974375
0.986308
0.988749
1.014786
1.015328
1.015328
1.015328
1.015328
1.015328
1.021566
1.029432
1.029703
1.028618
1.036754
1.048688
1.053027
1.061435
1.064147
1.064147
1.059265
1.059265
1.059265
1.059265
1.072284
1.072284
1.079064
1.081777
1.081777
1.081777
1.081777
1.077437
1.063334
1.060893
1.034856
1.036483
1.036483
1.036483
1.036483
1.036483
1.030245
1.022380
1.022109
1.022109
1.013972
1.001767
0.997157
0.988749
0.985766
0.985494
0.985494
0.985494
0.985494
0.985494
0.972476
0.971662
0.964882
0.962170
0.962170
0.962170
0.962170
0.962170
0.962170
0.962170
0.968408
0.973832
0.973832
0.973832
0.981969
0.983053
0.983053
0.983053
0.983053
0.993088
0.996886
0.996886
0.996886
0.996886
0.996886
0.996886
0.996886
0.996886
0.999598
1.010718
1.010718
1.010718
1.010718
1.010718
1.010718
1.016413
1.019939
1.019939
1.019939
1.019939
1.013701
1.006107
1.007192
1.007192
0.999055
0.997970
0.997970
0.997970
1.006378
1.001767
0.997970
0.997970
0.997970
0.998513
0.998784
0.998784
0.998784
0.998784
0.996072
0.984952
0.984952
0.984952
0.984952
0.984952
0.984952
0.979256
0.975731
0.975731
0.975731
0.975731
0.975731
0.975731
0.974646
0.974646
0.974646
0.987935
0.989834
0.989834
0.981426
0.976002
0.976002
0.976002
0.976002
0.975459
0.975459
0.975459
0.975459
0.975459
0.975459
0.975459
0.975459
0.975459
0.975459
0.975459
0.975459
0.975459
0.975459
0.975459
0.975459
0.975459
0.975459
0.975459
0.978443
0.990648
0.991190
0.977900
0.976002
0.976002
0.976002
0.976002
0.976002
0.976002
0.976002
0.976002
0.975731
0.975731
0.975731
0.975731
0.975731
0.975731
0.975731
0.975731
0.975731
0.975731
0.975731
0.975731
0.975731
0.975731
0.975731
0.975731
0.975731
0.975731
0.972747
0.960542
0.960000
0.960000
0.960000
0.960000
0.960000
0.960000
0.960000
0.972747
0.973832
0.973832
0.973832
0.973832
0.973832
0.973832
0.973832
0.973832
0.973832
0.973832
0.973832
0.973832
0.973832
0.981697
0.987393
0.987393
0.987393
0.987393
0.987393
0.988478
0.988478
0.988478
0.988478
0.988478
0.988478
0.988478
0.988478
0.988478
0.988478
0.975731
0.974646
0.974646
0.974646
0.974646
0.974917
0.974917
0.974917
0.974917
0.974917
0.974917
0.974917
0.974917
0.974917
0.967052
0.961356
0.961356
0.961356
0.961356
0.961356
0.960271
0.960271
0.960271
0.960271
0.960271
0.960271
0.960271
0.960271
0.960271
0.960271
0.960271
0.960271
0.960271
0.960271
0.960271
0.960000
0.960000
0.960000
0.960000
0.960000
0.960000
0.960000
0.960000
0.960000
0.960000
0.960000
0.960000
0.960000
0.960000
0.960000
0.960000
0.960000
0.960000
0.960000
0.960000
0.960000
0.960000
0.960000
0.960000
0.960000
0.960000
0.960000
0.960000
0.960000
0.960000
0.960000
0.960000
0.960000
0.960000
0.960000
0.960000
0.960000
0.960000
0.960000
0.960000
0.960000
0.960271
0.960271
0.960271
0.960271
0.960271
0.960271
0.960271
0.960271
0.960271
0.960271
0.960271
0.960814
0.961627
0.961627
0.961627
0.961627
0.961627
0.962170
0.962170
0.962170
0.964611
0.965424
0.968950
0.976815
0.981155
0.981155
0.982240
0.982782
0.982782
0.982782
0.982511
0.982511
0.982511
0.982511
0.982511
0.982782
0.982782
0.982782
0.982782
0.982782
0.982782
0.982240
0.981426
0.981426
0.981426
0.981426
0.981426
0.980884
0.980884
0.980884
0.978443
0.977629
0.974103
0.966238
0.961899
0.961899
0.960814
0.960271
0.960271
0.960542
0.960542
0.960542
0.960542
0.960542
0.960542
0.960271
0.960271
0.960271
0.960271
0.960271
0.960271
0.960271
0.960271
0.960271
0.960271
0.960271
0.965967
0.973832
0.973832
0.973832
0.973832
0.975459
0.976002
1.000683
1.027262
1.042721
1.057096
1.071199
1.103474
1.137647
1.172092
1.206265
1.240710
1.271086
1.299293
1.327228
1.355435
1.383370
1.388794
1.391778
1.395032
1.398016
1.400999
1.404254
1.407237
1.410221
1.407508
1.402626
1.406966
1.414831
1.418086
1.422154
1.425137
1.403440
1.380115
1.367911
1.356791
1.345942
1.316922
1.285461
1.254271
1.223623
1.192162
1.165040
1.140088
1.115407
1.090455
1.065775
1.063605
1.063605
1.063605
1.063876
1.064147
1.064147
1.064419
1.064690
1.064961
1.064961
1.063876
1.059265
1.059265
1.056825
1.056553
1.056825
1.056825
1.056553
1.083404
1.097507
1.110797
1.112695
1.115407
1.114865
1.115136
1.114865
1.114865
1.114594
1.114594
1.117035
1.140902
1.165854
1.189721
1.213859
1.237726
1.239354
1.238269
1.237455
1.236370
1.239082
1.246677
1.245592
1.244507
1.243151
1.242066
1.240710
1.239625
1.238811
1.208706
1.191348
1.174804
1.169922
1.163955
1.160972
1.164769
1.169380
1.166396
1.163413
1.160158
1.154463
1.127341
1.099406
1.072284
1.044891
1.017769
1.012887
1.010718
1.008277
1.006107
1.000411
0.989563
0.987393
0.985223
0.983325
0.981155
0.979256
0.977087
0.974917
0.974917
0.974917
0.974917
0.974917
0.974917
0.974917
0.967865
0.960271
0.960000
0.960000
0.960000
0.960000
0.960000
0.960000
0.960000
0.960000
0.960000
0.960000
0.960000
0.973832
0.975459
0.975459
0.975459
0.975459
0.975459
0.975459
0.975459
0.975459
0.975459
0.975459
0.975459
0.975459
0.975459
0.975459
0.975459
0.975459
0.975459
0.975459
0.975459
0.986037
0.986037
0.986037
0.986037
0.986037
0.986037
0.986037
0.986037
0.999869
1.000683
0.987122
0.985494
0.996343
0.998242
0.998242
0.998242
0.998242
0.998242
0.998242
0.998242
0.998242
0.998242
0.998242
0.998242
0.998242
0.998242
0.998242
0.998242
0.998242
0.998242
0.987664
0.987664
0.987664
0.987664
0.987664
1.000954
1.001225
1.001225
0.987393
0.986579
0.986308
0.986308
0.975459
0.973561
0.973561
0.973561
0.973561
0.973561
0.973561
0.973561
0.973561
0.973561
0.973561
0.973561
0.973561
0.973561
0.973561
0.973561
0.973561
0.973561
0.973561
0.973561
0.973561
0.973561
0.973561
0.960271
0.960000
0.960000
0.960000
0.960000
0.960000
0.960000
0.960000
0.960000
0.960000
0.960000
0.960000
0.960000
0.960000
0.960000
0.960000
0.960000
0.960000
0.960000
0.960000
0.960000
0.960000
0.960000
0.960000
0.960000
0.960000
0.960000
0.960000
0.960000
0.960000
0.960000
0.960000
0.960000
0.960000
0.960000
0.960000
0.960000
0.960000
0.960000
0.960000
0.960000
0.960000
0.960000
0.960000
0.960000
0.960000
0.960000
0.960000
0.960000
0.960000
0.960000
0.960000
0.960000
0.960000
0.960000
0.960000
0.960000
0.960000
0.960000
0.960000
0.960000
0.960000
0.960000
0.960000
0.960000
0.960000
0.960000
0.960000
0.960000
0.960000
0.960000
0.960000
0.960000
0.960000
0.960000
0.960000
0.960000
0.960000
0.960000
0.960000
0.960000
0.960000
0.960000
0.960000
0.960000
0.960000
0.960000
0.960000
0.960000
0.960000
0.960000
0.960000
0.960000
0.960000
0.960000
0.960000
0.960000
0.960000
0.960000
0.960000
0.960000
0.960000
0.960000
0.960000
0.960000
0.960000
0.960000
0.960000
0.960000
0.960000
0.960000
0.960000
0.960000
0.960000
0.960000
0.960000
0.960000
0.960000
0.960000
0.960000
0.960000
0.960000
0.960000
0.960000
0.960000
0.960000
0.960000
0.960000
0.960000
0.960000
0.960000
0.960000
0.960000
0.960000
0.960000
0.960000
0.960000
0.960000
0.960000
0.960000
0.960000
0.960000
0.960000
0.960000
0.960000
0.960000
0.960000
0.960000
0.960000
0.960000
0.960000
0.960000
0.960000
0.960000
0.960000
0.960000
0.960000
0.960000
0.960000
0.960000
0.960000
0.960000
0.960000
0.960000
0.960000
0.960000
0.960000
0.960000
0.960000
0.960000
0.960000
0.960000
0.960000
0.960000
0.960000
0.960000
0.960000
0.960000
0.960000
0.960000
0.960000
0.960000
0.960000
0.960000
0.960000
0.960000
0.960000
0.960000
0.960000
0.960000
0.960000
0.960000
0.960000
0.960000
0.960000
0.960000
0.960000
0.960000
0.960000
0.960000
0.960000
0.960000
0.960000
0.960000
0.961356
0.969221
0.969221
0.969221
0.969221
0.969221
0.969221
0.969221
0.969221
0.969221
0.969221
0.969221
0.969221
0.969221
0.969221
0.969221
0.969221
0.969221
0.969221
0.969221
0.969221
0.969221
0.969221
0.969221
0.969221
0.969221
0.969221
0.969221
0.969221
0.969221
0.967865
0.960000
0.960000
0.960000
0.960000
0.960000
0.960000
0.960000
0.960000
0.960000
0.960000
0.960000
0.960000
0.960000
0.960000
0.960000
0.960271
0.960271
0.960271
0.960271
0.960271
0.960271
0.960271
0.960271
0.960271
0.960271
0.960271
0.960271
0.960271
0.960271
0.960271
0.960271
0.960271
0.960271
0.960271
0.960271
0.960271
0.960271
0.960271
0.960271
0.960271
0.960271
0.960271
0.960271
0.960271
0.960271
0.960000
0.960000
0.960000
0.960000
0.960000
0.960000
0.960000
0.960000
0.960000
0.960000
0.960000
0.960000
0.960000
0.960271
0.960271
0.960271
0.960271
0.960271
0.960271
0.960271
0.960271
0.960271
0.960271
0.960271
0.960271
0.960271
0.960271
0.960271
0.960271
0.960271
0.960271
0.960271
0.960271
0.960271
0.960271
0.960271
0.960271
0.960271
0.960271
0.960271
0.960271
0.960271
0.960271
0.960000
0.960000
0.960271
0.960271
0.960271
0.960271
0.960271
0.960271
0.960271
0.960271
0.960271
0.960271
0.960271
0.960271
0.960271
0.960271
0.960271
0.960271
0.960271
0.960271
0.960271
0.960271
0.960271
0.960271
0.960271
0.960271
0.960271
0.960271
0.960271
0.960271
0.960271
0.960271
0.960000
0.960000
0.960000
0.960000
0.960000
0.960000
0.960000
0.960000
0.960000
0.960000
0.960000
0.960000
0.960000
0.960000
0.960000
0.960000
0.960000
0.960000
0.960000
0.960000
0.960000
0.960000
0.960000
0.960000
0.960000
0.960000
0.960000
0.960000
0.960000
0.960000
0.960000
0.960000
0.960000
0.960000
0.960000
0.960000
0.960000
0.960000
0.960000
0.960000
0.960000
0.960000
0.960000
0.962712
0.962712
0.962712
0.962712
0.962712
0.962712
0.962712
0.962712
0.962712
0.971662
0.971662
0.971662
0.971662
0.971662
0.971662
0.971662
0.971662
0.971662
0.971662
0.971662
0.971662
0.971662
0.971662
0.971662
0.971662
0.971662
0.971662
0.981969
1.004208
1.020481
1.033771
1.054655
1.079064
1.096422
1.112424
1.128155
1.144156
1.159887
1.166939
1.162057
1.168295
1.171007
1.171278
1.171278
1.171278
1.171278
1.172363
1.172906
1.172906
1.172906
1.176160
1.176431
1.176703
1.176703
1.176703
1.176703
1.176703
1.166396
1.144156
1.127883
1.111882
1.091540
1.067131
1.049773
1.033771
1.018040
1.002039
0.986308
0.979256
0.984681
0.991190
1.017498
1.046790
1.077708
1.103203
1.110526
1.109712
1.109169
1.109169
1.109169
1.105915
1.105644
1.105372
1.105372
1.105372
1.105372
1.105372
1.105372
1.106186
1.106186
1.106186
1.105644
1.130053
1.144428
1.158260
1.172092
1.187009
1.200841
1.213859
1.204367
1.191619
1.162599
1.133037
1.102118
1.076623
1.069301
1.074182
1.076895
1.082319
1.082319
1.082319
1.082590
1.086116
1.086116
1.086387
1.086387
1.086387
1.086387
1.085574
1.092354
1.123815
1.160430
1.169922
1.163142
1.149310
1.135478
1.120561
1.106729
1.093710
1.093710
1.093710
1.093710
1.093710
1.093710
1.093710
1.093710
1.088557
1.085845
1.080420
1.080420
1.080420
1.080149
1.076623
1.076623
1.076352
1.076352
1.076352
1.076352
1.076352
1.069572
1.038111
1.001496
0.967594
0.960000
0.960000
0.960000
0.960000
0.960000
0.960000
0.960000
0.960000
0.960000
0.960000
0.960000
0.960000
0.962170
0.963797
0.963797
0.968679
0.973561
0.973561
0.973561
0.973561
0.977629
0.991732
1.005836
1.008548
1.008548
1.008548
1.008548
1.008548
1.008548
1.008548
1.008548
1.008548
1.008548
1.008548
1.008548
1.008548
1.008548
1.008548
1.008548
1.008548
1.008548
1.008548
1.006378
1.004751
1.004751
0.999869
0.994987
0.994987
0.994987
0.994987
0.990919
0.976815
0.962712
0.960000
0.960000
0.960000
0.960271
0.960814
0.964339
0.964611
0.964611
0.964611
0.964611
0.964611
0.964611
0.964611
0.964611
0.964611
0.964611
0.964611
0.964611
0.964611
0.964611
0.964611
0.964611
0.964611
0.964611
0.964611
0.964611
0.964611
0.964611
0.964611
0.964611
0.964611
0.964611
0.964611
0.964339
0.963797
0.960271
0.960000
0.960000
0.965153
0.965153
0.965153
0.965153
0.965153
0.965153
0.987393
1.014515
1.041365
1.068216
1.102118
1.129511
1.155276
1.181313
1.207079
1.233116
1.240439
1.243693
1.246948
1.249931
1.253186
1.256169
1.259153
1.262407
1.265391
1.268374
1.271357
1.274341
1.277324
1.280579
1.278409
1.281664
1.284647
1.287902
1.290885
1.294140
1.274883
1.251016
1.227149
1.203553
1.172634
1.148225
1.125714
1.102660
1.080149
1.057096
1.053027
1.052756
1.052756
1.052756
1.052756
1.052756
1.053027
1.052756
1.053027
1.053027
1.053027
1.053299
1.053299
1.053299
1.053299
1.053299
1.053299
1.053299
1.053299
1.053299
1.053299
1.053299
1.053299
1.053299
1.053299
1.053299
1.053570
1.053841
1.067402
1.071741
1.090727
1.115136
1.139546
1.164227
1.188365
1.192704
1.191891
1.191077
1.190263
1.189450
1.188636
1.187551
1.186738
1.185653
1.184839
1.183754
1.182941
1.181856
1.184297
1.183212
1.180228
1.176974
1.173990
1.170736
1.167752
1.164769
1.161243
1.157989
1.141173
1.133850
1.112967
1.085574
1.057909
1.030245
1.002852
0.995529
0.993088
0.990919
0.993360
0.993902
0.994173
0.992004
0.989834
0.996614
1.001767
1.004208
1.005564
1.003395
1.000954
0.999326
0.999326
0.999326
0.999326
0.999326
0.999326
0.999326
1.001767
1.002039
1.002039
1.002039
1.002039
1.002039
1.002039
1.002039
1.002039
1.002039
1.002039
1.002039
0.997157
0.994445
1.002852
1.005836
1.005836
0.996886
0.989563
0.984952
0.981426
0.981426
0.978443
0.977900
0.977900
0.977900
0.977900
0.977900
0.977900
0.977900
0.975731
0.975459
0.980070
0.983053
0.981697
0.981697
0.984681
0.984681
0.984681
0.984681
0.984681
0.984681
0.993360
1.000411
0.989563
0.987393
0.987393
0.987393
0.987393
0.999869
1.000954
1.000954
1.001767
1.001767
1.001767
1.001767
1.001767
1.001767
1.005564
1.015871
1.016413
1.028889
1.025092
1.022109
1.022109
1.022109
1.019125
1.019125
1.019125
1.019125
1.019125
1.019125
1.010446
1.003395
1.003395
1.002581
1.002581
1.002581
1.002581
0.990105
0.989020
0.989020
0.988207
0.988207
0.988207
0.988207
0.988207
0.988207
0.984410
0.974103
0.973290
0.960814
0.960000
0.960000
0.960000
0.960000
0.960000
0.960000
0.960000
0.960000
0.960000
0.960000
0.960000
0.960000
0.960000
0.960000
0.960000
0.960000
0.960000
0.960000
0.960000
0.960000
0.960000
0.960000
0.960000
0.960000
0.960000
0.960000
0.960000
0.960000
0.960000
0.960000
0.960000
0.960000
0.960000
0.960000
0.960000
0.960000
0.960000
0.960000
0.960000
0.960000
0.960000
0.960000
0.960000
0.960000
0.960000
0.960000
0.960000
0.960000
0.960000
0.960000
0.960000
0.960000
0.960000
0.960000
0.960000
0.960000
0.960000
0.960000
0.960000
0.960000
0.960000
0.960000
0.960000
0.960000
0.960000
0.960000
0.960000
0.960000
0.960000
0.960000
0.960000
0.960000
0.960000
0.960000
0.960000
0.960000
0.960000
0.960000
0.960000
0.960000
0.960000
0.960000
0.960000
0.960000
0.960000
0.960000
0.960000
0.960000
0.960000
0.960000
0.960000
0.960000
0.960000
0.960000
0.960000
0.960000
0.960000
0.960000
0.960000
0.960000
0.960000
0.960000
0.960000
0.960000
0.960000
0.960000
0.960000
0.960000
0.960000
0.960000
0.960000
0.960000
0.960000
0.960000
0.960000
0.960000
0.960000
0.960000
0.960000
0.960000
0.960000
0.960000
0.960000
0.960000
0.960000
0.960000
0.960000
0.960000
0.960000
0.960000
0.960000
0.960000
0.960000
0.960000
0.960000
0.960000
0.960000
0.960000
0.960000
0.960000
0.960000
0.960000
0.960000
0.960000
0.960000
0.960814
0.960814
0.960814
0.960814
0.960814
0.960814
0.960814
0.960814
0.960814
0.960814
0.960814
0.960814
0.960814
0.960814
0.960814
0.960814
0.960814
0.960814
0.960814
0.960814
0.960814
0.960814
0.960814
0.960814
0.960814
0.960814
0.960814
0.960814
0.960814
0.960814
0.960000
0.960000
0.960000
0.960000
0.960000
0.960000
0.960000
0.960000
0.960000
0.960000
0.960000
0.960000
0.960000
0.960000
0.960000
0.960000
0.960000
0.960000
0.960000
0.960000
0.960000
0.960000
0.960000
0.960000
0.960000
0.960000
0.960000
0.960000
0.960000
0.960000
0.960000
0.960000
0.960000
0.960000
0.960000
0.960000
0.960000
0.960000
0.960000
0.960000
0.960000
0.960000
0.960000
0.960000
0.960000
0.960000
0.960000
0.960000
0.960000
0.960000
0.960000
0.960000
0.960000
0.960000
0.960000
0.960000
0.960000
0.960000
0.960000
0.960000
0.960000
0.960000
0.960000
0.960000
0.960000
0.960000
0.960000
0.960000
0.960000
0.960000
0.960000
0.960000
0.960000
0.960000
0.960000
0.960000
0.960000
0.960000
0.960000
0.960000
0.960000
0.960000
0.960000
0.960000
0.960000
0.960000
0.960000
0.960000
0.960000
0.960000
0.960000
0.960000
0.960000
0.960000
0.960000
0.960000
0.960000
0.960000
0.960000
0.960000
0.960000
0.960000
0.960000
0.960000
0.960000
0.960000
0.960000
0.960000
0.960000
0.960000
0.960000
0.960000
0.960000
0.960000
0.960000
0.960000
0.960000
0.960000
0.960000
0.960000
0.960000
0.960000
0.960000
0.960000
0.960000
0.960000
0.960000
0.960000
0.960000
0.960000
0.960000
0.960000
0.960000
0.960000
0.960000
0.960000
0.960000
0.960000
0.960000
0.960000
0.960000
0.960000
0.960000
0.960000
0.960000
0.960000
0.960000
0.960000
0.960000
0.960000
0.960000
0.960000
0.960000
0.960000
0.960000
0.960000
0.960000
0.960000
0.960000
0.960000
0.960000
0.960000
0.960000
0.960000
0.960000
0.960000
0.960000
0.960000
0.960000
0.960000
0.960000
0.960000
0.960000
0.960000
0.960000
0.960000
0.960000
0.960000
0.960000
0.960000
0.960000
0.960000
0.960000
0.960000
0.960000
0.960000
0.960000
0.960000
0.960000
0.960000
0.960000
0.960000
0.960000
0.960000
0.960000
0.960000
0.960000
0.960000
0.968408
0.973561
0.973561
0.973561
0.973561
0.973561
0.973561
0.973561
0.973561
0.973561
0.973561
0.973561
0.973561
0.973561
0.973561
0.984138
0.984410
0.984410
0.984410
0.984410
0.984410
0.984410
0.984410
0.984410
0.984410
0.984410
0.984410
0.984410
0.984410
0.984410
0.976002
0.970849
0.970849
0.970849
0.970849
0.970849
0.970849
0.970849
0.970849
0.980341
0.981426
0.989834
0.995801
0.995801
0.995801
0.985223
0.984952
0.984952
0.984952
0.984952
0.984952
0.986308
0.998513
0.998513
0.998513
0.998513
0.998513
0.998513
0.998784
0.998784
0.998784
0.998784
0.998784
0.998784
0.998784
0.998784
0.998784
0.998784
0.998784
0.989291
0.993631
0.994987
0.989291
0.989291
0.989291
0.989291
0.989291
0.989291
0.989291
0.989291
0.989291
0.987935
0.975731
0.975731
0.975731
0.975731
0.975731
0.975731
0.975459
0.975459
0.975459
0.975459
0.975459
0.975459
0.975459
0.975459
0.975459
0.975459
0.975459
0.975459
0.970035
0.960271
0.960000
0.960000
0.960000
0.960000
0.960000
0.960000
0.960000
0.960000
0.960000
0.960000
0.960000
0.960000
0.960000
0.960000
0.960000
0.960000
0.960000
0.960000
0.960000
0.960000
0.960000
0.960000
0.969493
0.975459
0.978714
0.989563
0.989563
0.989563
0.989563
0.989563
0.989563
0.989563
0.989563
0.991190
0.991190
0.992546
1.004480
1.004480
1.004480
1.004480
1.004480
1.004480
1.004480
1.004480
1.004480
1.004480
1.004480
1.004480
1.004480
1.004480
1.004480
1.004480
0.994987
0.989020
0.985766
0.974917
0.974917
0.974917
0.974917
0.974917
0.974917
0.974917
0.974917
0.973290
0.973290
0.971934
0.960000
0.960000
0.960000
0.960000
0.960000
0.960000
0.960000
0.960000
0.960000
0.960000
0.960000
0.960000
0.960000
0.960000
0.960000
0.960000
0.960000
0.960000
0.960000
0.960000
0.960000
0.960000
0.960000
0.960000
0.960000
0.960000
0.960000
0.960000
0.960000
0.960000
0.960000
0.960000
0.960000
0.960000
0.960000
0.960000
0.960000
0.960000
0.960000
0.960000
0.973561
0.973832
0.973832
0.973832
0.973832
0.973832
0.973832
0.973832
0.973832
0.973832
0.973832
0.973832
0.973832
0.973832
0.973832
0.973832
0.973832
0.973832
0.973832
0.973832
0.973832
0.973832
0.973832
0.973832
0.973832
0.973832
0.973832
0.973832
0.973832
0.973832
0.960271
0.960000
0.960000
0.960000
0.960000
0.960000
0.960000
0.960000
0.960000
0.960000
0.960000
0.960000
0.960000
0.960000
0.960000
0.960000
0.960000
0.960000
0.960000
0.960000
0.960000
0.960000
0.960000
0.960000
0.960000
0.960000
0.960000
0.960000
0.960000
0.960000
0.960000
0.960000
0.960000
0.960000
0.960000
0.960000
0.960000
0.960000
0.960000
0.960000
0.960000
0.960000
0.960000
0.960000
0.960000
0.960000
0.960000
0.960000
0.960000
0.960000
0.960000
0.960000
0.960000
0.960000
0.960000
0.960000
0.960000
0.960000
0.960000
0.960000
0.960000
0.960000
0.960000
0.960000
0.960000
0.960000
0.960000
0.960000
0.960000
0.960000
0.960000
0.960000
0.960000
0.960000
0.960000
0.960000
0.960000
0.960000
0.960000
0.960000
0.960000
0.960000
0.960000
0.960000
0.960000
0.960000
0.960000
0.960000
0.960000
0.960000
0.960000
0.960000
0.960000
0.960000
0.960000
0.960000
0.960000
0.960000
0.960000
0.960000
0.960000
0.960000
0.960000
0.960000
0.960000
0.960000
0.960000
0.960000
0.960000
0.960000
0.960000
0.960000
0.960000
0.960000
0.960000
0.960000
0.960000
0.960000
0.960000
0.960000
0.960000
0.960000
0.960000
0.960000
0.960000
0.960000
0.960000
0.960000
0.960000
0.960000
0.960000
0.960000
0.960000
0.960000
0.960000
0.960000
0.960000
0.960000
0.960000
0.960000
0.960000
0.960000
0.960000
0.960000
0.960000
0.960000
0.960000
0.960000
0.960000
0.960000
0.960000
0.960000
0.960000
0.960000
0.960000
0.960000
0.960000
0.960000
0.960000
0.960000
0.960000
0.960000
0.960000
0.960000
0.960000
0.960000
0.960000
0.965424
0.973561
0.973561
0.973561
0.973561
0.973561
0.973561
0.973561
0.973561
0.973561
0.973561
0.973561
0.973561
0.973561
0.973561
0.973561
0.973561
0.973561
0.973561
0.973561
0.973561
0.973561
0.973561
0.973561
0.973561
0.973561
0.973561
0.973561
0.973561
0.973561
0.968137
0.960000
0.960000
0.960000
0.960000
0.960000
0.960000
0.960000
0.960000
0.960000
0.960000
0.960000
0.960000
0.960000
0.960000
0.960000
0.960000
0.960000
0.960000
0.960000
0.960000
0.960000
0.960000
0.960000
0.960000
0.960000
0.960000
0.960000
0.960000
0.960000
0.960000
0.960000
0.960000
0.960000
0.960000
0.960000
0.960000
0.960000
0.960000
0.960000
0.960000
0.960000
0.960000
0.960000
0.960000
0.960000
0.960000
0.960000
0.960000
0.960000
0.960000
0.960000
0.960000
0.960000
0.960000
0.960000
0.960000
0.960000
0.960000
0.960000
0.960000
0.960000
0.960000
0.960000
0.960000
0.960000
0.960000
0.960000
0.960000
0.960000
0.960000
0.960000
0.960000
0.960000
0.960000
0.960000
0.960000
0.960000
0.960000
0.960000
0.960000
0.960000
0.960000
0.960000
0.960000
0.960000
0.960000
0.960000
0.960000
0.960000
0.960000
0.960000
0.960000
0.960000
0.960000
0.960000
0.960000
0.960000
0.960000
0.960000
0.960000
0.960000
0.960000
0.960000
0.960000
0.960000
0.960000
0.960000
0.960000
0.960000
0.960000
0.960000
0.960000
0.960000
0.960000
0.960000
0.960000
0.960271
0.960271
0.960271
0.960271
0.960271
0.960271
0.960271
0.960271
0.960271
0.960271
0.960271
0.960271
0.960271
0.960271
0.960271
0.960271
0.960542
0.960542
0.960542
0.960542
0.960542
0.960542
0.960542
0.960542
0.960542
0.960542
0.960542
0.960542
0.960542
0.960542
0.960271
0.960271
0.960271
0.960271
0.960271
0.960271
0.960271
0.960271
0.960271
0.960271
0.960271
0.960271
0.960271
0.960271
0.960271
0.960271
0.960000
0.960000
0.960000
0.960000
0.960000
0.960000
0.960000
0.960000
0.960000
0.960000
0.960000
0.960000
0.960000
0.960000
0.960000
0.960000
0.960000
0.960000
0.960000
0.960271
0.960271
0.960271
0.960271
0.960271
0.960271
0.960271
0.960271
0.960271
0.960271
0.960271
0.960271
0.972476
0.974103
0.974103
0.974103
0.974103
0.974103
0.974103
0.974103
0.974103
0.974103
0.974103
0.974103
0.974103
0.974103
0.974103
0.974103
0.974103
0.974103
0.973832
0.973832
0.973832
0.973832
0.973832
0.973832
0.973832
0.973832
0.973832
0.973832
0.973832
0.973832
0.961627
0.960000
0.960000
0.960000
0.960000
0.960000
0.960000
0.960000
0.960000
0.960000
0.960000
0.960000
0.960000
0.960000
0.960000
0.960000
0.960000
0.960000
0.960000
0.960000
0.960000
0.960000
0.960000
0.960000
0.960000
0.960000
0.960000
0.960000
0.960000
0.960000
0.960000
0.960000
0.960000
0.960000
0.960000
0.960000
0.960000
0.960000
0.960000
0.960000
0.960000
0.960000
0.960000
0.960000
0.960000
0.960000
0.960000
0.960000
0.960000
0.960000
0.960000
0.960000
0.960000
0.960000
0.960000
0.960000
0.960000
0.960000
0.960000
0.960000
0.960000
0.960000
0.960000
0.960000
0.960000
0.960000
0.960000
0.960000
0.960000
0.960000
0.960000
0.960000
0.960000
0.960000
0.960000
0.960000
0.960000
0.960000
0.960000
0.960000
0.960000
0.960000
0.960000
0.960000
0.960000
0.960000
0.960000
0.960000
0.960000
0.960000
0.960000
0.960000
0.960000
0.960000
0.960000
0.960000
0.960000
0.960000
0.960000
0.964611
0.980070
0.993631
1.007463
1.021295
1.034856
1.048688
1.062249
1.075810
1.089371
1.103203
1.116764
1.130324
1.143885
1.157446
1.164769
1.164769
1.164769
1.164769
1.164769
1.164769
1.164769
1.164769
1.164769
1.164769
1.164769
1.164769
1.164769
1.164769
1.164769
1.160158
1.144699
1.144428
1.131952
1.118120
1.104559
1.090727
1.077166
1.063605
1.050044
1.036212
1.022651
1.009090
0.995529
0.981969
0.974646
0.974646
0.974646
0.974646
0.974646
0.974646
0.974646
0.974646
0.974646
0.974646
0.974646
0.974646
0.974646
0.974646
0.974646
0.974646
0.974646
0.961356
0.960000
0.960000
0.960000
0.960000
0.963797
0.975188
1.001225
1.032415
1.063605
1.096151
1.129240
1.142529
1.145784
1.150123
1.157989
1.166125
1.169922
1.169922
1.169922
1.169922
1.169922
1.169922
1.169922
1.169922
1.169922
1.169922
1.169922
1.169922
1.169922
1.169922
1.169922
1.169922
1.173177
1.185110
1.181584
1.170193
1.144156
1.112967
1.081777
1.060079
1.044891
1.035127
1.045976
1.072826
1.095880
1.091812
1.116492
1.147682
1.178872
1.210333
1.241523
1.271357
1.273798
1.273798
1.273798
1.277595
1.281664
1.282748
1.294411
1.307972
1.321261
1.334822
1.344857
1.345942
1.358961
1.371979
1.380387
1.380387
1.380387
1.369538
1.351638
1.348112
1.337534
1.306344
1.294411
1.308785
1.301191
1.297123
1.289800
1.280850
1.275968
1.260509
1.272171
1.285732
1.299564
1.309599
1.319363
1.333737
1.335636
1.335636
1.335907
1.340247
1.348925
1.356520
1.358689
1.358961
1.364114
1.377403
1.390693
1.403711
1.417001
1.430291
1.440054
1.443309
1.424324
1.405881
1.384997
1.357876
1.334009
1.311497
1.285189
1.270815
1.256712
1.243151
1.229319
1.215487
1.201655
1.186195
1.172634
1.159073
1.152022
1.134121
1.112153
1.096422
1.097236
1.099948
1.102118
1.104559
1.107271
1.109712
1.112424
1.104016
1.090727
1.087472
1.087472
1.087472
1.088557
1.088557
1.088557
1.088557
1.088557
1.088557
1.088557
1.088557
1.088557
1.088557
1.088557
1.088557
1.088557
1.089099
1.082590
1.082590
1.082590
1.077708
1.061435
1.045433
1.029703
1.013972
0.997970
0.984952
0.968950
0.964068
0.964068
0.964068
0.964068
0.964068
0.962983
0.962983
0.962983
0.962983
0.962983
0.962983
0.962983
0.962983
0.962983
0.962983
0.962983
0.962983
0.962983
0.962712
0.962712
0.962712
0.962712
0.962712
0.964068
0.964068
0.964068
0.964068
0.964068
0.961627
0.961627
0.961627
0.961627
0.961627
0.961627
0.961627
0.961627
0.961627
0.961627
0.961627
0.961627
0.961627
0.961627
0.961627
0.963255
0.963526
0.963526
0.963526
0.963526
0.963255
0.963255
0.963255
0.963255
0.963255
0.961899
0.961899
0.961899
0.961899
0.961899
0.961899
0.961899
0.961899
0.961899
0.961899
0.961899
0.961899
0.961899
0.961899
0.961899
0.961899
0.961899
0.961899
0.961899
0.961899
0.960271
0.960000
0.960000
0.960000
0.960000
0.960000
0.960000
0.960000
0.960000
0.960000
0.967052
0.974103
0.974103
0.974103
0.974103
0.974103
0.974103
0.974103
0.974103
0.974103
0.974103
0.974103
0.974103
0.974103
0.974103
0.974103
0.974103
0.974103
0.974103
0.974103
0.974103
0.974103
0.974103
0.974103
0.974103
0.974103
0.974103
0.974103
0.974103
0.974103
0.967052
0.960000
0.960000
0.960000
0.960000
0.960000
0.960000
0.960000
0.960000
0.960000
0.960000
0.960000
0.960000
0.960000
0.960000
0.960000
0.960000
0.960000
0.960000
0.960000
0.960000
0.960000
0.960000
0.960000
0.960000
0.960000
0.960000
0.960000
0.960000
0.960000
0.960000
0.960000
0.960000
0.960000
0.960000
0.960000
0.960000
0.960000
0.960000
0.960000
0.960000
0.960000
0.960000
0.960000
0.960000
0.960000
0.960000
0.960000
0.960000
0.960000
0.960000
0.960000
0.960000
0.960000
0.960000
0.960000
0.960000
0.960000
0.960000
0.960000
0.960000
0.960000
0.960000
0.960000
0.960000
0.960000
0.960000
0.960000
0.960000
0.960000
0.960000
0.960000
0.960000
0.960000
0.960000
0.960000
0.960000
0.960000
0.960000
0.960000
0.960000
0.960000
0.960000
0.960000
0.960000
0.960000
0.960000
0.960000
0.960000
0.960000
0.960000
0.960000
0.960000
0.960000
0.960000
0.960000
0.960000
0.960000
0.960000
0.960000
0.960000
0.960000
0.960000
0.960000
0.960000
0.960000
0.960000
0.960000
0.960000
0.960000
0.960000
0.960000
0.960000
0.960000
0.960000
0.960000
0.960000
0.960000
0.960000
0.960000
0.960000
0.960000
0.960000
0.960000
0.960000
0.960000
0.960000
0.960000
0.960000
0.960000
0.960000
0.960000
0.960000
0.960000
0.960000
0.960000
0.960000
0.960000
0.960000
0.960000
0.960000
0.960000
0.960000
0.960000
0.960000
0.960000
0.960000
0.960000
0.960000
0.960000
0.968408
0.993088
0.997699
0.997699
0.997699
0.997699
0.997699
0.997699
1.000683
1.006649
1.006649
1.006649
1.006649
1.006649
1.006649
1.019939
1.020481
1.020481
1.020481
1.020481
1.020481
1.020481
1.020481
1.020481
1.020481
1.020481
1.020481
1.020481
1.020481
1.020481
1.012074
0.987393
0.982782
0.982782
0.990919
1.013972
1.037026
1.038653
1.041094
1.041094
1.045705
1.047874
1.047874
1.047874
1.047874
1.034585
1.034042
1.034042
1.034042
1.034042
1.034042
1.034042
1.035398
1.035398
1.035398
1.035398
1.035398
1.035398
1.035398
1.035398
1.035670
1.035670
1.035670
1.035670
1.027533
1.004480
0.981426
0.980613
0.979528
0.973561
0.968950
0.966780
0.989291
1.003666
1.017498
1.030245
1.042992
1.055740
1.069301
1.082861
1.096422
1.107813
1.112695
1.121103
1.121103
1.121103
1.121103
1.121103
1.121374
1.121374
1.121103
1.121103
1.121103
1.121103
1.121103
1.121103
1.121103
1.120289
1.115950
1.115950
1.115950
1.116221
1.094795
1.087201
1.076352
1.063605
1.050858
1.038111
1.024550
1.010989
0.997428
0.986037
0.983053
0.985494
0.986308
0.986308
0.986308
0.986308
0.986037
0.986037
0.986037
0.986037
0.986037
0.986037
0.992817
1.000411
1.000411
1.001767
1.003937
1.004480
1.008277
1.018854
1.018040
1.011260
1.008277
1.008277
1.008277
1.008277
1.008277
1.008277
1.008277
1.008277
1.005022
0.994173
0.993360
0.993360
0.993360
1.002310
1.009904
1.009904
1.009904
1.009904
1.009904
1.010175
1.003395
0.995801
0.995801
0.994445
0.992275
0.991732
0.987935
0.977087
0.976815
0.976815
0.976815
0.976815
0.976815
0.976815
0.976815
0.976815
0.976815
0.976815
0.976815
0.976815
0.976815
0.976815
0.976815
0.967865
0.960271
0.960271
0.960271
0.960271
0.960271
0.960000
0.960000
0.960000
0.960000
0.960000
0.960000
0.960000
0.960000
0.960000
0.960000
0.960000
0.960000
0.960000
0.960000
0.960000
0.960000
0.960000
0.960000
0.960000
0.960000
0.960000
0.960000
0.960000
0.960000
0.960000
0.960000
0.960000
0.960000
0.960000
0.960000
0.960000
0.960000
0.960000
0.960000
0.960000
0.960000
0.960000
0.960000
0.960000
0.960000
0.960000
0.960000
0.960000
0.960000
0.960000
0.960000
0.960000
0.960000
0.960000
0.960000
0.960000
0.960000
0.960000
0.960000
0.960000
0.960000
0.960000
0.960000
0.960000
0.960000
0.960000
0.960000
0.960000
0.960000
0.960000
0.960000
0.960000
0.960000
0.960000
0.960000
0.960000
0.960000
0.960000
0.960000
0.960000
0.960000
0.960000
0.960000
0.960000
0.960000
0.960000
0.960000
0.960000
0.960000
0.960000
0.960000
0.960000
0.960000
0.960000
0.960000
0.960000
0.960000
0.960000
0.960000
0.960000
0.960000
0.960000
0.960000
0.968950
0.969764
0.969764
0.969764
0.969764
0.969764
0.969764
0.969764
0.969764
0.969764
0.969764
0.977358
0.983596
0.983596
0.986308
0.987393
0.987393
0.996614
0.998513
0.998513
0.998513
0.998513
0.998513
0.998513
0.998513
0.998513
0.998513
1.010175
1.012345
1.012345
1.003395
1.002581
1.002581
1.002581
1.007192
1.042450
1.075810
1.108898
1.141716
1.160701
1.160701
1.153107
1.146869
1.146869
1.144156
1.143072
1.148496
1.149852
1.147954
1.161786
1.162599
1.162599
1.162599
1.162599
1.162599
1.162599
1.162599
1.160430
1.162328
1.162328
1.162328
1.162328
1.162328
1.162328
1.157717
1.122459
1.089099
1.056011
1.023194
1.004208
1.004208
1.004208
1.004208
1.004208
1.004208
1.004208
0.998784
0.988207
0.988207
0.974375
0.973561
0.973561
0.973561
0.978443
0.987393
0.987664
0.987664
0.978172
0.974103
0.974103
0.974103
0.974103
0.974103
0.974103
0.974103
0.974103
0.974103
0.974103
0.974103
0.974103
0.974103
0.974103
0.974103
0.974103
0.974103
0.975459
0.976002
0.976002
0.976002
0.976002
0.976002
0.976002
0.976002
0.971120
0.962170
0.961899
0.961899
0.961899
0.961899
0.961899
0.961899
0.961899
0.961899
0.961899
0.962441
0.962441
0.962441
0.962441
0.962441
0.962441
0.962441
0.962441
0.962441
0.962441
0.962441
0.961356
0.960814
0.960814
0.960814
0.960814
0.974646
0.974917
0.974917
0.974917
0.974917
0.974917
0.974917
0.974917
0.974917
0.974917
0.974917
0.974917
0.975431
0.975982
0.975972
0.976586
0.977249
0.977968
0.978749
0.979602
0.980535
0.981562
0.982697
0.983958
0.985367
0.986444
