0.981353
0.980184
0.979308
0.978382
0.977694
0.977074
0.976387
0.975882
0.975307
0.976103
0.980435
0.980668
0.980000
0.979380
0.978895
0.978265
0.978353
0.981882
0.981882
0.981882
0.981882
0.985324
0.985059
0.984971
0.984971
0.984971
0.983471
0.976765
0.976853
0.976765
0.976765
0.976853
0.976853
0.976853
0.976853
0.976765
0.976853
0.976853
0.976941
0.975882
0.971912
0.971206
0.971206
0.971294
0.971294
0.971471
0.971382
0.967853
0.967941
0.967853
0.967853
0.964500
0.964500
0.964412
0.964500
0.964412
0.964412
0.964500
0.964412
0.964500
0.964412
0.964412
0.964412
0.964412
0.964412
0.964500
0.964412
0.964412
0.964412
0.964412
0.964412
0.964412
0.964412
0.964412
0.964412
0.964412
0.964412
0.964412
0.964324
0.964412
0.964412
0.964324
0.964324
0.964324
0.964324
0.964412
0.964412
0.964324
0.964412
0.964324
0.964412
0.964412
0.964324
0.964412
0.964412
0.964324
0.964412
0.964412
0.964324
0.964412
0.964324
0.964324
0.964412
0.964324
0.964324
0.964324
0.964412
0.964324
0.964412
0.969000
0.969441
0.969441
0.969441
0.969529
0.969529
0.969441
0.969441
0.969529
0.969441
0.969529
0.969529
0.969441
0.969529
0.969529
0.969529
0.969529
0.969529
0.969529
0.969618
0.969529
0.969618
0.969618
0.969618
0.969618
0.969618
0.969618
0.969529
0.969618
0.969618
0.964941
0.964500
0.964588
0.964588
0.964500
0.964500
0.964588
0.964500
0.964500
0.964588
0.964500
0.964500
0.964500
0.964500
0.964500
0.964765
0.971735
0.972265
0.972265
0.972265
0.972265
0.972265
0.972265
0.972265
0.972353
0.972265
0.972265
0.972353
0.972265
0.972265
0.972353
0.972353
0.972265
0.972265
0.972353
0.972265
0.972265
0.972353
0.972353
0.972353
0.972441
0.972353
0.972441
0.972353
0.972353
0.972088
0.965206
0.964588
0.964588
0.964500
0.964588
0.964588
0.964500
0.964500
0.964500
0.964588
0.964500
0.964500
0.964588
0.964500
0.964500
0.964500
0.964588
0.964500
0.964500
0.964588
0.964500
0.964500
0.964412
0.964412
0.964412
0.964500
0.964412
0.971118
0.974030
0.974030
0.974030
0.974030
0.974030
0.974118
0.974118
0.974030
0.974118
0.974030
0.974030
0.974030
0.974030
0.974030
0.974030
0.974030
0.974030
0.974118
0.979235
0.979235
0.979235
0.979235
0.979324
0.979324
0.979324
0.979324
0.979324
0.979324
0.980294
0.973765
0.970853
0.970765
0.970765
0.970853
0.970765
0.970765
0.970765
0.970853
0.970765
0.970853
0.970765
0.970765
0.970853
0.970765
0.970765
0.970853
0.970765
0.970677
0.965559
0.965647
0.965559
0.965559
0.965471
0.965471
0.965471
0.965471
0.965382
0.965382
0.964500
0.964412
0.964412
0.964412
0.964412
0.964324
0.964412
0.964412
0.964324
0.964324
0.964324
0.964324
0.964324
0.964324
0.964324
0.964324
0.964324
0.964324
0.964324
0.964324
0.964324
0.964235
0.964324
0.964235
0.964324
0.964324
0.964324
0.964324
0.964412
0.964324
0.964324
0.964235
0.964235
0.964235
0.964235
0.964324
0.964235
0.964235
0.964235
0.964235
0.964235
0.964235
0.964324
0.964235
0.964235
0.964324
0.967853
0.967853
0.967853
0.967853
0.967941
0.968029
0.969441
0.970941
0.972000
0.972177
0.972177
0.972088
0.972794
0.972794
0.978618
0.984088
0.990177
0.995647
1.000941
1.006236
1.011618
1.013471
1.013471
1.013383
1.013471
1.013383
1.019824
1.021589
1.021589
1.021589
1.018059
1.018059
1.018147
1.018236
1.018147
1.018147
1.016736
1.015324
1.014265
1.014089
1.014265
1.014353
1.013647
1.013736
1.007912
1.002530
0.996441
0.991147
0.985853
0.980559
0.975265
0.973412
0.973500
0.973588
0.973588
0.973677
0.967235
0.965559
0.965559
0.965559
0.965559
0.975706
0.996265
1.001647
1.007030
1.012412
1.017795
1.023177
1.028471
1.029353
1.029265
1.029177
1.029177
1.029177
1.029089
1.029089
1.029089
1.029000
1.028912
1.028912
1.028912
1.028912
1.028912
1.028824
1.028824
1.028824
1.028824
1.028824
1.028824
1.028824
1.028824
1.018677
0.998118
0.992647
0.987265
0.981882
0.976500
0.971118
0.965912
0.965029
0.965029
0.965118
0.965118
0.965118
0.965294
0.965294
0.965294
0.965294
0.965382
0.965382
0.965382
0.965382
0.965382
0.965382
0.968118
0.968118
0.968824
0.968824
0.968824
0.968824
0.968824
0.968824
0.968824
0.968824
0.968824
0.968824
0.968824
0.968824
0.970941
0.970941
0.975000
0.979059
0.982588
0.986206
0.989735
0.993353
0.996971
1.000677
1.004383
1.008089
1.011794
1.015412
1.019118
1.022912
1.023883
1.027589
1.028206
1.028206
1.028206
1.028118
1.028118
1.028118
1.028118
1.028030
1.028030
1.028030
1.027942
1.027942
1.026000
1.026353
1.022295
1.018236
1.014706
1.011089
1.007471
1.003853
1.000236
0.996530
0.992824
0.989118
0.985412
0.981794
0.978088
0.974382
0.970677
0.966971
0.965647
0.965647
0.965647
0.965735
0.965735
0.965735
0.965735
0.965824
0.965824
0.965735
0.965824
0.965824
0.966000
0.965735
0.965735
0.965735
0.965735
0.965735
0.965735
0.965735
0.965735
0.965735
0.965735
0.965735
0.965735
0.965735
0.965735
0.965735
0.965735
0.965735
0.965647
0.965647
0.965647
0.965647
0.965735
0.968559
0.972794
0.973677
1.000589
1.029265
1.057148
1.084324
1.108148
1.129325
1.146178
1.146178
1.146178
1.146178
1.146178
1.146442
1.146972
1.146972
1.146972
1.147060
1.147148
1.147148
1.147060
1.147060
1.146972
1.147148
1.147148
1.147148
1.147237
1.149266
1.153413
1.150590
1.146266
1.145384
1.118383
1.089795
1.061912
1.034736
1.010471
0.989118
0.972441
0.972353
0.974647
0.977294
0.978177
0.977824
0.977206
0.977206
0.977118
0.976941
0.976853
0.976765
0.976853
0.976765
0.976765
0.976500
0.976588
0.976500
0.979059
0.977647
0.973412
0.973324
0.973324
0.976765
0.977824
0.977912
0.977912
0.977824
0.977824
0.977912
0.977735
0.977735
0.975441
0.972794
0.971912
0.971912
0.972000
0.972000
0.972088
0.972177
0.972088
0.972177
0.972265
0.972265
0.972529
0.972618
0.972529
0.972618
0.969971
0.969353
0.969265
0.969353
0.969441
0.965912
0.964941
0.964853
0.964853
0.964853
0.965206
0.965206
0.965118
0.965206
0.965206
0.965206
0.965118
0.965206
0.965206
0.965118
0.965118
0.965118
0.965118
0.965118
0.965029
0.965029
0.964853
0.964853
0.964941
0.964853
0.964853
0.964853
0.964853
0.964853
0.964853
0.964853
0.964853
0.964853
0.964765
0.964853
0.964500
0.964412
0.964500
0.964500
0.964412
0.964412
0.964500
0.964500
0.964412
0.964500
0.964765
0.964853
0.970235
0.971735
0.971735
0.971824
0.971735
0.971735
0.971735
0.971735
0.971735
0.971735
0.971824
0.971824
0.971735
0.971824
0.971824
0.971824
0.971824
0.972177
0.976324
0.976412
0.976412
0.977382
0.977471
0.977382
0.977382
0.977735
0.979677
0.979677
0.979324
0.979147
0.973853
0.972265
0.972177
0.972177
0.972265
0.972265
0.972177
0.972265
0.972882
0.974912
0.974824
0.975441
0.977030
0.977647
0.977647
0.977559
0.977647
0.977294
0.973147
0.973147
0.973059
0.972353
0.972353
0.972441
0.972441
0.972000
0.970235
0.970235
0.970235
0.970500
0.970853
0.970941
0.970941
0.973059
0.975441
0.976147
0.978000
0.978000
0.979677
0.982235
0.986206
0.989912
0.991588
0.991765
0.991677
0.991765
0.993353
0.993883
0.993794
0.993971
0.994236
1.000236
1.000236
1.000147
1.000147
1.000677
1.000589
1.000500
1.000589
1.000412
0.999971
1.001118
1.002177
1.000059
0.997588
0.996883
1.005618
1.020353
1.030589
1.026000
1.025295
1.024236
1.024236
1.023353
1.023353
1.023353
1.022559
1.021942
1.027765
1.027677
1.027500
1.021147
1.021147
1.024500
1.036148
1.048059
1.049648
1.049648
1.049824
1.052118
1.052206
1.051059
1.050001
1.050001
1.050089
1.050001
1.039501
1.029795
1.028912
1.040559
1.049118
1.057501
1.057677
1.057765
1.057854
1.057765
1.056971
1.057059
1.051589
1.053530
1.053442
1.053707
1.053707
1.050442
1.038971
1.030412
1.028824
1.028912
1.028648
1.026353
1.026353
1.026265
1.026353
1.026353
1.026265
1.026353
1.027589
1.022559
1.010824
0.999177
0.987441
0.975706
0.972353
0.972353
0.972353
0.972353
0.972353
0.972265
0.972000
0.969971
0.970059
0.969794
0.969794
0.969794
0.969529
0.965735
0.965647
0.965647
0.965735
0.965647
0.965647
0.965647
0.965647
0.974206
0.979588
0.979588
0.978265
0.978265
0.978353
0.978265
0.978265
0.978882
0.979059
0.978971
0.978971
0.979059
0.978971
0.979059
0.979059
0.979059
0.978971
0.979059
0.979059
0.979059
0.979059
0.979059
0.979147
0.979059
0.979059
0.979147
0.979059
0.979147
0.979147
0.970500
0.965206
0.965206
0.965294
0.965206
0.965206
0.965206
0.965206
0.964677
0.964412
0.964500
0.964412
0.964412
0.964500
0.964412
0.964412
0.964324
0.964412
0.964412
0.964324
0.964324
0.964412
0.964412
0.964324
0.964412
0.964412
0.964324
0.964412
0.964412
0.964324
0.964412
0.964412
0.964412
0.964412
0.964500
0.964412
0.964500
0.964412
0.964412
0.964500
0.964500
0.964500
0.964500
0.964500
0.964500
0.964500
0.964588
0.964588
0.964500
0.964588
0.964588
0.964500
0.964500
0.964588
0.964588
0.964500
0.964588
0.964588
0.964500
0.964588
0.964588
0.964588
0.964500
0.964500
0.964500
0.964588
0.964500
0.964588
0.964588
0.964500
0.964500
0.964588
0.964500
0.964500
0.964500
0.964500
0.964500
0.964412
0.964500
0.964500
0.964412
0.964500
0.964500
0.964412
0.964412
0.964500
0.964500
0.964412
0.964500
0.964500
0.964412
0.964412
0.964500
0.964412
0.964412
0.964412
0.964500
0.964412
0.964412
0.964500
0.964412
0.964412
0.964500
0.964412
0.964500
0.964500
0.964500
0.964588
0.964588
0.964500
0.964588
0.964588
0.964500
0.964588
0.964588
0.964588
0.964500
0.964588
0.964588
0.964500
0.964588
0.964588
0.964588
0.964588
0.964588
0.964588
0.964500
0.964588
0.964588
0.964588
0.964588
0.964588
0.964500
0.964588
0.964588
0.964588
0.964500
0.964500
0.964500
0.964588
0.964500
0.964500
0.964588
0.964500
0.964500
0.964500
0.964500
0.964500
0.964500
0.964500
0.964500
0.964500
0.964412
0.964500
0.964500
0.964412
0.964500
0.964412
0.964412
0.964412
0.964412
0.964412
0.964412
0.964412
0.964412
0.964412
0.964500
0.964412
0.964412
0.964324
0.964412
0.964412
0.964324
0.964412
0.964324
0.964324
0.964412
0.964412
0.964324
0.964412
0.964412
0.964324
0.964412
0.964412
0.964412
0.964412
0.964412
0.964500
0.964412
0.964412
0.964500
0.964500
0.964588
0.964588
0.964500
0.964500
0.964412
0.964500
0.964500
0.964500
0.964500
0.964500
0.964588
0.964500
0.964677
0.964677
0.964588
0.964588
0.964588
0.964588
0.964588
0.964677
0.964588
0.964588
0.964500
0.964588
0.964588
0.964588
0.964588
0.964588
0.964588
0.964500
0.964500
0.964500
0.964500
0.964500
0.964500
0.964500
0.964500
0.964588
0.964588
0.964500
0.964500
0.964500
0.964412
0.964412
0.964412
0.964412
0.964412
0.964412
0.964412
0.964324
0.964412
0.964324
0.964412
0.964412
0.964412
0.964324
0.964412
0.964324
0.964324
0.964412
0.964412
0.964324
0.964324
0.964324
0.964412
0.964324
0.964324
0.964324
0.964324
0.964324
0.964324
0.964412
0.964324
0.964324
0.964412
0.964324
0.964412
0.964412
0.964412
0.964412
0.964412
0.964500
0.964412
0.964412
0.964412
0.964412
0.964412
0.964500
0.964412
0.964412
0.964412
0.964412
0.964500
0.964412
0.964412
0.964500
0.964500
0.964500
0.964412
0.964500
0.964412
0.964412
0.964500
0.964412
0.966353
0.971647
0.971647
0.971735
0.971647
0.971735
0.971735
0.971735
0.971735
0.971735
0.971735
0.971824
0.971735
0.971735
0.971824
0.971824
0.971735
0.971824
0.971735
0.971824
0.971735
0.971735
0.971735
0.971647
0.971735
0.971735
0.971735
0.971735
0.971647
0.971735
0.969794
0.964588
0.964500
0.964324
0.964412
0.964412
0.964324
0.964324
0.964324
0.964324
0.964324
0.964324
0.964324
0.964324
0.964324
0.964235
0.964324
0.964500
0.964588
0.964500
0.964588
0.964588
0.964500
0.964588
0.964588
0.964588
0.964677
0.964677
0.964677
0.964677
0.964588
0.964588
0.964677
0.964765
0.968824
0.969177
0.970324
0.970235
0.970324
0.970324
0.970324
0.970500
0.972441
0.973324
0.973324
0.973324
0.973677
0.979941
0.979853
0.980206
0.985765
0.992647
0.993530
0.993971
0.993971
0.994412
0.994412
0.994324
0.994412
0.994412
0.994588
0.994765
0.994677
0.994677
0.990530
0.990177
0.989030
0.989118
0.989118
0.989030
0.989030
0.988765
0.986912
0.985941
0.985941
0.986030
0.985588
0.979147
0.979147
0.978882
0.973324
0.966353
0.965471
0.965029
0.965029
0.964500
0.964500
0.964500
0.964500
0.964500
0.964324
0.964147
0.964235
0.964147
0.964235
0.964147
0.964235
0.964147
0.964147
0.964235
0.964147
0.964147
0.964147
0.964235
0.964147
0.964147
0.964147
0.964147
0.964147
0.964147
0.964059
0.964147
0.964147
0.964147
0.964147
0.964147
0.964147
0.964147
0.964147
0.964059
0.964147
0.964147
0.964059
0.964147
0.964059
0.964147
0.964059
0.964147
0.964059
0.964059
0.964147
0.964235
0.964147
0.964147
0.964147
0.964147
0.964147
0.964147
0.964147
0.964147
0.964147
0.964147
0.964235
0.964147
0.964147
0.964235
0.964147
0.964235
0.964147
0.964235
0.964235
0.964147
0.964147
0.964147
0.964235
0.964147
0.964235
0.964147
0.964235
0.964235
0.964147
0.964147
0.967588
0.969265
0.969265
0.969265
0.969353
0.969794
0.969882
0.969794
0.969882
0.969794
0.969794
0.969794
0.969794
0.969706
0.969794
0.969706
0.969794
0.969706
0.969706
0.969794
0.969794
0.969794
0.969794
0.969794
0.969794
0.969882
0.969794
0.969794
0.969794
0.969794
0.966441
0.964677
0.964765
0.964765
0.964677
0.964235
0.964235
0.964235
0.964235
0.964235
0.964235
0.964324
0.964324
0.964324
0.964324
0.964324
0.964324
0.964324
0.964324
0.964235
0.964324
0.964324
0.964235
0.964324
0.964235
0.964235
0.964324
0.964324
0.964324
0.964324
0.964235
0.964324
0.964324
0.964235
0.964324
0.964235
0.964235
0.964235
0.964235
0.964500
0.968382
0.968382
0.968382
0.968382
0.968382
0.968382
0.968382
0.968471
0.968382
0.968471
0.968382
0.968382
0.968471
0.968382
0.968471
0.968471
0.968382
0.968382
0.969971
0.973765
0.973853
0.973853
0.973765
0.973853
0.973853
0.973853
0.973853
0.973853
0.973853
0.973677
0.969706
0.969706
0.969618
0.969706
0.969706
0.969706
0.969706
0.969618
0.969706
0.969618
0.969706
0.969706
0.969618
0.969706
0.969618
0.969618
0.969618
0.969618
0.968118
0.964235
0.964235
0.964235
0.964677
0.965559
0.966441
0.967412
0.968294
0.969353
0.969706
0.969971
0.970324
0.970677
0.971029
0.971294
0.971647
0.972000
0.972265
0.972618
0.972882
0.973235
0.973588
0.973853
0.976147
0.976765
0.977118
0.977382
0.977735
0.978088
0.978353
0.978706
0.978971
0.979235
0.979147
0.981000
0.983647
0.984971
0.986118
0.985500
0.985941
0.985941
0.985853
0.985765
0.985765
0.985677
0.985588
0.985588
0.985588
0.985588
0.985588
0.985677
0.985588
0.985588
0.983647
0.983294
0.983294
0.983294
0.987706
0.993706
0.999265
1.005265
1.011177
1.014971
1.014706
1.011971
1.008353
1.006147
1.004030
1.003677
1.002883
1.002530
1.002353
1.002000
1.001736
1.001471
1.001206
1.000853
1.000589
1.000324
0.999971
0.999618
0.999265
0.999000
0.998647
0.998383
0.998030
0.997765
0.993000
0.986647
0.980735
0.974471
0.968206
0.964147
0.964059
0.964059
0.964147
0.964059
0.964147
0.964059
0.964059
0.964059
0.964059
0.964059
0.964059
0.964147
0.964059
0.964147
0.964059
0.964059
0.964059
0.964059
0.964147
0.964059
0.964147
0.964147
0.964147
0.964059
0.964147
0.964147
0.964147
0.964147
0.964677
0.964677
0.964677
0.964588
0.964588
0.964677
0.964588
0.964588
0.964588
0.964677
0.964588
0.964677
0.964588
0.964588
0.964588
0.964588
0.964588
0.964588
0.964677
0.964588
0.964588
0.964588
0.964588
0.964588
0.964588
0.964588
0.964588
0.964588
0.964588
0.964588
0.964147
0.964059
0.964147
0.964147
0.964147
0.964147
0.964147
0.964235
0.964235
0.964147
0.964235
0.964147
0.964235
0.964235
0.964235
0.964235
0.964235
0.964235
0.964235
0.964235
0.964235
0.964235
0.964235
0.964147
0.964235
0.964235
0.964235
0.964235
0.964235
0.964235
0.964147
0.964235
0.964147
0.964235
0.964147
0.964147
0.964235
0.999441
1.055207
1.110707
1.165766
1.221178
1.276502
1.331738
1.389179
1.444856
1.500268
1.555327
1.610122
1.665181
1.719799
1.775300
1.830447
1.885065
1.940389
1.995095
2.050331
2.104949
2.159214
2.184096
2.184185
2.184185
2.184273
2.184185
2.184273
2.184273
2.184185
2.148978
2.093213
2.037801
1.982654
1.927330
1.872006
1.816770
1.759329
1.703652
1.648328
1.593269
1.538386
1.483415
1.428797
1.403738
1.402415
1.401797
1.400209
1.399062
1.395532
1.392532
1.391209
1.416532
1.466650
1.514651
1.564416
1.614269
1.660946
1.707270
1.752888
1.798506
1.850565
1.902536
1.951771
2.004448
2.054831
2.114125
2.167243
2.220450
2.274979
2.328715
2.383598
2.437422
2.491334
2.512246
2.513834
2.513746
2.513746
2.513569
2.516040
2.517099
2.518069
2.521157
2.525040
2.531393
2.534746
2.538275
2.542863
2.523981
2.478451
2.436186
2.384039
2.332068
2.282921
2.230244
2.179861
2.120567
2.067449
2.014242
1.959713
1.913036
1.858241
1.804417
1.750505
1.699152
1.643740
1.589916
1.536180
1.482886
1.428621
1.375944
1.322120
1.268826
1.214737
1.160384
1.107266
1.053971
1.002706
0.975177
0.975177
0.971824
0.971824
0.971824
0.971824
0.971824
0.971824
0.971735
0.971824
0.971824
0.971735
0.964677
0.964677
0.964677
0.968118
0.970677
0.970588
0.970677
0.970677
0.970677
0.970765
0.970677
0.970677
0.970677
0.970765
0.970677
0.970677
0.970677
0.970677
0.970677
0.970677
0.970677
0.970765
0.970677
0.970677
0.970677
0.970677
0.970677
0.970677
0.970677
0.970765
0.970677
0.970677
0.970677
0.967235
0.964765
0.964765
0.964677
0.964677
0.964588
0.964588
0.964677
0.964677
0.964677
0.964588
0.969618
0.969618
0.969529
0.969529
0.969618
0.969529
0.969529
0.969529
0.969618
0.969529
0.969529
0.969529
0.969529
0.970147
0.973235
0.976500
0.979677
0.982853
0.985941
0.989118
0.992206
0.995471
0.998559
1.001736
1.004912
1.008089
1.011177
1.014353
1.017442
1.020706
1.018236
1.018236
1.018324
1.018236
1.018236
1.018324
1.018236
1.018147
1.018147
1.018147
1.018147
1.018059
1.018147
1.017795
1.023177
1.021059
1.018765
1.015589
1.012500
1.009942
1.010294
1.008441
1.005353
1.002177
1.000941
0.999971
0.996883
0.993706
0.991765
0.988588
0.986118
0.986118
0.986118
0.986206
0.986206
0.986294
0.986383
0.986471
0.986383
0.986471
0.986471
0.986559
0.986559
0.986206
0.977735
0.976588
0.975794
0.975794
0.975882
0.975265
0.971735
0.970412
0.970412
0.970588
0.969618
0.967412
0.967412
0.967412
0.966265
0.966177
0.966177
0.966177
0.966177
0.966177
0.966177
0.966000
0.966000
0.966000
0.966088
0.966088
0.966088
0.966265
0.966265
0.966353
0.966353
0.966265
0.966265
0.966265
0.966177
0.966177
0.966177
0.966177
0.966177
0.966000
0.965118
0.965118
0.965029
0.965029
0.965029
0.965118
0.965118
0.965118
0.965029
0.966882
0.966882
0.967412
0.967412
0.967412
0.967324
0.967588
0.976235
0.989206
1.002000
1.015147
1.028736
1.028912
1.028824
1.034912
1.034912
1.034824
1.034912
1.034824
1.034824
1.034736
1.034736
1.034648
1.034736
1.034648
1.034648
1.035795
1.047354
1.059001
1.070648
1.080442
1.091648
1.091207
1.091736
1.092001
1.094295
1.094030
1.085383
1.072236
1.059442
1.046295
1.032706
1.032530
1.032618
1.026530
1.026530
1.026618
1.026618
1.026706
1.026706
1.026706
1.026706
1.026795
1.026795
1.026883
1.026883
1.025647
1.015765
1.004559
0.993000
0.981353
0.970147
0.970147
0.974382
0.974118
0.971912
0.971912
0.971912
0.972000
0.972882
0.974471
0.974471
0.974559
0.974559
0.974559
0.974471
0.978000
0.978000
0.978000
0.978000
0.978088
0.978000
0.978000
0.978000
0.978000
0.977912
0.978000
0.976324
0.975882
0.975882
0.975882
0.975794
0.975794
0.971029
0.971029
0.971029
0.972000
0.987883
1.002177
1.007824
1.006236
1.006147
1.006147
1.006059
1.006059
1.006059
1.002530
1.002441
1.002441
1.002441
1.002353
1.002441
1.002441
1.002441
1.008706
1.020442
1.030059
1.030059
1.030059
1.030324
1.032353
1.032442
1.032442
1.032442
1.032442
1.032442
1.031383
1.015500
1.001118
0.994588
0.994588
0.994588
0.994588
0.994677
0.994677
0.994765
0.994677
0.994765
0.994765
0.994765
0.994765
0.994765
0.994765
0.994765
0.988500
0.976853
0.967147
0.967147
0.967147
0.966882
0.964853
0.964765
0.964765
0.964765
0.964765
0.964765
0.964765
0.964765
0.964765
0.964765
0.964765
0.964765
0.964765
0.964765
0.964765
0.964677
0.964765
0.964765
0.964765
0.964765
0.964853
0.964765
0.964765
0.964765
0.964765
0.964765
0.964853
0.964765
0.964765
0.964765
0.964765
0.964853
0.964765
0.964765
0.964765
0.964765
0.964853
0.964765
0.964765
0.964765
0.964765
0.964853
0.964853
0.964853
0.964853
0.964941
0.965735
0.965647
0.965647
0.968118
0.973941
0.974030
0.974030
0.974030
0.974030
0.974030
0.974030
0.974030
0.974030
0.974030
0.974030
0.974030
0.974118
0.974118
0.974030
0.974030
0.974030
0.974030
0.974030
0.974030
0.974030
0.973941
0.973941
0.973941
0.973941
0.973853
0.973059
0.976500
0.979853
0.977294
0.971559
0.971471
0.971471
0.971471
0.971647
0.972000
0.972000
0.972000
0.975441
0.978177
0.978088
0.978088
0.978088
0.978088
0.978088
0.978088
0.979765
0.985147
0.986735
0.986735
0.986735
0.986824
0.986735
0.986824
0.986824
0.986824
0.986824
0.983471
0.980118
0.980206
0.980118
0.980382
0.980382
0.980382
0.980735
0.980382
0.980382
0.980382
0.976941
0.974206
0.974294
0.974294
0.974294
0.974206
0.974294
0.974294
0.972618
0.967324
0.965647
0.965647
0.965647
0.965647
0.965647
0.965559
0.965559
0.965647
0.965647
0.965647
0.965559
0.965559
0.965559
0.965382
0.965559
0.965471
0.964941
0.964941
0.964941
0.965029
0.965029
0.964941
0.964941
0.964941
0.964941
0.964941
0.964941
0.964941
0.964941
0.964853
0.964941
0.964941
0.964941
0.964941
0.965029
0.964941
0.964941
0.964941
0.964941
0.964853
0.964941
0.964853
0.964853
0.964853
0.964677
0.964765
0.964677
0.964677
0.964677
0.964677
0.964588
0.964677
0.964677
0.964677
0.964588
0.964765
0.964677
0.964677
0.964677
0.964765
0.964765
0.964765
0.964677
0.964677
0.964677
0.964765
0.967147
0.967059
0.967059
0.967059
0.967059
0.967059
0.967059
0.967059
0.966971
0.966971
0.969000
0.972353
0.972441
0.972441
0.972529
0.972441
0.972441
0.972441
0.972529
0.972353
0.972441
0.972441
0.972441
0.972353
0.972353
0.972353
0.972441
0.972441
0.972441
0.972441
0.969971
0.970059
0.970059
0.970147
0.970147
0.970147
0.970147
0.970147
0.970235
0.970147
0.968206
0.964853
0.964765
0.964677
0.964677
0.964765
0.964853
0.967059
0.970412
0.970412
0.970412
0.970412
0.970412
0.980382
0.994941
1.004559
1.017353
1.017353
1.017265
1.017177
1.017265
1.017177
1.017177
1.017089
1.017089
1.017089
1.018677
1.019383
1.019383
1.019383
1.019383
1.023706
1.035353
1.047089
1.047089
1.047001
1.046912
1.047001
1.043648
1.043736
1.043736
1.043736
1.043736
1.033765
1.019206
1.014883
1.013824
1.025471
1.037295
1.049118
1.052912
1.053001
1.053001
1.053089
1.053089
1.053177
1.051854
1.053177
1.053089
1.053177
1.053177
1.048854
1.037206
1.025471
1.025471
1.025559
1.025559
1.023265
1.023177
1.023177
1.023177
1.023177
1.023089
1.023265
1.023177
1.017883
1.006147
0.994500
0.982765
0.970941
0.967235
0.967235
0.967147
0.967147
0.967147
0.967147
0.966794
0.964765
0.964853
0.964853
0.964853
0.964765
0.964765
0.964853
0.964853
0.964765
0.964765
0.964765
0.964853
0.964765
0.964765
0.964765
0.964853
0.964677
0.964765
0.964765
0.964765
0.964765
0.965824
0.965824
0.965735
0.965735
0.965735
0.965735
0.965735
0.965647
0.965735
0.965735
0.965735
0.965647
0.965647
0.965735
0.965735
0.965647
0.965647
0.966441
0.966441
0.966441
0.966529
0.966618
0.966618
0.966618
0.968824
0.969441
0.969441
0.969618
0.969618
0.969529
0.968471
0.968559
0.968559
0.968471
0.968559
0.968559
0.968471
0.968559
0.968559
0.968471
0.968471
0.968559
0.968471
0.968471
0.968471
0.968471
0.968471
0.967765
0.967677
0.967677
0.967588
0.967500
0.968382
0.974471
0.972265
0.971735
0.971647
0.971471
0.971471
0.971471
0.971471
0.971471
0.971471
0.971559
0.971471
0.971471
0.971471
0.971471
0.971471
0.971471
0.971471
0.971471
0.971559
0.971471
0.971471
0.971471
0.971471
0.971471
0.971471
0.971912
0.971912
0.972000
0.971118
0.965029
0.965382
0.968029
0.968294
0.968382
0.968382
0.969177
0.969794
0.970500
0.971206
0.972706
0.972794
0.973588
0.974824
0.975618
0.975530
0.975618
0.975530
0.976147
0.976147
0.976235
0.976235
0.976235
0.976235
0.976235
0.976324
0.975794
0.975794
0.975971
0.975971
0.975971
0.975618
0.972971
0.978441
0.979235
0.979235
0.978530
0.978177
0.977471
0.976765
0.975177
0.975177
0.974382
0.973235
0.972353
0.972441
0.972441
0.972529
0.971824
0.971824
0.971824
0.971824
0.971824
0.971824
0.971735
0.971735
0.971824
0.971735
0.971559
0.971559
0.971559
0.971471
0.971471
0.965824
0.964853
0.964853
0.964765
0.965294
0.966706
0.967765
0.967853
0.967853
0.967765
0.967765
0.967765
0.968735
0.969882
0.970324
0.970412
0.970324
0.970235
0.970235
0.970235
0.970147
0.970235
0.970235
0.970147
0.970235
0.970235
0.970147
0.970147
0.970235
0.970147
0.970147
0.970235
0.970235
0.970235
0.969441
0.968029
0.967147
0.967235
0.967235
0.967324
0.967235
0.967324
0.966353
0.965206
0.964677
0.964677
0.964765
0.964765
0.964765
0.964853
0.964941
0.964853
0.964853
0.964941
0.964853
0.964853
0.965471
0.972177
0.972177
0.973765
0.979853
0.980118
0.981530
0.981882
0.982677
0.982941
0.982677
0.982588
0.982588
0.982588
0.982588
0.982588
0.982588
0.982500
0.982588
0.982588
0.983471
0.983471
0.983471
0.983471
0.983383
0.983471
0.983471
0.983383
0.983471
0.983471
0.982853
0.976147
0.976147
0.974559
0.968471
0.968206
0.966794
0.966529
0.965647
0.965382
0.965471
0.965382
0.965382
0.965382
0.965471
0.965382
0.965382
0.965471
0.965382
0.965382
0.964500
0.964500
0.964500
0.964500
0.964588
0.964500
0.964500
0.969441
0.970412
0.970412
0.970412
0.970588
0.970588
0.970588
0.970588
0.970588
0.970500
0.970500
0.970588
0.970588
0.970588
0.970588
0.970588
0.970588
0.970588
0.970588
0.970588
0.970588
0.970588
0.970588
0.970588
0.970588
0.970588
0.970588
0.970500
0.970588
0.970588
0.965647
0.964677
0.964677
0.964677
0.964500
0.964500
0.964500
0.964500
0.964500
0.964500
0.964500
0.964500
0.964412
0.964412
0.964500
0.964412
0.964412
0.964412
0.964500
0.964412
0.964412
0.964500
0.964412
0.964412
0.964500
0.964412
0.964412
0.964412
0.964412
0.964412
0.964412
0.964412
0.964412
0.964500
0.964412
0.964412
0.964500
0.964500
0.964412
0.964500
0.964500
0.964412
0.964500
0.964500
0.964412
0.964500
0.964500
0.964412
0.964412
0.964412
0.964412
0.964412
0.964412
0.964412
0.964412
0.964412
0.964412
0.964412
0.964412
0.964412
0.964412
0.964412
0.964324
0.964324
0.964412
0.964324
0.964324
0.964324
0.964324
0.964324
0.964324
0.964324
0.964324
0.964235
0.964324
0.964324
0.964235
0.964324
0.964324
0.964412
0.964324
0.964324
0.964412
0.964324
0.964324
0.964324
0.964324
0.964412
0.964324
0.964324
0.964324
0.964324
0.964412
0.964324
0.964324
0.964324
0.964324
0.964324
0.964412
0.964324
0.964324
0.964324
0.964324
0.964412
0.964412
0.964324
0.964412
0.964324
0.964324
0.964324
0.964412
0.964324
0.969265
0.969794
0.969706
0.972529
0.973059
0.973059
0.973147
0.973059
0.973147
0.973147
0.973059
0.973147
0.973147
0.973147
0.973147
0.973147
0.973059
0.973147
0.973147
0.973147
0.973147
0.973059
0.973059
0.973147
0.973147
0.973147
0.973147
0.973147
0.973059
0.973147
0.968206
0.967677
0.967765
0.964941
0.964412
0.964412
0.964412
0.964412
0.964412
0.964412
0.964412
0.964412
0.964412
0.964412
0.964412
0.964324
0.964412
0.964412
0.964324
0.964412
0.964324
0.964412
0.964324
0.964324
0.964324
0.964324
0.964324
0.964324
0.964324
0.964324
0.964324
0.964324
0.964324
0.964412
0.964324
0.964324
0.964324
0.964324
0.964324
0.964324
0.964324
0.964324
0.964324
0.964324
0.964324
0.964412
0.964324
0.964324
0.964324
0.964324
0.964412
0.964412
0.964412
0.964412
0.964324
0.964412
0.964412
0.964324
0.964412
0.964412
0.964324
0.964412
0.964412
0.964324
0.964412
0.964412
0.964324
0.964412
0.964324
0.964324
0.964412
0.964324
0.964324
0.964324
0.964324
0.964324
0.964324
0.964324
0.969353
0.972971
0.972971
0.972882
0.978618
0.978618
0.978706
0.978706
0.978618
0.978706
0.978706
0.978618
0.978706
0.978706
0.978618
0.978706
0.978706
0.978618
0.978706
0.978706
0.978706
0.978706
0.978706
0.978706
0.978706
0.978706
0.978706
0.978706
0.978706
0.978706
0.973765
0.970059
0.970059
0.970059
0.964412
0.964324
0.964324
0.964324
0.964324
0.964324
0.964324
0.964324
0.964324
0.964235
0.964324
0.964324
0.964235
0.964324
0.964324
0.964235
0.964324
0.964324
0.964235
0.964324
0.964235
0.964324
0.964324
0.964235
0.964324
0.964324
0.964235
0.964324
0.964324
0.964324
0.964324
0.964324
0.964324
0.964324
0.964324
0.964324
0.964235
0.964324
0.964324
0.964412
0.964324
0.964324
0.964324
0.964324
0.964324
0.964324
0.964324
0.964235
0.964324
0.964324
0.964412
0.964324
0.964235
0.964324
0.964324
0.964324
0.964324
0.964324
0.964324
0.964324
0.964324
0.964412
0.964324
0.964324
0.964412
0.964324
0.964412
0.964412
0.964324
0.964324
0.964412
0.964324
0.964412
0.964324
0.964324
0.964412
0.964324
0.964412
0.964412
0.964324
0.964324
0.964324
0.964412
0.964412
0.964324
0.964324
0.964324
0.964324
0.964324
0.964324
0.964324
0.964235
0.964324
0.964324
0.964235
0.964324
0.964324
0.964235
0.964324
0.964324
0.964235
0.964324
0.964235
0.964324
0.964324
0.964235
0.964324
0.964324
0.964235
0.964324
0.964324
0.964412
0.964324
0.964324
0.968206
0.969971
0.970059
0.970059
0.969971
0.970059
0.970059
0.970147
0.970059
0.974294
0.974735
0.974735
0.974647
0.975177
0.975177
0.975088
0.975177
0.975088
0.975177
0.975177
0.975088
0.975177
0.975177
0.975088
0.975177
0.975088
0.975088
0.975000
0.975088
0.975088
0.971206
0.969441
0.969353
0.969353
0.969441
0.969353
0.969353
0.969265
0.969353
0.965118
0.964765
0.964765
0.964765
0.964324
0.964235
0.964324
0.964324
0.964324
0.964324
0.964324
0.964324
0.964324
0.964324
0.964324
0.964324
0.964324
0.964324
0.964412
0.964324
0.964324
0.964324
0.964324
0.964412
0.964324
0.964324
0.964324
0.964324
0.964412
0.964324
0.964324
0.964235
0.964235
0.964324
0.964235
0.964324
0.964235
0.964235
0.964324
0.964412
0.973324
0.973500
0.973500
0.973412
0.973500
0.973677
0.973765
0.973677
0.978265
0.978353
0.978353
0.978353
0.978353
0.978353
0.978441
0.978353
0.978441
0.978441
0.978353
0.978441
0.978441
0.978441
0.978441
0.978441
0.978530
0.978441
0.978530
0.978530
0.978441
0.978353
0.969441
0.969265
0.969265
0.969353
0.969265
0.969088
0.969088
0.969088
0.964500
0.964500
0.964412
0.964677
0.970059
0.970059
0.970941
0.975088
0.975088
0.975088
0.975177
0.975088
0.975088
0.975177
0.975088
0.975088
0.975088
0.975177
0.975177
0.975088
0.975177
0.975088
0.975088
0.975177
0.975177
0.975088
0.975177
0.975177
0.975177
0.975177
0.975177
0.975177
0.975177
0.975000
0.969618
0.969618
0.968647
0.964588
0.964588
0.964588
0.964500
0.964588
0.964588
0.964588
0.964677
0.964588
0.964588
0.964588
0.964588
0.964677
0.964588
0.964677
0.964677
0.964677
0.964677
0.964765
0.964765
0.964765
0.964765
0.964765
0.964765
0.964765
0.964853
0.964853
0.965206
0.965735
0.966882
0.967412
0.967412
0.969794
0.972971
0.972882
0.975882
0.976324
0.976324
0.976412
0.976677
0.976677
0.976677
0.976588
0.976677
0.976677
0.976677
0.977647
0.977735
0.977735
0.977735
0.977735
0.977647
0.977735
0.977735
0.977647
0.977647
0.977647
0.977294
0.976677
0.975618
0.975088
0.975000
0.972618
0.969529
0.969618
0.966529
0.966088
0.966088
0.966000
0.965824
0.965824
0.965912
0.966000
0.966088
0.966088
0.966088
0.965206
0.965735
0.967853
0.989030
1.018147
1.045854
1.072060
1.099501
1.124472
1.142472
1.142472
1.142560
1.146795
1.146795
1.146795
1.146884
1.148648
1.148648
1.148648
1.148737
1.148648
1.148648
1.148737
1.148560
1.148560
1.148472
1.148472
1.148295
1.148295
1.149354
1.149266
1.148648
1.146442
1.125266
1.096148
1.068530
1.042236
1.014794
0.989912
0.971912
0.971824
0.972177
0.972353
0.972353
0.972353
0.972265
0.971206
0.973059
0.973059
0.972971
0.973059
0.972971
0.972882
0.972971
0.972882
0.972882
0.972794
0.972882
0.972794
0.972529
0.972794
0.975971
0.975971
0.975882
0.975882
0.975794
0.975882
0.975794
0.976500
0.977030
0.977118
0.976677
0.972618
0.972529
0.972529
0.972618
0.971824
0.969971
0.970853
0.974206
0.974118
0.974206
0.974206
0.975971
0.979059
0.981706
0.983471
0.983471
0.983471
0.982677
0.982324
0.979059
0.979059
0.979147
0.979059
0.979059
0.979059
0.979059
0.978353
0.977824
0.977735
0.979235
0.989206
0.993971
0.993883
0.998206
1.004118
1.009853
1.014706
1.013736
1.013736
1.013647
1.013736
1.012324
1.009236
1.006500
1.004736
1.004647
1.004736
1.004736
1.004736
1.004824
1.005177
1.007206
1.007206
1.007294
1.007294
1.007383
1.007294
1.007294
1.007294
1.005794
0.995471
0.990794
0.990883
0.986471
0.980647
0.974912
0.969088
0.966794
0.966882
0.966882
0.966882
0.966441
0.966529
0.966529
0.966618
0.966706
0.966618
0.966618
0.966618
0.966618
0.966353
0.966529
0.966529
0.966529
0.966529
0.966441
0.966529
0.966441
0.966529
0.966529
0.966529
0.966529
0.966441
0.966529
0.966441
0.966441
0.966441
0.966441
0.966441
0.966706
0.966882
0.973677
0.973588
0.986735
1.002000
1.010559
1.016647
1.017706
1.017706
1.017706
1.017618
1.015324
1.015412
1.015324
1.015236
1.015236
1.016471
1.021677
1.026883
1.028295
1.035353
1.046912
1.056089
1.056001
1.056707
1.057148
1.059354
1.063148
1.064648
1.064383
1.064207
1.057501
1.057501
1.044442
1.034824
1.037912
1.043471
1.053971
1.065707
1.066412
1.066501
1.066589
1.066589
1.066589
1.066677
1.068530
1.067736
1.062618
1.057324
1.055912
1.048854
1.037295
1.028118
1.028206
1.027589
1.027059
1.024942
1.021059
1.019559
1.019559
1.020089
1.020177
1.020177
1.020177
1.014442
1.003677
0.992030
0.980471
0.968735
0.968029
0.967941
0.967941
0.967941
0.972265
0.974294
0.974912
0.974471
0.974382
0.974471
0.974471
0.984353
0.995912
1.007647
1.012324
1.013294
1.013383
1.017177
1.018236
1.018147
1.018147
1.017530
1.017353
1.017442
1.017353
1.017442
1.016471
1.016559
1.016471
1.026000
1.037648
1.044354
1.044265
1.045148
1.042236
1.041177
1.038706
1.038706
1.038795
1.038706
1.038706
1.028824
1.017265
1.016030
1.023000
1.033589
1.045236
1.050265
1.049295
1.049295
1.049383
1.049471
1.049471
1.049471
1.051854
1.052206
1.052295
1.052206
1.052295
1.042765
1.031118
1.024412
1.024500
1.023530
1.022118
1.021147
1.021147
1.023000
1.023883
1.023883
1.023795
1.023883
1.023883
1.013383
1.003677
0.992118
0.980471
0.971647
0.971559
0.971647
0.971559
0.972706
0.976059
0.976412
0.974030
0.973677
0.973588
0.973941
0.973941
0.973941
0.977647
0.980382
0.983824
0.983824
0.983912
0.983824
0.983824
0.981882
0.980912
0.980912
0.981000
0.981000
0.980912
0.980912
0.978971
0.978971
0.978882
0.978882
0.978882
0.978882
0.978882
0.977735
0.974382
0.974030
0.977294
0.977294
0.977294
0.977030
0.976941
0.977030
0.973235
0.970588
0.967059
0.967147
0.967147
0.967147
0.967235
0.967235
0.967324
0.967324
0.967324
0.967235
0.967324
0.967324
0.967324
0.967235
0.967324
0.967324
0.967324
0.967324
0.967324
0.967324
0.967412
0.967324
0.964059
0.964059
0.964147
0.964059
0.964059
0.964059
0.964147
0.964059
0.964147
0.964059
0.964059
0.964059
0.964059
0.964147
0.964059
0.964147
0.964147
0.964147
0.964147
0.964147
0.964147
0.964235
0.964147
0.964147
0.964147
0.964147
0.964147
0.964147
0.964059
0.964147
0.964147
0.964147
0.964059
0.965559
0.965647
0.965559
0.965471
0.965559
0.965559
0.965559
0.965559
0.965559
0.965559
0.965471
0.965559
0.965471
0.965471
0.965471
0.965471
0.965471
0.965471
0.965471
0.965471
0.965471
0.965471
0.965471
0.965471
0.965471
0.965471
0.965471
0.965471
0.965471
0.965471
0.964059
0.963971
0.964059
0.964059
0.964059
0.963971
0.964059
0.964059
0.964059
0.964059
0.964147
0.964059
0.964147
0.964059
0.964147
0.964059
0.964147
0.964059
0.964677
0.971294
0.971559
0.971647
0.971559
0.971647
0.971559
0.971647
0.971559
0.971647
0.971559
0.971647
0.971647
0.971735
0.971647
0.971735
0.971647
0.971735
0.971735
0.971647
0.971735
0.972441
0.972441
0.972441
0.972441
0.972529
0.972441
0.972529
0.972529
0.972529
0.971912
0.965382
0.965382
0.965294
0.965382
0.965382
0.965382
0.965382
0.965382
0.965382
0.965471
0.965382
0.965382
0.965382
0.965382
0.965382
0.965382
0.965382
0.965294
0.965382
0.965382
0.964588
0.964588
0.964588
0.964588
0.964588
0.964588
0.964588
0.964500
0.964588
0.964588
0.964500
0.964235
0.964235
0.964235
0.964235
0.964235
0.964235
0.964324
0.964235
0.964235
0.964324
0.964235
0.964235
0.964500
0.965735
0.965824
0.965735
0.965824
0.965824
0.965735
0.965824
0.965824
0.965824
0.965824
0.966000
0.966177
0.966177
0.966177
0.966177
0.966177
0.966177
0.966177
0.969794
0.969706
0.969706
0.969794
0.969706
0.973059
0.973235
0.973235
0.973147
0.973235
0.973147
0.972971
0.971735
0.971647
0.971735
0.971824
0.971824
0.971912
0.971824
0.971912
0.971912
0.971912
0.971647
0.971559
0.971559
0.971559
0.971559
0.971471
0.971559
0.971559
0.967941
0.968029
0.967941
0.967941
0.968029
0.964588
0.965471
0.965471
0.965471
0.965471
0.965471
0.965471
0.965647
0.965912
0.965912
0.965735
0.965735
0.965647
0.965824
0.965647
0.970235
0.970147
0.970235
0.970235
0.970147
0.970235
0.970235
0.970235
0.970588
0.970588
0.970588
0.970588
0.970588
0.970588
0.970677
0.970765
0.969706
0.969706
0.969706
0.969706
0.969706
0.973412
0.973324
0.973147
0.973147
0.975530
0.975706
0.975794
0.975706
0.975794
0.971294
0.971471
0.971559
0.971559
0.972177
0.972529
0.973677
0.973765
0.973853
0.973853
0.974030
0.974030
0.974647
0.974912
0.974824
0.974824
0.974912
0.975353
0.975794
0.975794
0.975882
0.972177
0.972088
0.974735
0.974735
0.972441
0.975441
0.980471
0.980471
0.980471
0.980471
0.980294
0.980118
0.980030
0.979412
0.978971
0.977824
0.980735
0.984883
0.984794
0.984706
0.984706
0.984088
0.983824
0.983735
0.983735
0.983647
0.983206
0.982765
0.982765
0.982677
0.982588
0.982588
0.979941
0.979853
0.979765
0.976588
0.971471
0.971471
0.971382
0.971382
0.971471
0.971471
0.971471
0.971559
0.971647
0.971559
0.968824
0.964147
0.964588
0.964500
0.964412
0.964677
0.964588
0.964588
0.964588
0.964588
0.965029
0.965471
0.965471
0.965559
0.965647
0.965559
0.965559
0.965559
0.965647
0.965647
0.965647
0.965559
0.965647
0.965559
0.965471
0.965559
0.965647
0.965559
0.965471
0.965559
0.965382
0.965382
0.965029
0.965029
0.965118
0.966000
0.966088
0.966088
0.966088
0.966088
0.965647
0.965206
0.965118
0.965471
0.966000
0.971559
0.974118
0.974206
0.974206
0.974118
0.974206
0.974294
0.974206
0.974294
0.974382
0.974294
0.974294
0.974382
0.974382
0.974382
0.974294
0.974382
0.974912
0.974912
0.974912
0.973765
0.975088
0.989206
1.014089
1.037559
1.060677
1.083001
1.104442
1.124560
1.142825
1.154472
1.171148
1.189237
1.189237
1.189237
1.189149
1.189149
1.189149
1.189060
1.189060
1.189060
1.188972
1.188972
1.188972
1.188972
1.188972
1.188884
1.188354
1.188354
1.188266
1.188354
1.187560
1.174501
1.149531
1.126148
1.102942
1.080618
1.059265
1.038706
1.019824
1.002618
0.983294
0.965206
0.965118
0.965118
0.966177
0.971029
0.971029
0.971029
0.971029
0.971029
0.971029
0.970941
0.970941
0.970941
0.970941
0.970941
0.970853
0.970853
0.970941
0.970853
0.970235
0.969177
0.969177
0.969177
0.969177
0.969177
0.969088
0.969088
0.969088
0.969088
0.969088
0.969000
0.969088
0.969088
0.968029
0.963088
0.963176
0.963176
0.963176
0.963176
0.963265
0.963265
0.963353
0.963265
0.963265
0.963353
0.963441
0.963441
0.963441
0.963441
0.963529
0.963529
0.963618
0.963529
0.963618
0.963618
0.963618
0.963706
0.963794
0.963794
0.963794
0.963882
0.963794
0.963794
0.963882
0.963882
0.963882
0.963882
0.963882
0.963971
0.963882
0.963882
0.963882
0.963971
0.963971
0.963882
0.963882
0.963971
0.963882
0.963882
0.963882
0.963971
0.963882
0.963882
0.963882
0.963882
0.963882
0.963882
0.963794
0.963882
0.963882
0.963794
0.963882
0.963882
0.963882
0.963971
0.964941
0.971824
0.979765
0.979677
0.979765
0.979765
0.979765
0.979765
0.979765
0.979853
0.979765
0.979765
0.979765
0.979853
0.979765
0.979765
0.979765
0.979853
0.979765
0.979853
0.979853
0.979853
0.979853
0.979853
0.979853
0.979853
0.979853
0.979853
0.979853
0.979765
0.978794
0.972000
0.963971
0.963971
0.963971
0.963971
0.963971
0.963882
0.963971
0.963882
0.963971
0.963882
0.963971
0.963882
0.963971
0.963882
0.963971
0.963882
0.963971
0.963882
0.963971
0.963971
0.963971
0.963882
0.963971
0.963971
0.963971
0.963971
0.963971
0.963971
0.963882
0.963882
0.963882
0.963882
0.963882
0.963971
0.963882
0.963882
0.963882
0.963882
0.963794
0.963882
0.963882
0.963882
0.963882
0.963882
0.963882
0.963971
0.963882
0.963882
0.963882
0.963794
0.963882
0.963882
0.963882
0.963882
0.963794
0.963882
0.963794
0.963882
0.963882
0.963882
0.963882
0.963971
0.963882
0.963882
0.963882
0.963882
0.963882
0.964147
0.967765
0.967765
0.967677
0.967765
0.967677
0.967765
0.967677
0.967588
0.967677
0.967765
0.967677
0.967853
0.968735
0.969706
0.970588
0.972000
0.972441
0.972706
0.973059
0.973324
0.973677
0.974030
0.974382
0.974647
0.975000
0.975265
0.975618
0.975971
0.976235
0.976324
0.973059
0.973324
0.973677
0.973941
0.974294
0.974559
0.974912
0.975265
0.975530
0.975794
0.976147
0.976324
0.975706
0.975088
0.974382
0.973324
0.973235
0.973235
0.973235
0.973235
0.973235
0.973147
0.973147
0.973147
0.973147
0.973147
0.973147
0.973059
0.975530
0.976677
0.976677
0.978706
0.984883
0.990971
0.996530
1.002441
1.007471
1.007206
1.006941
1.006589
1.006324
1.005971
1.005706
1.005441
1.005177
1.004912
1.004559
1.004294
1.003941
1.003677
1.003324
1.003059
1.002706
1.002353
1.002089
1.001736
1.006412
1.006324
1.003589
1.002177
1.001824
0.999441
0.993000
0.986559
0.980647
0.974471
0.969088
0.969088
0.969000
0.969088
0.969088
0.969088
0.969000
0.969000
0.969000
0.969000
0.969000
0.969000
0.969000
0.968912
0.969000
0.968912
0.969000
0.969000
0.969000
0.969000
0.963971
0.963882
0.963794
0.963794
0.963794
0.963882
0.963794
0.963882
0.963882
0.963882
0.963882
0.963794
0.963882
0.963882
0.963794
0.963794
0.963882
0.963794
0.963882
0.963794
0.963882
0.963882
0.963882
0.963882
0.963882
0.963882
0.963882
0.963882
0.963882
0.963882
0.963882
0.963882
0.963971
0.963882
0.963882
0.963882
0.963882
0.963794
0.963882
0.963882
0.963794
0.963882
0.963882
0.963794
0.963794
0.963882
0.963794
0.963794
0.963794
0.963794
0.963706
0.963706
0.963706
0.963794
0.963706
0.963794
0.963706
0.963706
0.963706
0.963706
0.963794
0.963706
0.963706
0.963706
0.963794
0.963706
0.963794
0.963794
0.963794
0.963706
0.963882
0.963794
0.963706
0.963794
0.963794
0.968471
0.970588
0.970677
0.970588
0.970677
0.970677
0.971471
0.979412
0.979324
0.982941
0.983118
0.983206
0.983206
0.983206
0.983206
0.983206
0.983206
0.983206
0.983294
0.983206
0.983294
0.983206
0.983206
0.983206
0.983206
0.983206
0.983206
0.983294
0.983206
0.983294
0.978530
0.976500
0.976412
0.976500
0.976412
0.976500
0.975618
0.967677
0.967765
0.964147
0.963882
0.963882
0.963971
0.963882
0.963882
0.963882
0.963882
0.963882
0.963794
0.963794
0.963794
0.963794
0.963882
0.963794
0.963882
0.963794
0.963882
0.963794
0.963882
0.963794
0.963882
0.963794
0.963794
0.963794
0.963794
0.963706
0.963794
0.963794
0.963794
0.963794
0.963882
0.963794
0.963706
0.963794
0.963794
0.963794
0.963794
0.963794
0.963794
0.963882
0.963794
0.963882
0.963794
0.963794
0.963794
0.963882
0.963794
0.963794
0.963794
0.963794
0.963794
0.963794
0.963882
0.963794
0.963794
0.963882
0.963794
0.963882
0.963794
0.963882
0.963882
0.963882
0.963882
0.963882
0.963882
0.963794
0.963882
0.963882
0.963882
0.963882
0.963882
0.963882
0.963882
0.963882
0.963882
0.963794
0.963882
0.963882
0.963882
0.963882
0.963882
0.963882
0.963882
0.963882
0.963971
0.963882
0.963971
0.963882
0.963882
0.963882
0.963794
0.970235
0.970588
0.970588
0.970677
0.970677
0.970677
0.970588
0.970677
0.975441
0.975530
0.975530
0.975618
0.975618
0.975618
0.975706
0.975618
0.975706
0.975618
0.975706
0.975706
0.975706
0.975706
0.975794
0.975706
0.975706
0.975706
0.975794
0.975794
0.976059
0.980824
0.979412
0.984088
0.988941
0.996353
1.006147
1.011089
1.015589
1.015500
1.010647
1.010736
1.010736
1.010647
1.010736
1.010647
1.010559
1.010647
1.010559
1.010559
1.010559
1.010471
1.010471
1.010471
1.010383
1.010471
1.010471
1.010471
1.010471
1.011265
1.010912
1.006236
1.001206
0.996265
0.991412
0.983912
0.974206
0.969265
0.964765
0.964853
0.964853
0.964765
0.964677
0.964765
0.964765
0.964765
0.964765
0.964765
0.967059
0.970235
0.970235
0.973147
0.978618
0.982235
0.986912
0.990706
0.991236
0.991236
0.991236
0.990441
0.990706
0.995471
0.995471
0.995471
0.995471
0.995471
0.995471
0.995471
0.995471
0.995471
0.995559
0.995559
0.995559
0.995559
0.995471
0.995647
0.995824
0.995824
0.993618
0.990441
0.990441
0.987530
0.982147
0.978530
0.973853
0.970059
0.969529
0.969529
0.969529
0.969529
0.969353
0.964500
0.964588
0.964500
0.964500
0.964588
0.964500
0.964500
0.964588
0.964500
0.964500
0.964412
0.964500
0.964853
0.964853
0.964765
0.964677
0.964765
0.964677
0.964765
0.964677
0.964765
0.964677
0.964677
0.965382
0.966177
0.966265
0.966177
0.967677
0.969529
0.970941
0.973941
0.973853
0.976324
0.977471
0.980118
0.980735
0.982059
0.981971
0.985324
0.987088
0.987177
0.987530
0.987088
0.987177
0.987177
0.987088
0.987000
0.987088
0.987000
0.987088
0.987088
0.987177
0.989471
0.990088
0.989294
0.989294
0.990441
0.988941
0.987177
0.985677
0.982765
0.982765
0.980382
0.979147
0.976500
0.975971
0.974559
0.974647
0.971294
0.969529
0.969529
0.969088
0.969177
0.969088
0.969088
0.969177
0.969088
0.970853
0.972441
0.972441
0.972441
0.972353
0.970059
0.968824
0.969706
0.972088
0.972265
0.972265
0.972265
0.972265
0.972265
0.972265
0.972265
0.972265
0.972265
0.972177
0.972265
0.972265
0.972265
0.972265
0.972177
0.972265
0.972265
0.972265
0.972265
0.972265
0.972265
0.971912
0.978088
0.978000
0.978000
0.978088
0.978000
0.978000
0.977118
0.974647
0.973412
0.973412
0.973324
0.973412
0.978530
0.980030
0.980030
0.980118
0.980118
0.980118
0.980118
0.980118
0.980118
0.980118
0.980118
0.980118
0.980118
0.980206
0.980118
0.980118
0.980118
0.978706
0.971029
0.971029
0.971029
0.970941
0.971029
0.971029
0.970941
0.971029
0.971029
0.970941
0.971029
0.971029
0.968647
0.967500
0.967500
0.967412
0.967412
0.967412
0.967677
0.967588
0.967677
0.967677
0.967677
0.967677
0.967588
0.967588
0.967677
0.967588
0.967677
0.967588
0.967588
0.967588
0.967588
0.968029
0.967941
0.967941
0.967941
0.967941
0.967853
0.971559
0.971559
0.971471
0.969088
0.971824
0.971824
0.971824
0.971824
0.971912
0.971559
0.971647
0.971559
0.971559
0.971647
0.971559
0.971647
0.971647
0.971559
0.971647
0.971559
0.971647
0.971559
0.971647
0.971559
0.971206
0.971206
0.971206
0.971206
0.971206
0.971206
0.967588
0.967500
0.967588
0.967235
0.964147
0.964147
0.964147
0.964147
0.964147
0.964147
0.964147
0.964235
0.964235
0.964147
0.964235
0.964235
0.964147
0.964147
0.964147
0.964235
0.964147
0.964235
0.964235
0.964235
0.964235
0.964235
0.964235
0.964235
0.964235
0.964235
0.964235
0.964235
0.964235
0.964235
0.964235
0.964147
0.964235
0.964147
0.964147
0.964147
0.964147
0.964147
0.964059
0.964059
0.964059
0.963971
0.964059
0.964059
0.964059
0.963971
0.964059
0.963971
0.963971
0.963971
0.963971
0.963971
0.963971
0.963971
0.963971
0.963971
0.963971
0.963971
0.963971
0.963882
0.963971
0.963971
0.963882
0.963971
0.963882
0.963971
0.965029
0.965471
0.965559
0.965471
0.965471
0.965559
0.965559
0.965471
0.965471
0.965559
0.965471
0.965471
0.965471
0.969177
0.969177
0.969177
0.969177
0.969265
0.969177
0.969618
0.969618
0.969618
0.969618
0.969706
0.969618
0.969706
0.969706
0.969706
0.969794
0.969706
0.972000
0.975882
0.976059
0.976147
0.976147
0.976147
0.976059
0.976235
0.976235
0.976147
0.976235
0.976235
0.976235
0.972618
0.972529
0.972618
0.972529
0.972529
0.972618
0.972177
0.972177
0.972177
0.972177
0.972177
0.972177
0.972177
0.972177
0.972177
0.972353
0.972441
0.969088
0.964677
0.964500
0.964500
0.964500
0.964412
0.964500
0.964412
0.964500
0.964588
0.964500
0.964588
0.964500
0.964500
0.964500
0.964500
0.964588
0.964500
0.964500
0.964500
0.964500
0.964500
0.964500
0.964412
0.964500
0.964500
0.964500
0.964412
0.964235
0.964235
0.964147
0.964147
0.964147
0.964235
0.964235
0.964235
0.964235
0.964235
0.964147
0.964147
0.964147
0.964147
0.964235
0.964147
0.964235
0.964235
0.964235
0.964235
0.964235
0.964235
0.964235
0.964235
0.964235
0.964235
0.964235
0.964147
0.964147
0.964235
0.964235
0.964147
0.964147
0.964235
0.964147
0.964059
0.964059
0.964147
0.964059
0.964147
0.964059
0.964059
0.964059
0.964059
0.963971
0.964059
0.964412
0.964324
0.964235
0.964324
0.964324
0.964324
0.964235
0.964324
0.964324
0.964324
0.964324
0.964324
0.964412
0.964324
0.964235
0.964324
0.964412
0.964324
0.964412
0.964412
0.964412
0.964324
0.964412
0.964324
0.964412
0.964324
0.964324
0.964324
0.964412
0.964324
0.963882
0.963971
0.964059
0.963971
0.963971
0.963971
0.964059
0.964059
0.963971
0.964059
0.963971
0.964059
0.963971
0.964059
0.964059
0.964059
0.963971
0.964059
0.963971
0.964059
0.963971
0.964059
0.963971
0.969971
0.972529
0.972618
0.972706
0.972618
0.972618
0.972618
0.972706
0.972706
0.972618
0.972706
0.972618
0.972706
0.972618
0.972618
0.973147
0.976235
0.976235
0.976235
0.976324
0.976324
0.976324
0.976324
0.976324
0.976324
0.976412
0.976324
0.976412
0.976324
0.976412
0.970412
0.967853
0.967765
0.967765
0.967765
0.967765
0.967765
0.967765
0.967765
0.967765
0.967677
0.967765
0.967677
0.967765
0.967765
0.967235
0.964147
0.964235
0.964147
0.964059
0.964059
0.964147
0.964147
0.964147
0.964147
0.964147
0.964147
0.964147
0.964235
0.964147
0.964235
0.964147
0.964235
0.964147
0.964147
0.964147
0.964235
0.964147
0.964147
0.964147
0.964235
0.964147
0.964147
0.964147
0.964147
0.964147
0.964147
0.964059
0.964147
0.964147
0.964147
0.964059
0.964059
0.964059
0.964059
0.963971
0.964059
0.964059
0.963971
0.963971
0.963971
0.963971
0.963971
0.963971
0.964059
0.963971
0.963882
0.963971
0.963971
0.963971
0.963882
0.963971
0.964059
0.963971
0.963971
0.963971
0.963971
0.963971
0.963971
0.963971
0.963971
0.963971
0.963882
0.963971
0.963971
0.963971
0.963971
0.963882
0.964059
0.964059
0.964059
0.964059
0.964059
0.964059
0.970412
0.984706
0.998206
1.006677
1.006589
1.006677
1.006765
1.006677
1.006677
1.006765
1.006677
1.006765
1.006677
1.006765
1.006677
1.006765
1.006677
1.006765
1.012236
1.023883
1.034383
1.034383
1.034559
1.034912
1.036853
1.036942
1.036853
1.036942
1.036853
1.036942
1.030589
1.016294
1.009589
1.012677
1.024324
1.035971
1.047530
1.050177
1.050089
1.050089
1.050177
1.050089
1.050177
1.050706
1.052471
1.052471
1.052559
1.052471
1.047089
1.035353
1.024853
1.024942
1.024677
1.024412
1.022295
1.022295
1.022383
1.022295
1.022383
1.022295
1.022295
1.022383
1.015589
1.004030
0.992383
0.980735
0.969088
0.966529
0.966529
0.966529
0.966441
0.966441
0.966441
0.965912
0.964147
0.964059
0.964059
0.964059
0.964059
0.964059
0.964059
0.964059
0.964059
0.964059
0.964059
0.964059
0.963971
0.964059
0.963971
0.964059
0.963971
0.963882
0.963971
0.963971
0.963971
0.963882
0.963971
0.963882
0.963882
0.963882
0.963971
0.963971
0.963882
0.963882
0.963971
0.963971
0.963882
0.963971
0.963882
0.963882
0.963882
0.963882
0.963882
0.963882
0.963882
0.963882
0.963882
0.963794
0.964059
0.964059
0.964147
0.967853
0.967765
0.967765
0.967765
0.967853
0.967765
0.967853
0.967853
0.967853
0.967765
0.967853
0.967853
0.967853
0.967765
0.967853
0.967853
0.967853
0.967853
0.967941
0.967853
0.967853
0.967853
0.967853
0.967853
0.971206
0.971559
0.971647
0.971382
0.971294
0.971294
0.967588
0.967677
0.967588
0.967677
0.967588
0.967588
0.967588
0.967588
0.967588
0.967588
0.967588
0.967677
0.967588
0.967588
0.967588
0.967677
0.967588
0.967588
0.967588
0.967588
0.967588
0.967588
0.967588
0.967677
0.964235
0.963882
0.963882
0.963971
0.963971
0.963882
0.963971
0.963971
0.963971
0.963971
0.970853
0.970941
0.970853
0.970941
0.970941
0.970941
0.970941
0.970941
0.970941
0.971029
0.971029
0.970941
0.971029
0.971118
0.971029
0.971118
0.971029
0.971118
0.971029
0.971029
0.971029
0.971029
0.971029
0.970941
0.972706
0.972882
0.972882
0.972794
0.972882
0.972794
0.966000
0.965912
0.966000
0.965912
0.965912
0.965912
0.965912
0.965824
0.965912
0.965824
0.965735
0.965824
0.965735
0.965735
0.965735
0.965735
0.965735
0.965735
0.965735
0.965735
0.965735
0.965824
0.965735
0.965824
0.964059
0.963882
0.963882
0.964853
0.964765
0.964853
0.964765
0.965029
0.964941
0.964941
0.964853
0.964941
0.964853
0.964853
0.964765
0.964853
0.964853
0.964765
0.964853
0.964853
0.964853
0.964765
0.964853
0.964853
0.964853
0.964765
0.964853
0.964853
0.964853
0.964853
0.964853
0.964941
0.964941
0.964059
0.964059
0.963971
0.964059
0.963882
0.963882
0.963882
0.963971
0.963971
0.963971
0.963971
0.964059
0.964059
0.964059
0.964147
0.964059
0.964059
0.964059
0.964147
0.964059
0.964059
0.964059
0.964147
0.964059
0.964059
0.964059
0.964059
0.964059
0.964059
0.963971
0.963882
0.963971
0.963971
0.963882
0.964941
0.965029
0.965735
0.966618
0.966529
0.966618
0.966706
0.968382
0.971206
0.971294
0.971206
0.971294
0.971206
0.971294
0.971206
0.971294
0.971206
0.971206
0.973235
0.974471
0.974382
0.974471
0.974382
0.974471
0.974382
0.974471
0.974471
0.974471
0.974471
0.974471
0.973412
0.973324
0.972618
0.971735
0.971735
0.971735
0.971647
0.969971
0.967059
0.966971
0.967059
0.966971
0.967059
0.966971
0.967059
0.966971
0.966971
0.967059
0.964941
0.963794
0.963794
0.963794
0.963882
0.963794
0.963794
0.963794
0.963882
0.963794
0.963794
0.963882
0.963794
0.963794
0.963882
0.963882
0.963882
0.963794
0.963882
0.963882
0.963882
0.963882
0.963882
0.963971
0.963882
0.963971
0.963882
0.963971
0.963971
0.963971
0.963971
0.963971
0.963971
0.963882
0.963882
0.963882
0.963971
0.963882
0.963882
0.963882
0.963882
0.963882
0.963971
0.963971
0.963882
0.963882
0.963882
0.963882
0.963882
0.963794
0.963794
0.963882
0.963882
0.963794
0.963794
0.963794
0.963794
0.963706
0.963794
0.963794
0.963794
0.963706
0.963794
0.963794
0.963706
0.963794
0.963794
0.963794
0.963794
0.963794
0.963794
0.963794
0.963706
0.963794
0.963794
0.963706
0.963794
0.963882
0.963794
0.963794
0.963882
0.963794
0.963706
0.963794
0.963794
0.963706
0.963794
0.963794
0.963706
0.963706
0.963706
0.963794
0.963706
0.963794
0.963882
0.963794
0.963794
0.963794
0.963794
0.963882
0.963882
0.963882
0.963882
0.963882
0.963971
0.963971
0.963971
0.963971
0.963971
0.964059
0.964059
0.964147
0.964147
0.964147
0.964235
0.964235
0.964235
0.964324
0.964412
0.964324
0.964412
0.964324
0.964412
0.964412
0.964412
0.964412
0.964412
0.964412
0.964412
0.964412
0.964412
0.964412
0.964412
0.964412
0.964324
0.964412
0.964412
0.964324
0.964412
0.964412
0.964324
0.964324
0.964324
0.964324
0.964235
0.964324
0.964235
0.964235
0.964235
0.964235
0.964235
0.964235
0.964235
0.964235
0.964147
0.964235
0.964147
0.964235
0.964235
0.964147
0.964147
0.964147
0.964235
0.964147
0.964235
0.964147
0.964147
0.964235
0.964147
0.964147
0.964147
0.964147
0.964235
0.964235
0.964235
0.964235
0.964235
0.964235
0.964235
0.964235
0.964235
0.964324
0.964235
0.964235
0.964324
0.964235
0.964324
0.964235
0.964235
0.967941
0.968029
0.967941
0.967941
0.968029
0.967941
0.968029
0.968029
0.967941
0.968029
0.968029
0.968029
0.968029
0.967941
0.967941
0.968029
0.968029
0.968029
0.968029
0.968029
0.968029
0.968029
0.968029
0.968029
0.968029
0.967941
0.968029
0.968029
0.968118
0.968029
0.964412
0.964324
0.964412
0.964412
0.964412
0.964412
0.964412
0.964324
0.964412
0.964412
0.964324
0.964412
0.964324
0.964412
0.964412
0.964324
0.964324
0.964324
0.964324
0.964324
0.964324
0.964324
0.964324
0.964324
0.964324
0.964412
0.964412
0.964324
0.964324
0.964412
0.964324
0.964412
0.964412
0.964324
0.967941
1.024147
1.078413
1.132942
1.187560
1.238737
1.291326
1.343914
1.396415
1.449091
1.500357
1.553122
1.605887
1.659358
1.711770
1.763917
1.818006
1.871035
1.919036
1.960065
2.002860
2.044948
2.084743
2.084743
2.084831
2.084743
2.084831
2.086772
2.093655
2.093743
2.090125
2.033919
1.979654
1.925212
1.870594
1.819417
1.766917
1.714240
1.661828
1.609151
1.557886
1.505210
1.452444
1.399062
1.351767
1.345767
1.333502
1.325561
1.326620
1.331650
1.336150
1.338797
1.345944
1.397121
1.450239
1.500798
1.558239
1.610298
1.657152
1.710976
1.763211
1.814741
1.867153
1.919477
1.970830
2.018036
2.070890
2.133802
2.189302
2.244273
2.297656
2.351568
2.407157
2.462657
2.511804
2.521863
2.534569
2.544540
2.551511
2.561658
2.569334
2.581070
2.589452
2.592540
2.593687
2.598805
2.596246
2.597129
2.598629
2.544805
2.492481
2.441039
2.388627
2.336215
2.284862
2.237567
2.184714
2.121802
2.066301
2.011331
1.957860
1.904124
1.848976
1.794182
1.741417
1.686975
1.633063
1.577916
1.521886
1.465768
1.411327
1.354767
1.309767
1.262649
1.213678
1.163384
1.113795
1.064207
1.014265
1.019559
1.025912
1.031206
1.034383
1.034383
1.034295
1.034383
1.034295
1.034295
1.034206
1.034118
1.034206
1.041530
1.041265
1.040471
1.038971
1.037118
1.036501
1.036501
1.036501
1.036501
1.036059
1.036059
1.025736
1.018589
1.013206
1.007912
1.002530
0.997236
0.991853
0.986559
0.980294
0.974912
0.971735
0.971735
0.971824
0.971735
0.971824
0.971912
0.971912
0.972000
0.971912
0.964412
0.964147
0.964235
0.964235
0.964235
0.964324
0.964324
0.964324
0.964324
0.964147
0.964147
0.964147
0.964235
0.964147
0.964059
0.964147
0.967500
0.969265
0.969618
0.969618
0.969706
0.969706
0.969794
0.969971
0.976235
0.999000
1.025736
1.053618
1.080530
1.103383
1.125972
1.148295
1.150148
1.150148
1.150237
1.150237
1.150237
1.150237
1.150678
1.150678
1.150766
1.150678
1.150678
1.150766
1.150854
1.150766
1.147413
1.145648
1.145295
1.145295
1.145207
1.145207
1.145119
1.144942
1.138678
1.115913
1.089089
1.061295
1.034295
1.012147
0.989559
0.967235
0.965294
0.965294
0.965206
0.965206
0.965206
0.965206
0.964677
0.964765
0.972706
0.988324
1.001912
1.001824
1.001824
1.001912
1.001824
1.001912
1.001824
1.001824
1.001824
1.001824
1.001824
1.001824
1.001824
1.001736
1.002000
1.005883
1.017530
1.028383
1.028824
1.028912
1.028912
1.031206
1.031559
1.031559
1.031648
1.031648
1.031736
1.031736
1.023795
1.010471
1.008441
1.020089
1.031736
1.043648
1.047530
1.047530
1.047618
1.047618
1.049824
1.051501
1.051854
1.053883
1.053971
1.054059
1.053883
1.050001
1.038442
1.026883
1.026442
1.026442
1.026530
1.024147
1.023883
1.023883
1.023883
1.023883
1.023883
1.023883
1.023795
1.021589
1.010030
0.998471
0.986735
0.974824
0.971029
0.971029
0.971029
0.970941
0.968824
0.967147
0.966882
0.964853
0.964765
0.964765
0.964765
0.964765
0.964765
0.964853
0.964853
0.964853
0.964765
0.964853
0.964853
0.964853
0.964853
0.964765
0.964765
0.970588
0.981794
0.993883
1.006765
1.019559
1.019559
1.019559
1.027677
1.027589
1.027589
1.027677
1.027589
1.027500
1.027500
1.027500
1.027500
1.027412
1.027412
1.027324
1.027324
1.027236
1.027236
1.038265
1.049912
1.061559
1.073118
1.083795
1.083795
1.083883
1.084148
1.080266
1.069148
1.057059
1.044177
1.031383
1.031383
1.031383
1.023265
1.030059
1.041618
1.053530
1.069060
1.082648
1.082648
1.082648
1.082736
1.082824
1.082736
1.083089
1.086089
1.086177
1.086177
1.075148
1.063589
1.051942
1.040295
1.029618
1.029618
1.029618
1.029353
1.027412
1.027324
1.027324
1.027324
1.027324
1.027412
1.027324
1.027324
1.020618
1.009059
0.997059
0.981618
0.968118
0.968118
0.968029
0.968029
0.968029
0.968118
0.967853
0.964765
0.964765
0.964765
0.964765
0.964765
0.964677
0.964765
0.964765
0.964765
0.964765
0.964765
0.964765
0.964765
0.964765
0.964765
0.964677
0.964677
0.964765
0.964677
0.964677
0.972265
0.984000
0.995647
1.007294
1.017089
1.017177
1.018853
1.024412
1.024412
1.024412
1.024500
1.024500
1.029442
1.029442
1.029442
1.029442
1.029442
1.029442
1.029442
1.032971
1.044618
1.056265
1.068001
1.079648
1.089619
1.089707
1.089707
1.089971
1.092001
1.092001
1.084413
1.072765
1.061030
1.049383
1.039589
1.039501
1.044442
1.050618
1.062265
1.073913
1.085560
1.087589
1.083442
1.087324
1.091648
1.093413
1.093324
1.094030
1.095530
1.092001
1.080266
1.068618
1.056883
1.045236
1.035706
1.035706
1.047618
1.053530
1.051501
1.051501
1.053001
1.055295
1.055736
1.055736
1.055648
1.055736
1.049030
1.037206
1.025559
1.013912
1.002177
1.000147
0.999353
0.996706
0.992736
0.991059
0.991147
0.990530
0.989030
0.989030
0.989030
0.989030
0.989118
0.989118
0.988588
0.988588
0.976677
0.970500
0.970588
0.970500
0.969000
0.966706
0.967588
0.968735
0.968824
0.968824
0.968912
0.968912
0.968912
0.973235
0.973324
0.973324
0.973235
0.972088
0.972088
0.974382
0.974294
0.974118
0.974118
0.974030
0.974030
0.974030
0.973941
0.973941
0.973941
0.973941
0.973853
0.982235
0.995383
1.009236
1.023442
1.026442
1.025118
1.035353
1.035353
1.035265
1.036765
1.036942
1.036853
1.032530
1.032442
1.032442
1.032442
1.032265
1.031824
1.029530
1.029442
1.029530
1.037030
1.048854
1.060589
1.072324
1.084148
1.089971
1.090148
1.096324
1.099942
1.091648
1.079383
1.065618
1.051412
1.048324
1.048412
1.036942
1.036942
1.048501
1.059001
1.070648
1.084677
1.095001
1.095971
1.095883
1.095883
1.095971
1.097472
1.098795
1.101266
1.101177
1.093677
1.081854
1.070118
1.058383
1.046559
1.042236
1.043471
1.037206
1.033853
1.033677
1.032706
1.032706
1.032618
1.032706
1.034118
1.035618
1.035795
1.024236
1.012147
1.000324
0.986383
0.975971
0.975000
0.975088
0.975088
0.975088
0.973588
0.972265
0.969882
0.969971
0.969882
0.970324
0.970588
0.970588
0.970677
0.969088
0.967677
0.967765
0.971029
0.971029
0.977382
0.985235
1.002618
1.028030
1.051501
1.073913
1.096236
1.119354
1.141060
1.162766
1.165148
1.165148
1.165148
1.165148
1.167619
1.170001
1.171148
1.171943
1.171943
1.171943
1.171943
1.171501
1.171325
1.172737
1.173707
1.173707
1.173796
1.173707
1.170178
1.170266
1.163913
1.155972
1.138678
1.113177
1.088207
1.064383
1.041795
1.018677
0.997059
0.975353
0.972882
0.972971
0.972882
0.972882
0.970412
0.967941
0.966882
0.966000
0.966000
0.966000
0.965912
0.966000
0.965912
0.964412
0.963353
0.963353
0.963353
0.963353
0.963353
0.963353
0.963353
0.963353
0.963353
0.963353
0.963441
0.963353
0.966706
0.966794
0.966971
0.967059
0.967059
0.967059
0.967235
0.967147
0.967235
0.967235
0.967235
0.967235
0.967324
0.967324
0.967412
0.967412
0.967765
0.973853
0.974294
0.974294
0.974294
0.974382
0.974382
0.974382
0.974471
0.974471
0.974471
0.974471
0.974471
0.974559
0.971206
0.971206
0.970941
0.970941
0.971029
0.970941
0.970941
0.971029
0.970941
0.971029
0.970941
0.971029
0.970941
0.970941
0.970941
0.970941
0.970677
0.964588
0.964147
0.964235
0.964235
0.964235
0.964235
0.964235
0.964147
0.964235
0.964235
0.964235
0.964235
0.964147
0.964235
0.964235
0.964235
0.964235
0.964147
0.964235
0.964147
0.964147
0.964147
0.964147
0.964235
0.964147
0.964147
0.964147
0.964147
0.964147
0.964147
0.964147
0.964235
0.964147
0.964147
0.964147
0.964147
0.964147
0.964235
0.964147
0.964147
0.964147
0.964147
0.964147
0.964147
0.964059
0.964147
0.964147
0.964235
0.964147
0.964235
0.964235
0.964235
0.964235
0.964147
0.964235
0.964235
0.964235
0.964235
0.964235
0.964147
0.964235
0.964147
0.964235
0.964147
0.964147
0.964147
0.964147
0.964059
0.964147
0.964059
0.964147
0.964147
0.964147
0.964059
0.964147
0.964147
0.964059
0.964059
0.964059
0.964059
0.964059
0.964059
0.963971
0.964059
0.964059
0.964059
0.964059
0.964059
0.964059
0.964147
0.964059
0.964147
0.964059
0.964147
0.964147
0.964147
0.964147
0.964147
0.964147
0.964147
0.964147
0.964059
0.964147
0.964235
0.964147
0.964147
0.964147
0.964147
0.964235
0.964147
0.964147
0.964147
0.964235
0.964235
0.964147
0.964235
0.964147
0.964235
0.964147
0.964147
0.964147
0.964147
0.964147
0.964147
0.964147
0.964147
0.964147
0.964235
0.964147
0.964235
0.964235
0.964235
0.964235
0.964147
0.964235
0.964147
0.964235
0.964235
0.964147
0.964235
0.964147
0.964235
0.964235
0.964147
0.964235
0.964235
0.964235
0.964147
0.964235
0.964147
0.964235
0.964235
0.964235
0.964235
0.964147
0.964235
0.964235
0.964147
0.964147
0.964147
0.964059
0.964147
0.964059
0.964147
0.964059
0.964147
0.964059
0.964059
0.964059
0.964059
0.964147
0.964147
0.964059
0.964147
0.964147
0.964059
0.964059
0.964147
0.964147
0.964147
0.970147
0.971382
0.971382
0.971382
0.971647
0.972177
0.972088
0.972353
0.972441
0.972353
0.972441
0.972353
0.972441
0.972353
0.972441
0.972441
0.972441
0.972441
0.972441
0.972441
0.972441
0.972353
0.972441
0.972353
0.972353
0.972441
0.972441
0.972441
0.972441
0.972441
0.966441
0.965206
0.965206
0.965206
0.965029
0.964412
0.964500
0.964324
0.964235
0.964324
0.964235
0.964324
0.964235
0.964324
0.964235
0.964235
0.964324
0.964235
0.964235
0.964235
0.964235
0.964235
0.964147
0.964235
0.964235
0.964147
0.964235
0.964147
0.964147
0.964147
0.964147
0.964059
0.964147
0.964059
0.964059
0.964059
0.964059
0.963971
0.964059
0.963971
0.964059
0.963971
0.964059
0.963971
0.964059
0.964059
0.963971
0.963971
0.964059
0.963971
0.963971
0.964059
0.964059
0.964059
0.963971
0.964059
0.964059
0.964059
0.964059
0.964059
0.964059
0.964059
0.966177
0.968382
0.968294
0.968382
0.968294
0.968382
0.968294
0.968382
0.968294
0.968382
0.968294
0.968382
0.968294
0.973059
0.973147
0.973235
0.973147
0.973235
0.973147
0.973147
0.973147
0.973147
0.973147
0.973147
0.973059
0.973147
0.973059
0.973147
0.973147
0.973147
0.971029
0.968824
0.968912
0.968824
0.969000
0.969088
0.969177
0.969088
0.969177
0.969088
0.969177
0.969088
0.969177
0.964324
0.964324
0.964500
0.965206
0.965735
0.965735
0.965735
0.965735
0.966882
0.970677
0.970677
0.970677
0.970677
0.970677
0.970588
0.970588
0.970588
0.970588
0.970588
0.970588
0.970588
0.970500
0.970324
0.970324
0.970412
0.970324
0.970412
0.970324
0.970412
0.970324
0.970324
0.970324
0.970059
0.969441
0.968824
0.968912
0.968824
0.968824
0.967677
0.963971
0.963882
0.963971
0.963882
0.963971
0.963971
0.963882
0.963971
0.963971
0.963971
0.963882
0.963971
0.963882
0.963882
0.963882
0.963794
0.963882
0.963794
0.963882
0.963794
0.963882
0.963882
0.963882
0.963882
0.963882
0.963882
0.963882
0.963882
0.963882
0.963882
0.963794
0.963794
0.963794
0.963794
0.963794
0.963794
0.963882
0.963794
0.963706
0.963794
0.963794
0.963706
0.963794
0.963794
0.963706
0.963794
0.963706
0.963706
0.963706
0.963706
0.963618
0.963706
0.963618
0.963618
0.963618
0.963618
0.963529
0.963529
0.963618
0.963618
0.963618
0.963706
0.963618
0.963618
0.963618
0.963618
0.963618
0.963618
0.963706
0.963618
0.963618
0.963706
0.963618
0.963706
0.963706
0.963706
0.963706
0.963794
0.963706
0.963794
0.963794
0.963706
0.963794
0.963794
0.963706
0.963794
0.963794
0.963882
0.963794
0.963794
0.963794
0.963706
0.963794
0.963794
0.963706
0.963794
0.963706
0.963794
0.963706
0.963794
0.963794
0.963794
0.963794
0.963794
0.963794
0.963794
0.963794
0.963794
0.963794
0.963706
0.963706
0.963794
0.963706
0.963794
0.963794
0.963706
0.963794
0.963706
0.963794
0.963706
0.963794
0.963882
0.963794
0.963794
0.963882
0.963794
0.963794
0.963794
0.963794
0.963794
0.963794
0.963794
0.963794
0.963706
0.963794
0.963706
0.963794
0.963706
0.963706
0.963706
0.963794
0.963706
0.963794
0.963706
0.963794
0.963794
0.963706
0.963794
0.963706
0.963794
0.963706
0.963706
0.963706
0.963706
0.963706
0.963706
0.963794
0.963706
0.963794
0.963706
0.963794
0.963706
0.964677
0.965647
0.966441
0.967412
0.968382
0.968735
0.969088
0.969441
0.969706
0.970059
0.976147
0.976500
0.976765
0.977118
0.977471
0.977735
0.978088
0.978353
0.978794
0.979059
0.979412
0.979765
0.980030
0.980382
0.980647
0.981000
0.981265
0.981530
0.981794
0.982147
0.981530
0.980912
0.980382
0.979765
0.979059
0.979059
0.979059
0.979059
0.979059
0.979059
0.973147
0.973147
0.973147
0.973147
0.973147
0.973147
0.973147
0.973147
0.973059
0.973059
0.977912
0.984000
0.989471
0.995471
1.001383
1.003765
1.003412
1.003236
1.002971
1.002618
1.002353
1.002000
1.001647
1.001383
1.001118
1.000765
1.000500
1.000147
0.999883
0.999530
0.999265
0.999000
0.998647
1.003324
1.005441
1.005089
1.004824
1.004471
1.004206
1.003853
0.998647
0.992294
0.986559
0.980206
0.973941
0.971294
0.971294
0.971206
0.971206
0.971206
0.971206
0.971206
0.971294
0.971206
0.971118
0.971206
0.971118
0.971118
0.971118
0.971118
0.971118
0.971118
0.971118
0.966088
0.963706
0.963706
0.963618
0.963706
0.963618
0.963706
0.963706
0.963706
0.963618
0.963706
0.963706
0.963706
0.963794
0.963794
0.963706
0.963794
0.963706
0.963794
0.963706
0.963794
0.963882
0.963794
0.963794
0.963882
0.963882
0.963882
0.963882
0.963882
0.963971
0.963971
0.963971
0.963971
0.964059
0.964059
0.964059
0.963971
0.964059
0.963971
0.964059
0.963971
0.964059
0.963971
0.963882
0.963971
0.963971
0.963971
0.963971
0.963971
0.963971
0.963882
0.963882
0.963882
0.963971
0.963882
0.963794
0.963882
0.963882
0.963882
0.963882
0.963882
0.963794
0.963882
0.963794
0.963706
0.963794
0.963882
0.963794
0.963794
0.963794
0.963794
0.963706
0.963794
0.963794
0.963706
0.963794
0.963706
0.963794
0.963706
0.963706
0.963706
0.963706
0.963706
0.963618
0.963706
0.963706
0.963706
0.963706
0.963706
0.963618
0.963618
0.963706
0.963618
0.963618
0.963706
0.963706
0.963618
0.963618
0.963706
0.963618
0.963618
0.963706
0.963706
0.963706
0.963706
0.963706
0.963706
0.963706
0.963706
0.963794
0.963794
0.963706
0.963794
0.963794
0.963706
0.963794
0.963706
0.963794
0.963706
0.963794
0.963794
0.963706
0.963794
0.963794
0.963794
0.963706
0.963794
0.963794
0.963706
0.963706
0.963794
0.963706
0.963706
0.963794
0.963794
0.963706
0.963794
0.963706
0.963794
0.963706
0.963794
0.963794
0.963706
0.963794
0.963794
0.963794
0.963794
0.963794
0.963794
0.963706
0.963794
0.963794
0.963794
0.963794
0.963794
0.963882
0.963794
0.963794
0.963882
0.963882
0.963882
0.963882
0.963882
0.963794
0.963794
0.963882
0.963794
0.963882
0.963794
0.963882
0.963794
0.963794
0.963882
0.963794
0.963882
0.963794
0.963882
0.963794
0.963882
0.963882
0.963882
0.963882
0.963794
0.963882
0.963882
0.963794
0.963794
0.963882
0.963882
0.963882
0.963882
0.963882
0.963794
0.963882
0.963882
0.963882
0.963882
0.963882
0.963882
0.963882
0.963882
0.963971
0.963882
0.963971
0.963882
0.966529
0.968294
0.968294
0.968294
0.968294
0.968294
0.968294
0.968382
0.968294
0.968294
0.973412
0.973412
0.973412
0.973412
0.973412
0.973412
0.973412
0.973500
0.973412
0.973500
0.973500
0.973500
0.973500
0.973500
0.973500
0.973588
0.973588
0.973588
0.973588
0.973588
0.971118
0.969441
0.969529
0.969441
0.969529
0.969441
0.969529
0.969441
0.969529
0.969529
0.964412
0.964500
0.964412
0.964412
0.964500
0.964412
0.964500
0.964500
0.964500
0.964500
0.964412
0.964500
0.964412
0.968735
0.971294
0.971294
0.971294
0.971382
0.971294
0.971382
0.971471
0.971912
0.971824
0.971912
0.971824
0.971912
0.972177
0.972618
0.972618
0.972529
0.973059
0.973059
0.973059
0.973059
0.973059
0.973500
0.973500
0.976765
0.980382
0.980382
0.980382
0.981088
0.989647
0.985412
0.982765
0.982677
0.982588
0.982500
0.982588
0.982500
0.982324
0.981794
0.981794
0.981794
0.981794
0.981794
0.981441
0.981088
0.981088
0.981353
0.982324
0.982324
0.982324
0.982324
0.982235
0.981882
0.981882
0.978530
0.975000
0.974912
0.975000
0.974294
0.965824
0.965735
0.965735
0.965824
0.965912
0.966088
0.966618
0.966618
0.966618
0.966618
0.966618
0.966529
0.966618
0.966618
0.966706
0.966706
0.966706
0.966441
0.965029
0.964941
0.965029
0.964941
0.965029
0.964941
0.964941
0.965029
0.964941
0.965471
0.965471
0.965471
0.965382
0.965382
0.965471
0.965471
0.965382
0.971912
0.971382
0.971647
0.971824
0.972088
0.972177
0.972177
0.972353
0.972529
0.972794
0.980118
0.980559
0.981882
0.982412
0.982853
0.983383
0.983824
0.984177
0.984618
0.984971
0.985324
0.985765
0.985677
0.986030
0.986294
0.986735
0.987177
0.987530
0.987794
0.988235
0.981971
0.982677
0.982853
0.982941
0.983030
0.983383
0.983735
0.983912
0.984000
0.983912
0.976677
0.976235
0.974912
0.974382
0.975088
0.974559
0.976765
0.976412
0.976059
0.975618
0.975265
0.974824
0.974471
0.974030
0.973765
0.973412
0.972971
0.972618
0.972265
0.971912
0.971559
0.970765
0.970412
0.970059
0.969706
0.969265
0.969000
0.970765
0.974118
0.974824
0.975177
0.975530
0.975971
0.976147
0.975088
0.975088
0.972529
0.972441
0.972441
0.972441
0.972441
0.975794
0.975794
0.975882
0.975794
0.975794
0.976324
0.976324
0.976412
0.976324
0.976324
0.976324
0.976324
0.976324
0.976588
0.976853
0.977030
0.975088
0.971647
0.970941
0.970500
0.970059
0.974559
0.977559
0.977559
0.977559
0.977559
0.977647
0.977559
0.977647
0.977559
0.974294
0.975882
0.975794
0.975794
0.975794
0.975353
0.975265
0.975265
0.975265
0.975265
0.975353
0.975353
0.975353
0.975000
0.974824
0.975706
0.976677
0.976500
0.976235
0.976235
0.976235
0.971294
0.968118
0.968118
0.968029
0.968029
0.969177
0.969265
0.969177
0.969265
0.969177
0.967588
0.967677
0.967677
0.967588
0.967588
0.967677
0.967588
0.967677
0.967588
0.967588
0.967500
0.967588
0.967588
0.967588
0.966441
0.965294
0.965206
0.965294
0.965206
0.965294
0.965294
0.965294
0.965206
0.965294
0.965206
0.964059
0.964059
0.964059
0.964059
0.964059
0.964059
0.963971
0.964059
0.964059
0.964059
0.963971
0.963971
0.963971
0.963971
0.963971
0.963971
0.963971
0.963971
0.963882
0.963971
0.963971
0.963971
0.963882
0.963971
0.963971
0.963971
0.963882
0.963971
0.963971
0.963971
0.963971
0.963882
0.963971
0.963882
0.963971
0.963882
0.963971
0.963882
0.963882
0.963882
0.963882
0.963971
0.963882
0.963971
0.963882
0.969971
0.970588
0.971029
0.971118
0.971029
0.970941
0.970941
0.970941
0.970941
0.970765
0.970765
0.970853
0.970765
0.970765
0.970765
0.970765
0.970853
0.970765
0.970853
0.970853
0.970941
0.970853
0.970941
0.971029
0.970941
0.971029
0.970941
0.971029
0.970941
0.971029
0.964941
0.964324
0.963882
0.963882
0.963882
0.963971
0.963971
0.964059
0.963971
0.964059
0.964147
0.964059
0.964059
0.963971
0.964059
0.964059
0.963971
0.963971
0.963971
0.963971
0.963882
0.963882
0.963882
0.963882
0.963882
0.963882
0.963882
0.963882
0.963971
0.963882
0.963882
0.963882
0.963971
0.963882
0.963971
0.963882
0.963971
0.963882
0.963971
0.967588
0.970853
0.973941
0.978441
0.978441
0.978441
0.978353
0.978353
0.978441
0.978353
0.978265
0.978353
0.978353
0.978265
0.978265
0.978265
0.978177
0.978265
0.978177
0.978177
0.978265
0.978265
0.978177
0.978177
0.978265
0.978177
0.978177
0.978177
0.978265
0.978177
0.974647
0.971294
0.975794
0.972000
0.972088
0.976147
0.979324
0.986030
0.986030
0.986030
0.986030
0.986030
0.986030
0.986118
0.986030
0.986030
0.986118
0.986030
0.986118
0.986030
0.986030
0.986030
0.986118
0.986030
0.985941
0.986030
0.986118
0.986030
0.986030
0.986030
0.986030
0.986030
0.978530
0.977824
0.977824
0.973677
0.970500
0.963882
0.963794
0.963882
0.963882
0.963882
0.963882
0.963882
0.963882
0.963971
0.963882
0.963971
0.963882
0.963971
0.963882
0.963882
0.963882
0.963882
0.963971
0.963882
0.963882
0.963882
0.963882
0.963882
0.963882
0.963882
0.963794
0.963882
0.963794
0.963882
0.967412
0.967324
0.967412
0.967324
0.967412
0.967412
0.967412
0.967412
0.967412
0.967412
0.967412
0.967324
0.967412
0.967324
0.967324
0.967412
0.970941
0.974382
0.974294
0.974382
0.974471
0.974559
0.974471
0.976324
0.976235
0.976235
0.976324
0.976235
0.976324
0.976235
0.972706
0.972794
0.972971
0.972971
0.972882
0.972882
0.972971
0.972882
0.972882
0.972882
0.972882
0.972971
0.972882
0.972971
0.972971
0.972971
0.969441
0.966000
0.966088
0.966000
0.965824
0.965824
0.965912
0.964059
0.964059
0.966088
0.967677
0.967765
0.967677
0.967765
0.967765
0.967765
0.967588
0.967588
0.967677
0.967588
0.967500
0.967588
0.967588
0.967588
0.967588
0.967588
0.967588
0.967588
0.967677
0.967588
0.967588
0.967588
0.967588
0.967588
0.967677
0.967588
0.967588
0.967677
0.967853
0.965824
0.964235
0.964235
0.964235
0.964235
0.964235
0.964235
0.964235
0.964324
0.964235
0.964324
0.964324
0.964324
0.964412
0.964324
0.964412
0.964324
0.964412
0.964412
0.964324
0.964412
0.964324
0.966441
0.967941
0.968118
0.968118
0.968206
0.968118
0.968118
0.967941
0.968029
0.967941
0.970588
0.973677
0.973588
0.973588
0.973588
0.973500
0.973500
0.973500
0.973500
0.973500
0.973500
0.973500
0.973500
0.973500
0.973500
0.973500
0.973412
0.973500
0.973500
0.973500
0.971471
0.969882
0.969794
0.969882
0.969794
0.969882
0.969794
0.969882
0.969882
0.969882
0.967147
0.964147
0.964235
0.964235
0.964235
0.964235
0.964235
0.964235
0.964235
0.964235
0.965824
0.971382
0.971382
0.971382
0.971382
0.971294
0.971382
0.971294
0.971206
0.971294
0.971206
0.971294
0.971206
0.971118
0.971118
0.971118
0.971206
0.971118
0.974382
0.981177
0.981265
0.981265
0.981265
0.981265
0.981265
0.981353
0.981265
0.981353
0.981353
0.981353
0.979765
0.974206
0.974206
0.974206
0.974294
0.974294
0.974294
0.974294
0.974382
0.974294
0.974382
0.975618
0.975618
0.976412
0.976500
0.976765
0.978882
0.981000
0.979147
0.972353
0.972353
0.972353
0.972265
0.972353
0.972353
0.972353
0.972441
0.972441
0.972353
0.972441
0.972441
0.979500
0.991941
1.006059
1.016118
1.016118
1.016118
1.016206
1.016118
1.016118
1.016030
1.014794
1.014794
1.013912
1.014000
1.013736
1.012853
1.010736
1.009412
1.009589
1.010030
1.012853
1.024500
1.036059
1.047618
1.051236
1.051148
1.051148
1.053442
1.053442
1.053442
1.046295
1.033942
1.019736
1.009677
1.009677
1.011177
1.022647
1.034295
1.045854
1.057412
1.062971
1.062971
1.063060
1.062971
1.062883
1.061648
1.062001
1.063854
1.063765
1.063236
1.060412
1.048765
1.037206
1.025559
1.021942
1.021942
1.021853
1.019647
1.019559
1.019559
1.019559
1.019559
1.019559
1.019559
1.019559
1.018059
1.006500
0.994853
0.983383
0.971824
0.966265
0.966265
0.966265
0.966177
0.966265
0.966177
0.965912
0.963882
0.963882
0.963882
0.963882
0.963971
0.963882
0.963971
0.963971
0.963971
0.964059
0.963971
0.964059
0.963971
0.964059
0.964059
0.964059
0.964059
0.964059
0.964059
0.964324
0.964412
0.964324
0.964324
0.964324
0.964324
0.964324
0.964324
0.964324
0.964324
0.964324
0.964324
0.964324
0.964324
0.964324
0.964235
0.964324
0.964235
0.964235
0.964235
0.964235
0.964235
0.964235
0.964235
0.964235
0.964147
0.964147
0.964147
0.964147
0.964147
0.963882
0.963882
0.963882
0.963971
0.963882
0.963971
0.963971
0.963971
0.963882
0.963971
0.963882
0.963882
0.963882
0.963882
0.963882
0.963971
0.964059
0.964147
0.964147
0.964147
0.964147
0.964147
0.964147
0.964147
0.964235
0.964324
0.964324
0.964324
0.964324
0.964324
0.964324
0.964324
0.964324
0.964324
0.964324
0.964324
0.964235
0.964324
0.964324
0.964235
0.964324
0.964412
0.964324
0.964412
0.968824
0.974118
0.979235
0.984353
0.989471
0.994765
0.999883
1.005177
1.010294
1.016030
1.015942
1.015853
1.015853
1.015853
1.015853
1.015765
1.015765
1.015677
1.015765
1.015677
1.015677
1.015589
1.019206
1.022471
1.025736
1.025824
1.026795
1.027942
1.030324
1.035971
1.031559
1.026265
1.021059
1.015853
1.010736
1.005441
1.000324
0.995118
0.989912
0.984265
0.984177
0.984265
0.984353
0.984265
0.984265
0.984353
0.984441
0.984441
0.984353
0.984441
0.984441
0.984441
0.980912
0.977647
0.974382
0.974382
0.973324
0.972088
0.969794
0.964059
0.963971
0.963971
0.963882
0.963882
0.963882
0.963882
0.963882
0.963794
0.963882
0.963794
0.963882
0.963794
0.963794
0.963794
0.963882
0.963794
0.963706
0.963794
0.963882
0.963794
0.963794
0.963882
0.963882
0.963794
0.963882
0.963794
0.963882
0.963882
0.963794
0.963882
0.963882
0.963882
0.963882
0.963971
0.963882
0.963971
0.963882
0.963971
0.963971
0.963971
0.963971
0.964059
0.963971
0.964059
0.963971
0.963971
0.964059
0.963971
0.963882
0.963971
0.964059
0.963971
0.963971
0.963971
0.963971
0.963971
0.963882
0.963882
0.963882
0.963882
0.963971
0.963882
0.963882
0.963882
0.963882
0.963882
0.963882
0.963882
0.963794
0.963794
0.963794
0.963706
0.963794
0.963706
0.963794
0.963794
0.963794
0.963794
0.963794
0.963794
0.963794
0.963794
0.963794
0.963794
0.963794
0.963794
0.963882
0.963882
0.963971
0.963971
0.963882
0.963882
0.963971
0.963882
0.963971
0.963971
0.963971
0.963971
0.963971
0.964059
0.963971
0.964059
0.963971
0.964059
0.963971
0.963971
0.963971
0.963971
0.963971
0.963971
0.963971
0.963971
0.963971
0.963971
0.963971
0.964059
0.963971
0.963971
0.963971
0.963971
0.963971
0.963971
0.963971
0.963971
0.963882
0.963882
0.963971
0.963882
0.963882
0.963882
0.963971
0.963882
0.963882
0.963882
0.963971
0.963971
0.963882
0.963971
0.964059
0.963971
0.963882
0.963971
0.963882
0.963882
0.963882
0.963794
0.963882
0.963882
0.963882
0.963794
0.963794
0.963882
0.963882
0.963882
0.963882
0.963882
0.963794
0.963882
0.963971
0.963882
0.963882
0.963882
0.963882
0.963882
0.963882
0.963882
0.963882
0.963882
0.963794
0.963794
0.963882
0.963882
0.963882
0.963882
0.963882
0.963882
0.963794
0.963882
0.963794
0.963882
0.963882
0.963882
0.963794
0.963794
0.963882
0.963794
0.963882
0.963794
0.965647
0.967235
0.967235
0.967235
0.967235
0.967235
0.967147
0.967235
0.967235
0.967235
0.967235
0.967324
0.967235
0.967235
0.967235
0.967324
0.967235
0.967324
0.967324
0.967324
0.967324
0.967324
0.967324
0.967235
0.967324
0.967412
0.967324
0.967324
0.967324
0.967412
0.965471
0.963882
0.963882
0.963882
0.963971
0.963882
0.963971
0.963882
0.963971
0.963882
0.963971
0.963882
0.963882
0.963882
0.963971
0.963882
0.963882
0.963882
0.963971
0.963882
0.963882
0.963882
0.963882
0.963882
0.963882
0.963794
0.963882
0.963882
0.963882
0.963794
0.963882
0.963882
0.963882
0.963882
0.963794
0.963882
0.963794
0.963882
0.963794
0.963882
0.963882
0.963882
0.963882
0.963882
0.963794
0.963882
0.963882
0.963882
0.963882
0.963882
0.963882
0.963882
0.963882
0.963971
0.963882
0.963971
0.963971
0.963971
0.963971
0.963971
0.963971
0.963971
0.963882
0.963971
0.963971
0.963882
0.963971
0.963882
0.963882
0.963882
0.963882
0.963882
0.963971
0.963882
0.963971
0.963882
0.963882
0.963882
0.963794
0.963882
0.963882
0.963882
0.963882
0.963794
0.963882
0.963794
0.963794
0.963794
0.963794
0.963794
0.963706
0.963794
0.963882
0.963794
0.963794
0.963882
0.963882
0.963882
0.963882
0.963882
0.963882
0.963882
0.963794
0.963882
0.963794
0.963882
0.963882
0.963882
0.963882
0.963794
0.963882
0.963794
0.963882
0.963882
0.963794
0.963882
0.963794
0.963882
0.963882
0.963882
0.963882
0.963882
0.963794
0.963794
0.963882
0.963794
0.963794
0.963794
0.963882
0.963882
0.963794
0.963794
0.963882
0.963794
0.963794
0.963794
0.963794
0.963794
0.963794
0.963794
0.963794
0.963794
0.963794
0.963882
0.963882
0.963794
0.963882
0.963794
0.963794
0.963794
0.963882
0.963794
0.963794
0.963882
0.963794
0.963794
0.963794
0.963794
0.963706
0.963706
0.963794
0.963794
0.963794
0.963794
0.963882
0.963794
0.963794
0.963794
0.963882
0.963882
0.963882
0.963882
0.963882
0.963794
0.963794
0.963882
0.963794
0.963882
0.963794
0.963882
0.963882
0.963882
0.963882
0.967059
0.970235
0.970765
0.971206
0.972529
0.973677
0.975088
0.975000
0.975000
0.974912
0.974912
0.975971
0.982059
0.992206
0.997588
1.002883
1.008353
1.013647
1.019030
1.024324
1.029618
1.032265
1.032177
1.032265
1.032177
1.032177
1.032089
1.032000
1.032000
1.037471
1.035000
1.031912
1.031383
1.030942
1.029618
1.028559
1.027059
1.027148
1.027148
1.027236
1.027236
1.026177
1.020089
1.010030
1.004559
0.999265
0.993794
0.988500
0.983118
0.977824
0.972529
0.969971
0.970059
0.969971
0.970059
0.970059
0.970147
0.970235
0.983294
0.994677
1.016824
1.031824
1.031912
1.031824
1.031824
1.031824
1.031824
1.031736
1.031736
1.031648
1.031736
1.031648
1.031648
1.031559
1.031648
1.031559
1.031648
1.031559
1.031559
1.031471
1.031471
1.034912
1.034824
1.040648
1.040559
1.040648
1.040559
1.040559
1.027500
1.010736
0.987794
0.972794
0.972706
0.972794
0.972794
0.972794
0.972794
0.972882
0.972971
0.972971
0.972971
0.973324
0.973677
0.973677
0.981882
0.982235
0.982235
0.982235
0.982853
0.983559
0.983912
0.980559
0.980647
0.974824
0.974912
0.974824
0.974912
0.974912
0.974912
0.974912
0.974912
0.974912
0.974912
0.974912
0.975000
0.974912
0.975000
0.974912
0.975265
0.975353
0.975441
0.975177
0.974824
0.978265
0.974824
1.000589
1.028824
1.056707
1.083971
1.104089
1.124736
1.146089
1.147942
1.148031
1.150766
1.155266
1.155178
1.155178
1.155178
1.155707
1.155707
1.155707
1.155707
1.155707
1.156590
1.157472
1.157384
1.157384
1.156942
1.157119
1.156942
1.156942
1.159590
1.160648
1.156237
1.137001
1.108677
1.080795
1.053001
1.032177
1.011177
0.989647
0.987794
0.987706
0.984883
0.980382
0.980382
0.980294
0.980382
0.979765
0.979765
0.979677
0.979677
0.979677
0.978706
0.977824
0.977824
0.977824
0.977824
0.977559
0.977647
0.977559
0.974912
0.970412
0.970059
0.963176
0.963265
0.963265
0.963176
0.963265
0.963265
0.963353
0.964412
0.965029
0.965647
0.965647
0.965735
0.966000
0.972971
0.979677
0.979677
0.979765
0.979765
0.979765
0.979765
0.979853
0.979853
0.979941
0.979941
0.980030
0.985765
0.985765
0.985853
0.985853
0.987618
0.987706
0.987618
0.987706
0.987794
0.987794
0.987883
0.987794
0.986735
0.986118
0.985588
0.985588
0.985588
0.985412
0.978353
0.971735
0.971824
0.971735
0.971824
0.971735
0.971824
0.971735
0.971824
0.971824
0.971824
0.971824
0.966088
0.966088
0.966088
0.966177
0.964324
0.964324
0.964324
0.964324
0.964324
0.964235
0.964235
0.964235
0.964235
0.964324
0.964235
0.964324
0.964235
0.964235
0.964324
0.964235
0.964147
0.964235
0.964235
0.964235
0.964235
0.964324
0.964235
0.964235
0.964324
0.964235
0.964235
0.964235
0.964235
0.964147
0.964235
0.964235
0.964235
0.964235
0.964235
0.964235
0.964235
0.964235
0.964235
0.964235
0.964235
0.964235
0.964235
0.964235
0.964235
0.964235
0.964324
0.964235
0.964235
0.964235
0.964235
0.964235
0.964235
0.964235
0.964147
0.964235
0.964235
0.964235
0.964235
0.964324
0.964235
0.964235
0.964235
0.964235
0.964235
0.964324
0.964235
0.964324
0.964235
0.964235
0.964324
0.964235
0.964324
0.964235
0.964235
0.964324
0.964235
0.964324
0.964235
0.964324
0.964324
0.964235
0.964324
0.964235
0.964324
0.964324
0.964235
0.964324
0.964235
0.964235
0.964324
0.964235
0.964324
0.964235
0.964235
0.964147
0.964235
0.964147
0.964235
0.964235
0.964147
0.964147
0.964147
0.964235
0.964235
0.964147
0.964235
0.964147
0.964235
0.964147
0.964147
0.964235
0.964147
0.964235
0.964147
0.964147
0.964147
0.964235
0.964235
0.964235
0.964147
0.964235
0.964235
0.964235
0.964235
0.964235
0.964147
0.964235
0.964235
0.964147
0.964147
0.964235
0.964235
0.964147
0.964147
0.964147
0.964147
0.964235
0.964147
0.964235
0.964147
0.964147
0.964147
0.964147
0.964147
0.964147
0.964235
0.964059
0.964059
0.964059
0.964147
0.964059
0.964059
0.964059
0.964059
0.964147
0.964147
0.964147
0.964059
0.964147
0.964147
0.964147
0.964059
0.964147
0.964147
0.964147
0.964147
0.964059
0.964147
0.964059
0.964147
0.964059
0.964147
0.964147
0.964147
0.964147
0.964059
0.964147
0.964235
0.964147
0.964147
0.964147
0.964147
0.964235
0.964147
0.964147
0.964235
0.964147
0.964235
0.964147
0.964235
0.964147
0.964235
0.964235
0.964147
0.964235
0.964235
0.964235
0.964235
0.964235
0.964235
0.964235
0.964235
0.964235
0.964324
0.964235
0.964324
0.964324
0.964235
0.964324
0.966618
0.969618
0.969618
0.969794
0.971471
0.971471
0.971382
0.971471
0.971471
0.971559
0.971471
0.971559
0.971559
0.971471
0.971559
0.971559
0.971559
0.971559
0.971559
0.971647
0.971559
0.971647
0.971559
0.971559
0.971559
0.971559
0.971559
0.971471
0.971559
0.971471
0.969177
0.966265
0.966177
0.966000
0.964324
0.964324
0.964412
0.964324
0.964324
0.964235
0.964324
0.964324
0.964235
0.964235
0.964235
0.964235
0.964147
0.964588
0.964677
0.964588
0.964765
0.966529
0.972265
0.972618
0.972529
0.972618
0.972529
0.978706
0.980824
0.983559
0.985235
0.985412
0.985677
0.985588
0.985677
0.985588
0.985500
0.985500
0.985500
0.985500
0.985500
0.985412
0.985500
0.985500
0.985500
0.985412
0.985500
0.985059
0.984971
0.984971
0.984883
0.986824
0.981177
0.980824
0.980824
0.981177
0.981265
0.975088
0.972971
0.970765
0.969265
0.969000
0.968824
0.968912
0.968824
0.968912
0.968912
0.969000
0.968912
0.969000
0.968912
0.969000
0.969000
0.969000
0.972706
0.973588
0.973765
0.973853
0.973853
0.973941
0.974912
0.971118
0.971118
0.971029
0.971118
0.970765
0.970677
0.970765
0.970677
0.970235
0.969971
0.970059
0.970059
0.969971
0.971206
0.972706
0.972794
0.972706
0.972794
0.972706
0.972794
0.972706
0.972706
0.972794
0.969000
0.968206
0.967941
0.967941
0.967853
0.967853
0.966794
0.966882
0.966882
0.966882
0.966882
0.966794
0.966882
0.966882
0.966882
0.966882
0.966882
0.966882
0.966794
0.966882
0.965735
0.964147
0.964147
0.964147
0.964147
0.964147
0.964147
0.964235
0.964147
0.964059
0.964147
0.964147
0.964147
0.964059
0.964588
0.964500
0.967588
0.973500
0.974030
0.977030
0.977030
0.977030
0.977030
0.976941
0.977030
0.977030
0.977030
0.977030
0.977118
0.977030
0.977030
0.977118
0.977118
0.977118
0.977118
0.977118
0.977118
0.977030
0.977206
0.977206
0.977206
0.977118
0.977206
0.977294
0.976765
0.976853
0.973765
0.971735
0.976235
0.977559
0.979324
0.979324
0.979235
0.979324
0.979235
0.979147
0.979235
0.979147
0.979147
0.979147
0.979147
0.979059
0.979059
0.979059
0.979059
0.979059
0.978971
0.979059
0.978882
0.978971
0.978971
0.978971
0.978882
0.978882
0.978882
0.978882
0.978882
0.975000
0.969882
0.965559
0.963794
0.963794
0.963882
0.963794
0.963882
0.963882
0.963882
0.963971
0.963882
0.963971
0.963882
0.963971
0.963882
0.963971
0.963882
0.963971
0.963971
0.963882
0.963971
0.963971
0.963971
0.963971
0.964059
0.963971
0.964059
0.963971
0.964059
0.964059
0.967412
0.967412
0.967412
0.967412
0.967412
0.967412
0.967412
0.967412
0.967412
0.967324
0.967412
0.967324
0.967412
0.967324
0.967412
0.967412
0.967412
0.967412
0.967412
0.967500
0.967412
0.967412
0.967324
0.967412
0.967324
0.967412
0.967324
0.967412
0.967412
0.967324
0.964059
0.964059
0.967500
0.967588
0.967500
0.967588
0.967500
0.967588
0.967500
0.967588
0.967588
0.967588
0.967588
0.967588
0.967500
0.967588
0.967677
0.967588
0.967588
0.967588
0.967588
0.967588
0.967588
0.967588
0.970500
0.973235
0.973677
0.973677
0.973588
0.973677
0.973765
0.973765
0.970324
0.970324
0.970324
0.970677
0.970677
0.974735
0.975177
0.975441
0.975441
0.975441
0.975618
0.975794
0.976059
0.982235
0.984265
0.984265
0.984353
0.984353
0.984441
0.988235
0.991324
0.991588
0.988677
0.985941
0.985500
0.985500
0.985588
0.985500
0.985412
0.985412
0.985412
0.985412
0.985412
0.984971
0.985059
0.981000
0.980559
0.980294
0.980294
0.980294
0.980118
0.980030
0.979765
0.973500
0.971382
0.971471
0.971471
0.971382
0.971382
0.967500
0.964500
0.964235
0.964235
0.964235
0.964235
0.964324
0.964324
0.964412
0.964324
0.964412
0.964412
0.964324
0.964324
0.964412
0.964324
0.964324
0.964412
0.967324
0.967853
0.967853
0.967853
0.967941
0.967941
0.968294
0.968647
0.968559
0.972000
0.972000
0.975265
0.976324
0.976412
0.977294
0.977294
0.981088
0.981088
0.981088
0.981088
0.981088
0.981088
0.981088
0.981000
0.981088
0.981088
0.981088
0.981177
0.981088
0.981088
0.978088
0.977559
0.977559
0.977647
0.977824
0.978088
0.977735
0.977382
0.977471
0.973941
0.974030
0.970677
0.969618
0.969529
0.968647
0.968647
0.964765
0.964853
0.964677
0.966088
0.966265
0.966529
0.966441
0.966706
0.967412
0.968471
0.969177
0.969529
0.969618
0.969529
0.970765
0.971824
0.972441
0.972265
0.972000
0.971735
0.971647
0.971735
0.971735
0.971735
0.971735
0.971735
0.971824
0.971735
0.971735
0.971735
0.971735
0.971735
0.975971
0.974559
0.974294
0.974118
0.974206
0.973941
0.973235
0.973059
0.972882
0.973412
0.973412
0.973500
0.972265
0.971206
0.970677
0.970677
0.970677
0.976235
0.976324
0.976412
0.976412
0.976500
0.976412
0.976500
0.976588
0.977471
0.977559
0.977647
0.977647
0.977735
0.973941
0.974206
0.982147
0.993441
0.994147
0.994147
0.994059
0.993177
0.992559
0.993000
0.994059
0.994059
0.994059
0.994059
0.993971
0.994412
0.994941
0.990618
0.991412
0.991236
0.991236
0.991236
0.991236
0.991236
0.991059
0.990265
0.990177
0.990177
0.990177
0.990088
0.989647
0.989383
0.981706
0.978265
0.977824
0.977912
0.977912
0.978000
0.978000
0.976677
0.975530
0.975530
0.975530
0.975530
0.975530
0.975088
0.974559
0.973412
0.972529
0.972618
0.972529
0.972529
0.972529
0.972529
0.972706
0.975882
0.980824
0.980735
0.980824
0.980735
0.980824
0.980735
0.980559
0.972618
0.972353
0.972265
0.972265
0.972265
0.972353
0.972265
0.972353
0.972353
0.972353
0.972353
0.972441
0.972441
0.972353
0.972353
0.972441
0.972353
0.972441
0.972353
0.972441
0.972353
0.972177
0.969000
0.963971
0.963971
0.963971
0.963971
0.963971
0.963971
0.963971
0.963971
0.963971
0.963971
0.964059
0.963971
0.963971
0.963971
0.963971
0.963882
0.963971
0.963882
0.963882
0.963971
0.963971
0.963882
0.963882
0.963882
0.963882
0.963882
0.963882
0.963971
0.963971
0.963882
0.963882
0.963971
0.963882
0.963971
0.963971
0.963971
0.963882
0.963971
0.963882
0.963971
0.963882
0.963882
0.963882
0.963882
0.963882
0.963882
0.963882
0.963882
0.963882
0.963794
0.963794
0.963882
0.963794
0.963882
0.963794
0.963882
0.963794
0.963706
0.963794
0.963794
0.963794
0.963794
0.963794
0.963706
0.963706
0.963706
0.963706
0.963706
0.963706
0.963706
0.963706
0.963794
0.963706
0.963794
0.963706
0.963794
0.963706
0.963706
0.963706
0.963706
0.963706
0.963706
0.963706
0.963706
0.963706
0.963651
0.963687
0.963726
0.963665
0.963706
0.963750
0.963683
0.963730
0.963782
0.963706
0.963762
0.963824
0.963737
0.963805
