0.960792
0.960743
0.960699
0.960660
0.960626
0.960594
0.960566
0.960540
0.960517
0.960495
0.960475
0.960457
0.960440
0.960424
0.960410
0.960396
0.960396
0.960396
0.960264
0.960264
0.960264
0.960264
0.960132
0.960132
0.960000
0.960000
0.960000
0.960000
0.960000
0.960000
0.960000
0.960000
0.960000
0.960000
0.960000
0.960000
0.960000
0.960000
0.960000
0.960000
0.960000
0.960000
0.960000
0.960000
0.960000
0.960000
0.960000
0.960000
0.960000
0.960000
0.960000
0.960000
0.960000
0.960000
0.960000
0.960000
0.960000
0.960000
0.960000
0.960132
0.960132
0.960132
0.960132
0.960132
0.960132
0.960132
0.960132
0.960132
0.960132
0.960132
0.960132
0.960132
0.960132
0.960132
0.960132
0.960132
0.960132
0.960264
0.960264
0.960264
0.960264
0.960264
0.960264
0.960264
0.960264
0.960264
0.960264
0.960264
0.960264
0.960132
0.960132
0.960132
0.960132
0.960132
0.960132
0.960132
0.960132
0.960132
0.960132
0.960132
0.960132
0.960132
0.960132
0.960132
0.960132
0.960132
0.960132
0.960000
0.960000
0.960000
0.960000
0.960000
0.960000
0.960000
0.963698
0.963698
0.963698
0.963698
0.963698
0.963698
0.963698
0.963698
0.963698
0.963698
0.963698
0.963698
0.963698
0.963698
0.963698
0.963698
0.963698
0.963698
0.963698
0.963698
0.963698
0.963698
0.963698
0.963698
0.963698
0.963698
0.963698
0.963698
0.963698
0.963698
0.960000
0.960000
0.960000
0.960000
0.960000
0.960000
0.960000
0.960000
0.960000
0.960000
0.960000
0.960000
0.960000
0.960000
0.960000
0.960000
0.960000
0.960000
0.960000
0.960000
0.960000
0.960000
0.960000
0.960000
0.960000
0.960000
0.960000
0.960000
0.960000
0.960000
0.960000
0.960000
0.960000
0.960000
0.960000
0.960000
0.960000
0.960000
0.960000
0.960000
0.960000
0.960000
0.960000
0.960000
0.960000
0.960000
0.960000
0.960000
0.960000
0.960000
0.960000
0.960000
0.960000
0.960000
0.960000
0.960000
0.960000
0.960000
0.960000
0.960000
0.960000
0.960000
0.960000
0.960000
0.960000
0.960000
0.960000
0.960000
0.960000
0.960000
0.960000
0.960000
0.960000
0.960000
0.960000
0.960000
0.960000
0.960000
0.960000
0.960000
0.960000
0.960000
0.960000
0.960000
0.960000
0.960000
0.960000
0.960000
0.960000
0.960132
0.960132
0.960132
0.960132
0.960132
0.960132
0.960132
0.960132
0.960132
0.960132
0.960132
0.960132
0.960132
0.960132
0.960132
0.960132
0.960132
0.960132
0.960132
0.960132
0.960132
0.960132
0.960132
0.960132
0.960132
0.960132
0.960132
0.960132
0.960132
0.960132
0.960000
0.960000
0.960000
0.960000
0.960132
0.960132
0.960132
0.960132
0.960132
0.960132
0.960132
0.960132
0.960132
0.960132
0.960132
0.960132
0.960132
0.960132
0.960132
0.960132
0.960132
0.960132
0.960132
0.960132
0.960132
0.960132
0.960132
0.960132
0.968320
0.984695
0.990506
0.990506
0.990506
0.990770
1.001598
1.020879
1.028142
1.028142
1.028142
1.028274
1.028274
1.028274
1.028406
1.028406
1.028406
1.028406
1.028406
1.028538
1.028538
1.028538
1.028671
1.028671
1.028671
1.028671
1.044650
1.049668
1.049668
1.049668
1.041480
1.025105
1.019294
1.019294
1.019558
1.021539
1.016389
1.014540
1.007277
1.007277
1.007277
1.007145
1.007145
1.007145
1.007013
1.007013
1.007013
1.007013
1.007013
1.006881
1.006881
1.006881
1.006749
1.006749
1.006749
1.006749
0.990770
0.985751
0.986544
0.986544
0.986544
0.986544
0.986544
0.986544
0.986280
0.984035
0.978224
0.960792
0.960792
0.960792
0.960792
0.960792
0.960792
0.960792
0.960792
0.960792
0.960792
0.960792
0.960792
0.960792
0.960792
0.960792
0.960792
0.960792
0.972546
1.002259
1.038839
1.088097
1.118338
1.149108
1.179614
1.209723
1.240229
1.270734
1.299391
1.299391
1.299391
1.299391
1.299391
1.300447
1.300579
1.307975
1.317219
1.321709
1.344291
1.344291
1.345083
1.346272
1.347328
1.350234
1.350366
1.350366
1.351422
1.351422
1.339669
1.310088
1.273507
1.224249
1.194140
1.163370
1.132865
1.102755
1.072250
1.041744
1.013088
1.013088
1.013088
1.013088
1.013088
1.012031
1.011899
1.004504
0.995260
0.990770
0.968188
0.968188
0.967395
0.966207
0.965150
0.962245
0.962113
0.962245
0.961189
0.961189
0.961321
0.977432
1.013088
1.043065
1.072250
1.102095
1.131940
1.161654
1.191631
1.221740
1.251322
1.280771
1.310088
1.339537
1.364100
1.364100
1.364100
1.364100
1.364100
1.365156
1.385229
1.389323
1.389455
1.389455
1.389587
1.389587
1.389719
1.389587
1.389587
1.389587
1.389455
1.373344
1.337820
1.307843
1.292128
1.270866
1.241153
1.211440
1.181595
1.151485
1.121904
1.092455
1.063138
1.033689
1.009126
1.009126
1.009126
1.009126
1.009126
1.008069
0.987996
0.983903
0.983771
0.983771
0.983771
0.983771
0.983639
0.983639
0.983639
0.983639
0.983639
0.983506
0.983374
0.983374
0.968980
0.960396
0.960264
0.960396
0.960264
0.960264
0.960264
0.960264
0.960264
0.960264
0.960264
0.960264
0.960264
0.960264
0.960264
0.960264
0.960264
0.960264
0.960264
0.960264
0.960132
0.960132
0.960132
0.960132
0.960132
0.960132
0.960132
0.960132
0.960132
0.960132
0.960132
0.960132
0.960132
0.960000
0.960000
0.960000
0.960000
0.960000
0.960000
0.960000
0.960000
0.960000
0.960000
0.960000
0.960000
0.960000
0.960000
0.960000
0.960000
0.960000
0.960000
0.960000
0.960000
0.960000
0.960000
0.960000
0.960132
0.960132
0.960132
0.960132
0.960132
0.960132
0.960132
0.960132
0.983110
0.983242
0.983242
0.983242
0.983242
0.983242
0.983242
0.983242
0.983242
0.983242
0.983242
0.983242
0.983242
0.983242
0.983242
0.983242
0.983242
0.983242
0.983242
0.983242
0.983242
0.983242
0.983110
0.983110
0.983110
0.983110
0.983110
0.983110
0.983110
0.983110
0.960132
0.960000
0.960000
0.960000
0.960000
0.960000
0.960000
0.960000
0.960000
0.960000
0.960000
0.960000
0.960000
0.960000
0.960000
0.960000
0.960000
0.960000
0.960000
0.960000
0.960000
0.960000
0.960000
0.960000
0.960132
0.960132
0.960132
0.960132
0.960132
0.960132
0.960132
0.960132
0.960132
0.960132
0.960132
0.960132
0.960264
0.960264
0.960264
0.960264
0.960264
0.960264
0.960264
0.960264
0.960264
0.960264
0.960264
0.960264
0.960264
0.960264
0.960264
0.960264
0.960264
0.960264
0.960132
0.960132
0.960132
0.960132
0.960132
0.960132
0.960132
0.960132
0.960132
0.960132
0.960132
0.960132
0.960000
0.960000
0.960000
0.960000
0.960000
0.960000
0.960000
0.960000
0.960000
0.960000
0.960000
0.960000
0.960000
0.960132
0.960132
0.960132
0.960132
0.960132
0.960264
0.960264
0.960264
0.961849
0.964358
0.982978
0.982978
0.982978
0.982978
0.982978
0.982978
0.982978
0.982978
0.982978
0.982978
0.982978
0.982978
0.982978
0.982978
0.982978
0.982978
0.982978
0.982978
0.982978
0.982978
0.982846
0.982846
0.982846
0.982846
0.982846
0.982714
0.982714
0.982714
0.981129
0.978620
0.960000
0.960000
0.960000
0.960000
0.960000
0.960000
0.960000
0.960132
0.961321
0.962509
0.962509
0.962509
0.962509
0.962641
0.962641
0.962641
0.962641
0.962641
0.962641
0.962641
0.962641
0.962641
0.962641
0.962641
0.962641
0.962641
0.962641
0.962641
0.962641
0.962641
0.962641
0.962641
0.962641
0.962641
0.962641
0.962641
0.962641
0.962509
0.961321
0.960132
0.960132
0.960132
0.960132
0.960000
0.960000
0.960000
0.980997
0.980997
0.985091
0.985223
0.985223
0.985223
0.985355
0.985355
0.985355
0.985355
0.985355
0.985355
0.985355
0.985355
0.985355
0.985355
0.985355
0.985355
0.985355
0.985355
0.985355
0.985355
0.985355
0.985355
0.985355
0.985355
0.985355
0.985355
0.985355
0.985355
0.964358
0.964358
0.960264
0.960132
0.960132
0.960132
0.960000
0.960000
0.960000
0.960132
0.960132
0.960132
0.960132
0.960132
0.960132
0.960132
0.960132
0.960132
0.960264
0.960264
0.960264
0.960264
0.960264
0.960264
0.960264
0.960264
0.960264
0.960264
0.960264
0.960264
0.960264
0.960264
0.960264
0.960264
0.960264
0.960264
0.960264
0.960264
0.960264
0.960132
0.960132
0.960132
0.960132
0.960132
0.960132
0.960132
0.960132
0.960132
0.960000
0.960000
0.960000
0.960000
0.960000
0.960000
0.960000
0.960000
0.960000
0.960000
0.960000
0.960000
0.980073
0.980073
0.980073
0.980073
0.980073
0.980205
0.980205
0.980205
0.980337
0.980337
0.980337
0.980337
0.980337
0.980337
0.980337
0.980337
0.980337
0.980337
0.980337
0.980337
0.980337
0.980337
0.980337
0.980337
0.980337
0.980337
0.980337
0.980337
0.980337
0.980337
0.960264
0.960264
0.960264
0.960264
0.960264
0.960132
0.960132
0.960132
0.960000
0.960000
0.960000
0.960000
0.960000
0.980601
0.980601
0.980601
0.980601
0.980601
0.980601
0.980601
0.980601
0.980601
0.980601
0.980601
0.984827
1.006088
1.006088
1.006088
1.006088
1.006088
1.006088
1.006088
1.006088
1.006088
1.006088
1.006088
1.006088
1.006088
1.006088
1.006221
1.006221
1.006221
1.006221
0.985619
0.985619
0.985619
0.985619
0.985619
0.985619
0.985619
0.985619
0.985619
0.985619
0.985619
0.981394
0.960132
0.961189
0.961189
0.961189
0.961189
0.961717
0.961717
0.961717
0.961717
0.965282
0.966999
0.966999
0.966999
0.971225
0.971093
0.971093
0.971093
0.971093
0.971093
0.971093
0.971093
0.971093
0.971093
0.971093
0.971093
0.971093
0.971093
0.971093
0.971093
0.971093
0.971093
0.970036
0.970036
0.970036
0.970036
0.969508
0.969508
0.969508
0.969508
0.965943
0.964226
0.964226
0.964226
0.960000
0.960132
0.960132
0.960132
0.960132
0.960132
0.960132
0.960132
0.960132
0.960132
0.960132
0.960132
0.960132
0.960264
0.960264
0.960264
0.960264
0.960264
0.960264
0.960264
0.960264
0.960264
0.960264
0.960264
0.960264
0.960264
0.960264
0.960264
0.960264
0.960264
0.960264
0.960132
0.960132
0.960132
0.983903
0.983903
0.984035
0.984035
0.984035
0.984035
0.984035
0.984035
0.984035
0.983903
0.983903
0.983903
0.983903
0.983903
0.983903
0.983903
0.983903
0.983903
0.983903
0.983903
0.984035
0.984035
0.984035
0.984035
0.984035
0.984035
0.984035
0.984035
0.984035
0.984035
0.960264
0.960264
0.960132
0.960132
0.960132
0.960132
0.960132
0.960132
0.960132
0.960132
0.960132
0.960132
0.960132
0.960132
0.960132
0.960132
0.960132
0.960132
0.960132
0.960132
0.960000
0.960000
0.960000
0.960000
0.960000
0.960000
0.960000
0.960000
0.960000
0.960000
0.960000
0.960000
0.960000
0.960000
0.960000
0.960000
0.960000
0.960000
0.960000
0.960000
0.960000
0.960000
0.960000
0.960000
0.960000
0.960000
0.960132
0.960132
0.960132
0.960132
0.960132
0.960132
0.960132
0.960132
0.960132
0.960132
0.960132
0.960132
0.960264
0.960264
0.960264
0.960264
0.960264
0.960264
0.960264
0.960264
0.960264
0.960264
0.960264
0.960264
0.960264
0.960264
0.960264
0.960264
0.960264
0.960264
0.960132
0.960132
0.960132
0.960132
0.960132
0.960132
0.960132
0.960132
0.960132
0.960132
0.960132
0.960132
0.960000
0.960000
0.960000
0.960000
0.966867
0.981922
0.982582
0.982582
0.982582
0.982582
0.982582
0.982582
0.982582
0.982582
0.982582
0.982582
0.982582
1.015861
1.050328
1.066439
1.066439
1.066439
1.066439
1.066439
1.066439
1.066439
1.066439
1.066439
1.066439
1.066439
1.066439
1.066439
1.066439
1.066439
1.059572
1.044518
1.043857
1.043857
1.043857
1.043857
1.043857
1.043857
1.043857
1.043857
1.050724
1.078853
1.106321
1.073174
1.038707
1.022596
1.036594
1.036594
1.036594
1.036594
1.036594
1.036594
1.036594
1.036594
1.036594
1.036594
1.036594
1.036594
1.036594
1.036594
1.036594
1.036594
1.036594
1.036594
1.036594
1.036594
1.036594
1.036594
1.036594
1.036594
1.030916
1.006221
0.978884
0.999221
0.999221
1.001598
1.015861
1.044253
1.072646
1.080570
1.080570
1.080570
1.080570
1.080570
1.080570
1.080570
1.080570
1.080570
1.080570
1.080570
1.080570
1.080570
1.080570
1.080570
1.080570
1.080570
1.080834
1.093379
1.117678
1.146335
1.172482
1.169049
1.168917
1.148448
1.148448
1.146071
1.117810
1.089418
1.061025
1.053101
1.053101
1.053101
1.053101
1.053101
1.053101
1.053101
1.053101
1.053101
1.053101
1.053101
1.053101
1.053101
1.053101
1.053101
1.053101
1.053233
1.052969
1.040424
1.016125
0.987468
0.960132
0.960132
0.960132
0.960132
0.960132
0.960132
0.960132
0.960132
0.960132
0.960132
0.960132
0.960132
0.960132
0.960132
0.960132
0.960132
0.960132
0.987864
0.989845
0.989845
0.996448
1.001070
1.001070
1.001070
1.001070
1.000938
1.000938
1.000938
1.000938
1.000938
1.000938
1.000938
1.000938
1.000938
1.000938
1.000938
1.000938
1.000938
1.000938
1.000938
1.000938
1.000938
1.000938
1.004636
1.033161
1.061685
1.063930
1.038839
1.036858
1.036858
1.030255
1.025633
1.025765
1.025765
1.025765
1.029067
1.044253
1.071722
1.083871
1.083871
1.083871
1.083871
1.083871
1.083871
1.083871
1.083871
1.083871
1.083871
1.083871
1.083871
1.083871
1.083871
1.083871
1.080173
1.051649
1.023124
1.020879
1.018238
1.018238
1.018238
1.018238
1.018238
1.018106
1.018238
1.018238
1.014936
0.999750
0.972281
0.960132
0.979941
0.992883
0.992883
0.992883
1.001466
1.001466
1.001466
1.001466
1.001466
1.001466
1.001598
1.001598
1.001598
1.001598
1.001598
1.001598
1.001598
1.001598
1.001598
1.001598
1.001598
1.001598
1.001598
1.001598
1.001466
1.001466
1.001466
1.001466
1.005956
1.034481
1.043065
1.031576
1.031576
1.031576
1.022992
1.022992
1.022992
1.022992
1.022992
1.022992
1.022860
1.026161
1.038971
1.066439
1.080570
1.080570
1.080570
1.080570
1.080570
1.080570
1.080570
1.080570
1.080570
1.080570
1.080570
1.080570
1.080570
1.080570
1.076080
1.047555
1.019162
1.017710
1.017710
1.017710
1.017710
1.017710
1.017710
1.017710
1.017710
1.017710
1.017710
1.014408
1.001598
0.974130
0.960000
0.960000
0.960000
0.960132
0.960132
0.980469
1.012956
1.012956
1.012956
1.023124
1.027746
1.027746
1.027746
1.027878
1.027878
1.028010
1.028010
1.028010
1.028010
1.028010
1.028010
1.028010
1.028010
1.028010
1.028142
1.028142
1.028142
1.028142
1.028142
1.028142
1.028142
1.028142
1.043461
1.071590
1.095888
1.075551
1.043065
1.043065
1.043065
1.032896
1.028274
1.028274
1.028274
1.028142
1.028142
1.028010
1.028010
1.028010
1.028142
1.028142
1.028142
1.028142
1.028142
1.028142
1.028010
1.028010
1.028010
1.054554
1.082947
1.093908
1.093908
1.093908
1.078589
1.050328
1.026029
1.026029
1.026029
1.026029
1.028935
1.038707
1.065779
1.087305
1.087305
1.087305
1.087305
1.087305
1.087305
1.087305
1.087173
1.087173
1.087173
1.087173
1.087173
1.087173
1.087173
1.087173
1.087173
1.060629
1.032236
1.021275
1.021275
1.021275
1.021275
1.021275
1.021275
1.021275
1.021275
1.021275
1.018370
1.008598
0.981526
0.960000
0.960000
0.960000
0.960000
0.960000
0.961717
0.961717
0.961717
0.961849
0.961849
0.983639
0.983639
0.983639
0.983639
1.003183
1.007409
1.007409
1.007409
1.007541
1.007541
1.007541
1.007541
1.007541
1.007541
1.007541
1.007541
1.007541
1.007541
1.007541
1.007673
1.007673
1.007673
1.007673
1.007673
1.007673
1.005956
1.005956
1.005956
1.005824
1.005824
0.984035
0.984035
0.984035
0.984035
0.964490
0.960264
0.960264
0.960264
0.960132
0.960132
0.960132
0.960132
0.960132
0.960132
0.960132
0.960132
0.960132
0.960132
0.960132
0.960000
0.960000
0.960000
0.960000
0.961717
0.961717
0.961717
0.961717
0.961849
0.961849
0.966075
0.989977
1.031444
1.061817
1.092059
1.122168
1.152277
1.182387
1.212496
1.242606
1.272715
1.302692
1.332802
1.362779
1.391832
1.420489
1.448485
1.476482
1.505402
1.533135
1.560867
1.588467
1.616200
1.643800
1.669684
1.688436
1.688568
1.688568
1.688436
1.688436
1.684210
1.660307
1.618841
1.588467
1.558226
1.528117
1.498007
1.468030
1.437920
1.407943
1.377834
1.347856
1.317747
1.287770
1.258717
1.230060
1.202064
1.174067
1.145146
1.117414
1.089682
1.062213
1.034481
1.006881
0.979281
0.960660
0.960528
0.960528
0.960528
0.960528
0.960528
0.960528
0.960660
0.960660
0.960660
0.960792
0.960792
0.960660
0.960660
0.960528
0.999221
1.039631
1.070533
1.101171
1.131412
1.161654
1.191235
1.221476
1.251718
1.281827
1.312069
1.341650
1.363175
1.363175
1.363175
1.363043
1.364760
1.367797
1.373212
1.374928
1.377570
1.379154
1.379022
1.379154
1.379154
1.379154
1.379154
1.379154
1.379286
1.379286
1.340725
1.300976
1.271262
1.240625
1.210383
1.180142
1.150561
1.120451
1.090210
1.060233
1.029991
1.000278
0.978752
0.978752
0.978752
0.978752
0.977036
0.973998
0.968584
0.966867
0.964226
0.962641
0.962641
0.962509
0.962509
0.962377
0.962377
0.962377
0.962245
0.962245
0.962113
0.961453
0.960264
0.960264
0.960264
0.960264
0.960264
0.960132
0.960132
0.960000
0.960000
0.960000
0.960132
0.960132
0.960132
0.960132
0.960132
0.960132
0.960132
0.960132
0.960132
0.960132
0.960264
0.960264
0.960264
0.960264
0.960264
0.960264
0.960264
0.960264
0.960264
0.960264
0.960264
0.960264
0.960264
0.960264
0.960264
0.960264
0.960264
0.960264
0.960264
0.960264
0.960132
0.960132
0.960132
0.960132
0.960132
0.960132
0.960132
0.960132
0.960132
0.960132
0.960000
0.960000
0.960000
0.960000
0.960000
0.960000
0.960000
0.960000
0.960000
0.960000
0.960000
0.960000
0.960000
0.960000
0.960000
0.960000
0.960000
0.960000
0.960000
0.960000
0.960000
0.960000
0.960000
0.960000
0.960000
0.960000
0.960000
0.960000
0.960000
0.960000
0.960000
0.960000
0.960000
0.960000
0.960000
0.960000
0.960000
0.960000
0.960000
0.960000
0.960000
0.960000
0.960000
0.960000
0.960000
0.960000
0.960000
0.960000
0.960000
0.960000
0.960000
0.960000
0.960000
0.960000
0.960000
0.960132
0.960132
0.960132
0.960132
0.960132
0.960132
0.960264
0.960264
0.960264
0.960264
0.960264
0.960264
0.960264
0.960264
0.960264
0.960264
0.980337
0.994335
1.012427
1.013220
1.013220
1.013220
1.013220
1.013220
1.013220
1.013352
1.013352
1.013352
1.013352
1.013352
1.013220
1.013220
1.013220
1.013220
1.013220
1.013220
1.013088
1.013088
1.013088
1.013088
1.013088
1.013088
1.013088
1.013088
1.013088
1.013088
0.993147
0.979149
0.961056
0.960264
0.960264
0.960396
0.960396
0.960396
0.960396
0.960264
0.960264
0.960264
0.960264
0.960264
0.960396
0.960528
0.960528
0.960528
0.960528
0.960528
0.960528
0.960528
0.960528
0.960528
0.960528
0.960528
0.960660
0.960660
0.960660
0.960660
0.960528
0.960528
0.960528
0.960528
0.960528
0.960396
0.960396
0.960528
0.960528
0.960528
0.960528
0.960528
0.960528
0.960528
0.960396
0.960264
0.960264
0.960264
0.960264
0.960264
0.960264
0.960264
0.960264
0.960264
0.960264
0.960264
0.960132
0.960132
0.960264
0.960264
0.960264
0.960396
0.960396
0.960396
0.960396
0.960396
0.960396
0.960264
0.960264
0.960396
0.960396
0.960396
0.960396
0.960528
0.960528
0.960528
0.960528
0.960528
0.960528
0.960528
0.960528
0.960528
0.960528
0.960528
0.960528
0.960528
0.960660
0.960660
0.964754
0.983110
0.983110
0.982978
0.982978
0.982978
0.982978
0.982978
0.982978
0.983110
0.983110
0.982978
0.983110
0.983110
0.983110
0.982978
0.982978
0.982978
0.982978
0.983110
0.983110
0.983110
0.983242
0.983242
0.983242
0.983242
0.983242
0.983242
0.983242
0.983242
0.979149
0.960792
0.960792
0.960792
0.960924
0.960924
0.960924
0.961056
0.961056
0.960924
0.960924
0.960924
0.960792
0.960792
0.960792
0.960792
0.960792
0.960792
0.960792
0.960660
0.960660
0.960660
0.960528
0.960660
0.960660
0.960660
0.960660
0.960792
0.960660
0.960660
0.960792
0.960792
0.960924
0.961056
0.960924
0.961056
0.961056
0.961056
0.961056
0.961056
0.961056
0.961056
0.961056
0.961056
0.961056
0.961056
0.961056
0.961189
0.961189
0.961189
0.961189
0.961321
0.961321
0.961189
0.961189
0.961189
0.961189
0.961056
0.961056
0.961056
0.960792
0.960924
0.960792
0.960660
0.960792
0.960660
0.960660
0.960528
0.960528
0.960528
0.960528
0.960528
0.960528
0.960528
0.960660
0.960792
0.960792
0.960792
0.960792
0.960924
0.960924
0.960792
0.960792
0.960924
0.960924
0.961056
0.961056
0.961056
0.961056
0.961056
0.961056
0.960924
0.960924
0.960924
0.960792
0.960792
0.960792
0.960924
0.960924
0.960924
0.960924
0.984563
0.984563
0.984563
0.984431
0.984299
0.984431
0.984431
0.984431
0.984299
0.984299
0.984431
0.984431
0.984299
0.984431
0.984299
0.984299
0.984299
0.984299
0.984299
0.984299
0.984299
0.984299
0.984299
0.984431
0.984431
0.984431
0.984431
0.984431
0.984431
0.984431
0.960924
0.960924
0.961056
0.961056
0.961056
0.960924
0.960792
0.960924
0.961056
0.961056
0.960924
0.962773
0.962773
0.962641
0.962641
0.962641
0.962641
0.962773
0.962773
0.962905
0.962905
0.962905
0.962905
0.962905
0.962905
0.963037
0.962905
0.963037
0.963037
0.963037
0.962905
0.963037
0.962905
0.962905
0.962905
0.962905
0.962905
0.962773
0.962641
0.987468
0.987468
0.985619
0.985619
1.028010
1.067628
1.097605
1.127450
1.157296
1.186877
1.216194
1.246039
1.274828
1.303353
1.331877
1.360534
1.364100
1.364232
1.364100
1.364232
1.365156
1.365288
1.365288
1.365288
1.365288
1.365420
1.365552
1.365552
1.365684
1.365816
1.340989
1.341121
1.341254
1.341254
1.299127
1.259509
1.229664
1.199951
1.170105
1.140788
1.111471
1.081626
1.052837
1.024445
0.995788
0.967263
0.963566
0.963434
0.963566
0.963566
0.962641
0.962509
0.962377
0.962377
0.962377
0.962245
0.962245
0.962245
0.962245
0.962113
0.962113
0.961981
0.961849
0.961849
0.961585
0.961585
0.961453
0.961453
0.961321
0.961056
0.961056
0.961056
0.967527
0.983506
0.983506
0.983374
0.983374
0.983374
0.983374
0.983242
0.983242
0.983242
0.983242
0.983374
0.983506
0.983506
0.983506
0.983639
0.983506
0.983639
0.983639
0.983639
0.983639
0.983771
0.983771
0.983771
0.983771
0.983639
0.983639
0.983639
0.983506
0.983506
0.977036
0.961056
0.961056
0.961056
0.961189
0.961189
0.961056
0.961056
0.961056
0.961056
0.961056
0.960924
0.960792
0.960924
0.960792
0.960660
0.960660
0.960660
0.960660
0.960660
0.960660
0.960528
0.960528
0.960528
0.960528
0.960528
0.960528
0.960660
0.960660
0.960660
0.960660
0.960660
0.960660
0.960660
0.960528
0.960528
0.960528
0.960528
0.960528
0.960660
0.960660
0.960660
0.960660
0.960528
0.960528
0.960528
0.960660
0.960528
0.960528
0.960528
0.960528
0.960528
0.960528
0.960528
0.960528
0.960528
0.960528
0.960396
0.960396
0.960396
0.960396
0.960396
0.960396
0.960528
0.960528
0.960528
0.960528
0.960528
0.960528
0.960396
0.960396
0.960396
0.960396
0.960396
0.960396
0.960396
0.960264
0.960264
0.960264
0.960264
0.964622
0.968848
0.968980
0.968980
0.968980
0.968980
0.968980
0.968980
0.978752
0.989317
0.989449
0.989713
0.989713
0.989581
0.993543
0.993543
0.993675
0.995128
0.996976
0.998561
0.998561
0.998561
0.998561
0.998561
0.998561
0.998693
0.998693
0.998693
0.998693
0.998693
0.994335
0.990241
0.990109
0.990109
0.990109
0.990109
0.990109
0.990109
0.980337
0.969772
0.969640
0.969244
0.969244
0.969640
0.965679
0.965811
0.965679
0.964226
0.962377
0.960792
0.960792
0.960792
0.960792
0.960792
0.960792
0.960660
0.960660
0.960660
0.960660
0.960792
0.960792
0.960660
0.960660
0.960660
0.960792
0.960792
0.960792
0.960792
0.960792
0.960792
0.960792
0.960792
0.960792
0.960396
0.960396
0.960264
0.960264
0.960264
0.960264
0.960264
0.960264
0.960264
0.960264
0.960264
0.960264
0.960396
0.960396
0.960396
0.960396
0.960264
0.960264
0.960264
0.960264
0.960264
0.960132
0.960132
0.960264
0.960264
0.960264
0.960264
0.960264
0.960264
0.960264
0.960264
0.960264
0.960264
0.960264
0.960264
0.960264
0.960264
0.960264
0.960264
0.960264
0.960264
0.960264
0.960132
0.960132
0.960132
0.960132
0.960132
0.960132
0.960132
0.960132
0.960132
0.960132
0.960132
0.960000
0.960000
0.960132
0.960132
0.960132
0.960132
0.960132
0.960264
0.960264
0.960264
0.960264
0.960264
0.960264
0.960264
0.960264
0.960264
0.960264
0.960264
0.960264
0.960264
0.960264
0.960264
0.960264
0.960264
0.960264
0.960264
0.960264
0.960264
0.960264
0.960264
0.960264
0.960264
0.960132
0.960132
0.960132
0.981394
1.030783
1.058648
1.086776
1.106057
1.117546
1.117546
1.117546
1.117678
1.117678
1.117678
1.117678
1.129960
1.157956
1.161786
1.161786
1.161786
1.161786
1.161918
1.165351
1.182123
1.182123
1.182123
1.182123
1.182123
1.184500
1.184764
1.184764
1.184764
1.184764
1.163502
1.114113
1.086116
1.057988
1.038707
1.027218
1.027218
1.027218
1.027086
1.027086
1.027086
1.027086
1.014804
0.986808
0.983374
0.983506
0.983506
0.983506
0.983374
0.979941
0.963169
0.963169
0.963169
0.963169
0.963169
0.960792
0.960528
0.960528
0.960528
0.960528
0.960528
0.960528
0.960528
0.960528
0.960528
0.960528
0.960528
0.960528
0.960528
0.960528
0.960528
0.960528
0.960528
0.960528
0.960132
0.960000
0.960000
0.960000
0.960000
0.960000
0.960000
0.960000
0.960000
0.960000
0.960000
0.960000
0.960000
0.960000
0.960000
0.960132
0.960132
0.960132
0.960132
0.960132
0.960132
0.960132
0.960396
0.980997
0.980997
0.980997
0.980997
0.980997
0.980997
0.980997
0.980997
0.980997
0.980997
0.980997
0.980997
0.982318
0.986148
0.990109
1.003183
1.015861
1.034481
1.038971
1.041480
1.041480
1.044518
1.052441
1.052573
1.052573
1.053366
1.063930
1.071986
1.072118
1.071854
1.051385
1.051649
1.060233
1.079381
1.079909
1.080041
1.080041
1.080041
1.080173
1.081758
1.101171
1.106717
1.105529
1.101699
1.097869
1.095360
1.097737
1.081890
1.077532
1.087173
1.098794
1.101699
1.099058
1.098926
1.100246
1.099454
1.088889
1.080834
1.080702
1.080702
1.080570
1.080305
1.071722
1.052573
1.052045
1.051913
1.051913
1.051913
1.051781
1.050196
1.030783
1.025237
1.025105
1.025105
1.024973
1.014408
0.999353
0.996580
0.996448
0.984827
0.976243
0.970565
0.965150
0.965150
0.963830
0.963830
0.963962
0.966339
0.968452
0.968452
0.978356
0.993147
0.994335
0.994335
0.994335
0.994335
0.994335
0.994335
0.994467
0.994467
0.994467
0.994467
0.994467
0.994467
0.994467
0.994467
0.994467
0.994467
0.994467
0.993939
0.990902
0.990638
0.990638
0.990770
0.990770
0.990770
0.990638
0.988261
0.986148
0.986148
0.976243
0.961453
0.960264
0.960264
0.960264
0.960264
0.960264
0.960264
0.960132
0.960132
0.960132
0.960132
0.960132
0.960132
0.960132
0.960132
0.960132
0.960132
0.960132
0.960132
0.960132
0.960132
0.960132
0.960000
0.960000
0.960000
0.960000
0.960000
0.960000
0.960000
0.960000
0.960000
0.960000
0.960000
0.960000
0.960000
0.960000
0.960000
0.960000
0.960000
0.960000
0.960000
0.960000
0.960000
0.960000
0.960000
0.960000
0.960000
0.960000
0.960000
0.960000
0.960000
0.960000
0.960000
0.960000
0.960000
0.960000
0.960000
0.960000
0.960000
0.960000
0.960000
0.960000
0.960000
0.960000
0.960000
0.960000
0.960000
0.960000
0.960000
0.960000
0.960000
0.960000
0.960000
0.960000
0.960000
0.960000
0.960000
0.960000
0.960000
0.960000
0.960000
0.960000
0.960000
0.960000
0.960000
0.960000
0.960000
0.960132
0.960132
0.960132
0.960132
0.960132
0.960132
0.960132
0.960132
0.960132
0.960132
0.960132
0.960132
0.960132
0.960132
0.960132
0.960132
0.960264
0.961585
0.961585
0.961585
0.961585
0.961585
0.961585
0.961585
0.961585
0.961585
0.961585
0.961585
0.961585
0.961585
0.961453
0.961453
0.961453
0.961453
0.961453
0.961585
0.961585
0.961585
0.961585
0.961585
0.961585
0.961585
0.961585
0.961585
0.961585
0.961585
0.961453
0.960132
0.960132
0.960132
0.960132
0.960132
0.960132
0.960132
0.960132
0.960132
0.960132
0.960132
0.960132
0.960132
0.960132
0.960132
0.960132
0.960132
0.960132
0.960000
0.960000
0.960000
0.960000
0.960000
0.960000
0.960000
0.960000
0.960000
0.960000
0.965150
1.012031
1.045310
1.074891
1.104208
1.133393
1.162578
1.191763
1.220816
1.249341
1.277337
1.305201
1.333066
1.361062
1.388795
1.403717
1.403717
1.403717
1.403717
1.403849
1.403849
1.403849
1.403849
1.403849
1.403849
1.403849
1.403849
1.403849
1.403849
1.403849
1.398699
1.351818
1.318671
1.289090
1.259773
1.230588
1.201535
1.172350
1.143297
1.114773
1.086776
1.058912
1.031048
1.003051
0.975319
0.960396
0.960396
0.960396
0.960396
0.960396
0.960396
0.960396
0.960396
0.960396
0.960396
0.960396
0.961056
0.961056
0.961056
0.961056
0.961056
0.961056
0.960924
0.960924
0.960924
0.960924
0.960792
0.960792
0.960792
0.960792
0.960792
0.960792
0.960792
0.960792
0.960792
0.960792
0.960792
0.960792
0.960792
0.960660
0.960660
0.960660
0.960660
0.960660
0.960660
0.960660
0.960000
0.960000
0.960000
0.960000
0.960000
0.960000
0.960132
0.960132
0.960132
0.960132
0.960132
0.960132
0.960132
0.960132
0.960132
0.960132
0.960132
0.960132
0.960132
0.981658
0.981658
0.981658
0.981658
0.981658
0.981658
0.981658
0.981658
0.981658
0.981658
0.981658
0.981658
0.981658
0.981658
0.981658
0.981658
0.981658
0.981526
0.981526
0.981526
0.981526
0.981526
0.981526
0.981526
0.981526
0.981526
0.981526
0.981526
0.981526
0.981526
0.960000
0.960000
0.960000
0.960000
0.960000
0.960000
0.960000
0.960000
0.960000
0.960000
0.960000
0.960000
0.960000
0.960000
0.960000
0.960000
0.960000
0.960000
0.960000
0.960000
0.960000
0.960000
0.960000
0.960000
0.960000
0.960000
0.960000
0.960000
0.960000
0.960000
0.960000
0.960000
0.960000
0.960000
0.960000
0.960000
0.960000
0.960000
0.960000
0.960000
0.960000
0.960000
0.960000
0.960000
0.960000
0.980469
0.980469
0.980469
0.980469
0.980469
0.980469
0.980469
0.980469
0.980469
0.980469
0.980469
0.980469
0.980469
0.980469
0.980469
0.980469
0.980469
0.980469
0.980469
0.980469
0.980469
0.980469
0.980469
0.980469
0.980469
0.980469
0.980469
0.980469
0.980469
0.980469
0.960000
0.960000
0.960000
0.960000
0.960000
0.960000
0.960000
0.960000
0.960000
0.960000
0.960000
0.960000
0.960000
0.960000
0.960000
0.960000
0.960000
0.960000
0.985751
1.034217
1.075683
1.106453
1.137223
1.167728
1.198102
1.228475
1.258321
1.288166
1.318275
1.348385
1.378230
1.410188
1.415999
1.415999
1.416131
1.416131
1.416131
1.416923
1.421809
1.427752
1.429337
1.431978
1.433166
1.433166
1.433166
1.433166
1.433298
1.433430
1.407679
1.359213
1.317747
1.286977
1.258585
1.228079
1.197706
1.167332
1.137487
1.107774
1.077664
1.047687
1.017842
0.985884
0.980073
0.980205
0.980073
0.980073
0.980073
0.979281
0.974394
0.968452
0.966867
0.964226
0.963037
0.963037
0.963037
0.963037
0.962905
0.962905
0.962905
0.962905
0.962905
0.962905
0.960528
0.960528
0.960528
0.960528
0.960528
0.960396
0.960396
0.960264
0.960264
0.960264
0.960264
0.960132
0.960132
0.960132
0.960132
0.960132
0.960132
0.960132
0.960132
0.960132
0.960132
0.960132
0.960132
0.960132
0.960132
0.960000
0.960000
0.960000
0.960000
0.960000
0.960000
0.960000
0.960000
0.960132
0.960132
0.960132
0.960132
0.960132
0.960132
0.960132
0.960132
0.960132
0.960132
0.960132
0.960132
0.960132
0.960132
0.960264
0.960264
0.960264
0.960264
0.960264
0.960264
0.960264
0.960264
0.960264
0.960264
0.960264
0.960264
0.960264
0.960264
0.960264
0.960264
0.960132
0.960132
0.960132
0.960132
0.960132
0.960132
0.960132
0.960132
0.960132
0.960132
0.960132
0.960132
0.960132
0.960132
0.960000
0.960000
0.960000
0.960000
0.960000
0.960000
0.981790
0.981790
0.981790
0.981790
0.981790
0.981790
0.981790
0.981790
0.981922
0.981922
0.981922
0.981922
0.981922
0.981922
0.981922
0.981922
0.981922
0.981922
0.981922
0.981922
0.981922
0.981922
0.981922
0.981922
0.981922
0.981922
0.981922
0.981922
0.981922
0.982054
0.960264
0.960264
0.960264
0.960264
0.969244
0.981394
0.987864
0.988921
0.993675
0.994599
0.994599
0.994599
0.994599
0.994599
0.994599
0.994599
0.994599
0.994599
0.994599
0.994599
0.995392
0.995392
0.995656
0.995656
0.995656
0.995656
0.995656
0.995656
0.995656
0.998429
0.998825
0.998825
0.998957
0.998957
0.989977
0.977828
0.971489
0.984695
0.988657
0.987732
0.987732
0.987732
0.999882
1.004372
1.008994
1.009126
1.012031
1.016521
1.017974
1.020483
1.019691
1.021671
1.029991
1.029991
1.029991
1.030783
1.030783
1.030783
1.065515
1.092323
1.121508
1.150957
1.180538
1.209987
1.239436
1.268885
1.298334
1.314049
1.335179
1.364628
1.392624
1.420489
1.436336
1.450994
1.446372
1.446372
1.443467
1.438977
1.438713
1.436204
1.436336
1.434355
1.425903
1.426035
1.426167
1.425375
1.425375
1.425507
1.390908
1.361194
1.331745
1.303089
1.273904
1.244454
1.215137
1.185688
1.156107
1.126262
1.096417
1.066968
1.039103
1.017313
0.991298
0.972149
0.972281
0.972281
0.993807
1.000806
0.999618
0.999750
0.999750
0.999882
0.999750
0.999618
0.999486
0.999486
0.999618
0.999486
0.999353
0.999353
0.999221
0.998429
0.997901
0.997901
0.997769
0.997769
0.997769
0.997637
0.997505
0.997505
0.997373
0.991430
0.989449
0.989449
0.989317
0.989317
0.967791
0.960792
0.960792
0.960660
0.960528
0.960396
0.960396
0.960396
0.960396
0.960396
0.960264
0.960264
0.960264
0.960264
0.960264
0.960396
0.960396
0.960528
0.960528
0.960528
0.960528
0.960528
0.960528
0.960528
0.960528
0.960396
0.960528
0.960528
0.960528
0.960396
0.960528
0.960528
0.960528
0.960528
0.960528
0.960660
0.960792
0.960792
0.960792
0.960924
0.961056
0.961056
0.961189
0.961189
0.961189
0.961189
0.961189
0.961056
0.961056
0.961056
0.961056
0.961056
0.961056
0.961056
0.961056
0.961189
0.961056
0.961189
0.961189
0.961189
0.961056
0.961056
0.961056
0.961056
0.961056
0.960924
0.960792
0.960792
0.960792
0.960660
0.960660
0.960660
0.960660
0.960660
0.960660
0.960528
0.960528
0.960528
0.960528
0.960528
0.960660
0.960660
0.960792
0.960792
0.960792
0.960792
0.960924
0.960792
0.960792
0.960792
0.960924
0.961056
0.961056
0.961056
0.961056
0.961056
0.961056
0.961056
0.961056
0.961056
0.960924
0.960924
0.960792
0.960792
0.960924
0.960924
0.961056
0.961056
0.961056
0.961056
0.960924
0.960924
0.960792
0.960792
0.960792
0.960660
0.960528
0.960660
0.960660
0.960792
0.960660
0.960528
0.960528
0.960528
0.960528
0.960528
0.963830
0.963962
0.963962
0.963962
0.967263
0.967395
0.969244
0.969244
0.969244
0.969376
0.969244
0.969376
0.969508
0.969508
0.969640
0.969640
0.969640
0.969640
0.969772
0.969772
0.969772
0.969640
0.969640
0.969508
0.969508
0.969508
0.969508
0.969508
0.969640
0.971093
0.973866
0.993807
0.993807
0.993807
0.990638
0.990638
0.988921
0.989053
0.988921
0.988921
0.989053
0.988921
0.988789
0.988921
0.988789
0.988789
0.988921
0.988921
0.988789
0.988789
0.988789
1.013880
1.013880
1.013880
1.013880
1.014012
1.014012
1.014012
1.014012
1.012559
1.006485
0.986544
0.986676
0.986676
0.986544
0.986412
0.986280
0.986280
0.986280
0.986148
0.986148
0.986148
0.986148
0.986016
0.986016
0.986148
0.986016
0.986148
0.986148
0.986148
0.986148
0.961056
0.961189
0.961321
0.961321
0.961189
0.961321
0.961453
0.961321
0.961453
0.961585
0.961453
0.961321
0.961321
0.961321
0.961321
0.961321
0.961189
0.961189
0.961321
0.961189
0.961189
0.961189
0.961189
0.961189
0.961056
0.961189
0.961056
0.961056
0.961056
0.961056
0.961056
0.960924
0.960792
0.960924
0.961056
0.960924
0.960792
0.960792
0.960660
0.960528
0.960528
0.960528
0.960528
0.960528
0.960528
0.960660
0.960660
0.960660
0.960528
0.960660
0.960660
0.960660
0.960660
0.960792
0.960924
0.960792
0.960924
0.961056
0.963830
0.984299
0.984299
0.984299
0.984299
0.984167
0.984035
0.984035
0.984167
0.984167
0.984299
0.984299
0.984299
0.984299
0.984299
0.984299
0.984299
0.984299
0.984299
0.984299
0.984431
0.984299
0.984299
0.984299
0.984431
0.984299
0.984299
0.984299
0.984299
0.984167
0.981658
0.961189
0.961717
0.969904
0.970301
0.970301
0.970301
0.970565
0.970697
0.971093
0.970961
0.971093
0.971093
0.971093
0.971093
0.971093
0.971225
0.971225
0.971225
0.971225
0.994731
0.994864
0.994864
0.994864
0.994731
0.994731
0.994599
0.994599
0.994599
0.994599
0.994335
0.994467
0.993939
0.985751
0.985355
0.985355
0.985487
0.985223
0.984959
0.984563
0.984563
0.984431
0.984431
0.984431
0.984563
0.984563
0.984431
0.984299
0.984299
0.984299
0.960660
0.960528
0.960528
0.981922
0.981922
0.982054
0.982054
0.982186
0.982054
0.982054
0.982054
0.981922
0.981922
0.981922
0.981922
0.981922
0.981790
0.981790
0.981790
0.981790
0.981790
0.981790
0.981790
0.981790
0.981658
0.981658
0.981658
0.981658
0.981658
0.981658
0.981658
0.981658
0.981658
0.960264
0.960264
0.960264
0.960264
0.960132
0.960132
0.960264
0.960264
0.960264
0.960264
0.960264
0.960264
0.960264
0.960264
0.960264
0.960264
0.960264
0.960264
0.960264
0.960264
0.960264
0.960264
0.960264
0.960264
0.960264
0.960264
0.960264
0.960264
0.960396
0.960396
0.960396
0.960396
0.960264
0.960264
0.960264
0.960264
0.960264
0.960264
0.960264
0.960264
0.960264
0.960396
0.960396
0.960396
0.960528
0.960528
0.960528
0.960528
0.960528
0.960528
0.960528
0.960528
0.960528
0.960528
0.960528
0.960528
0.960528
0.960528
0.960396
0.960396
0.960528
0.960660
0.960660
0.960660
0.960660
0.960660
0.960528
0.960528
0.960528
0.960528
0.960528
0.960396
0.960396
0.960396
0.960396
0.960396
0.960396
0.960396
0.960396
0.960396
0.960396
0.960396
0.960396
0.960396
0.960396
0.960396
0.960396
0.960396
0.960396
0.960396
0.960264
0.960132
0.960132
0.960132
0.960264
0.960264
0.960264
0.960264
0.960264
0.960264
0.960264
0.960264
0.960264
0.960264
0.960132
0.960132
0.960132
0.960132
0.960132
0.960132
0.960132
0.960132
0.960132
0.960132
0.960132
0.960132
0.960132
0.960132
0.960132
0.960132
0.960132
0.960132
0.960132
0.960132
0.960000
0.960000
0.960000
0.960000
0.960000
0.960000
0.960000
0.960132
0.960132
0.960132
0.960132
0.960132
0.960132
0.960264
0.960264
0.960264
0.960264
0.960264
0.960264
0.960264
0.960264
0.960264
0.960264
0.960264
0.960264
0.960264
0.960264
0.960264
0.960264
0.960264
0.960264
0.982846
1.012691
1.042273
1.056667
1.056667
1.056799
1.074495
1.109755
1.121244
1.121244
1.121244
1.124017
1.154126
1.186085
1.192820
1.192820
1.192820
1.193480
1.193744
1.195065
1.195065
1.195065
1.195197
1.195197
1.195329
1.195593
1.195593
1.195593
1.197970
1.197970
1.175388
1.145542
1.115961
1.101567
1.101567
1.101435
1.083607
1.048347
1.036858
1.036858
1.036858
1.034085
1.003843
0.971885
0.965150
0.965150
0.965150
0.964490
0.964226
0.962905
0.962905
0.962905
0.962773
0.962773
0.962641
0.962377
0.962377
0.962377
0.960000
0.960000
0.960000
0.960000
0.960132
0.960132
0.960132
0.960132
0.960132
0.960132
0.960132
0.960132
0.960132
0.960132
0.960132
0.960132
0.960132
0.960132
0.960132
0.960264
0.960264
0.960264
0.960264
0.960792
0.960924
0.960924
0.960924
0.960924
0.960924
0.960924
0.960924
0.960924
0.960924
0.960924
0.960792
0.960792
0.960792
0.960792
0.960792
0.960792
0.960792
0.960792
0.960924
0.960924
0.960924
0.960924
0.960924
0.960924
0.960924
0.960792
0.960792
0.960792
0.960792
0.960264
0.960132
0.960132
0.961056
0.961056
0.961056
0.961189
0.983771
0.983771
0.983771
0.983771
0.983771
0.983771
1.006749
1.010182
1.010182
1.011503
1.011503
1.011503
1.011371
1.011371
1.011371
1.011503
1.011503
1.011503
1.011503
1.011503
1.011503
1.011503
1.011503
1.011503
1.030123
1.045574
1.044650
1.044650
1.062874
1.067892
1.047027
1.047027
1.047027
1.047027
1.047027
1.047027
1.024048
1.020615
1.020615
1.019294
1.019294
1.019294
1.027482
1.027482
1.027482
1.041876
1.070269
1.075551
1.075551
1.075551
1.075551
1.075551
1.096945
1.117150
1.098530
1.083079
1.083079
1.083079
1.068420
1.076608
1.100775
1.100775
1.100775
1.100775
1.100775
1.100775
1.100775
1.100775
1.100775
1.100775
1.100775
1.100775
1.092587
1.092587
1.092587
1.078060
1.049668
1.044386
1.044386
1.044386
1.044386
1.044386
1.022992
1.002787
1.002787
1.002787
1.002787
1.002787
0.999221
0.985884
0.960000
0.960000
0.960000
0.960000
0.960000
0.960000
0.960000
0.960000
0.960000
0.960000
0.960000
0.960000
0.960000
0.960000
0.960000
0.960000
0.960000
0.960000
0.960000
0.960000
0.960000
0.960000
0.960000
0.960000
0.960000
0.960000
0.960000
0.960000
0.960000
0.960000
0.960000
0.960000
0.960000
0.960000
0.960000
0.960000
0.960000
0.960000
0.960000
0.960000
0.960000
0.960000
0.960000
0.960000
0.960132
0.960132
0.960132
0.960132
0.960132
0.960132
0.960132
0.960132
0.960132
0.960132
0.960132
0.960132
0.960132
0.960132
0.960132
0.960132
0.960132
0.960132
0.960132
0.960132
0.960132
0.960132
0.960132
0.960132
0.960132
0.960132
0.960132
0.960132
0.960132
0.960132
0.960000
0.960000
0.960000
0.960000
0.960000
0.960000
0.960000
0.960000
0.960000
0.960000
0.960000
0.960000
0.960000
0.960000
0.960000
0.960000
0.960000
0.960000
0.960000
0.960000
0.960000
0.960000
0.960000
0.960000
0.960000
0.960000
0.960000
0.960000
0.960000
0.960000
0.960000
0.961717
0.962245
0.962245
0.962245
0.962245
0.962245
0.962245
0.962245
0.962245
0.962245
0.962245
0.962245
0.962245
0.962245
0.962245
0.962245
0.962245
0.962245
0.962245
0.962245
0.962245
0.962245
0.962377
0.962377
0.962377
0.962377
0.962377
0.962377
0.962377
0.962377
0.960660
0.960132
0.960132
0.960132
0.960132
0.960132
0.960132
0.960132
0.960132
0.960132
0.961849
0.961849
0.971093
1.003315
1.042405
1.072382
1.102095
1.131412
1.160861
1.190310
1.219759
1.249209
1.278526
1.307843
1.336631
1.365288
1.393417
1.421149
1.449145
1.462351
1.462351
1.462351
1.462483
1.462483
1.462483
1.462483
1.462483
1.462615
1.462615
1.462615
1.460899
1.461031
1.451787
1.419696
1.380607
1.350630
1.320916
1.291731
1.262282
1.232965
1.203516
1.174067
1.144750
1.115565
1.086776
1.058120
1.029991
1.002391
0.974526
0.961321
0.961321
0.961321
0.961321
0.961453
0.961453
0.961453
0.961453
0.961321
0.961321
0.961321
0.961321
0.961189
0.961189
0.961056
0.961056
0.961056
0.961056
0.961321
0.961321
0.961189
0.961189
0.961189
0.961056
0.960924
0.960924
0.960924
0.960924
0.960792
0.961189
0.961189
0.961189
0.961189
0.961056
0.960924
0.960924
0.960924
0.960924
0.961321
0.961321
0.961321
0.961321
0.961321
0.961321
0.961321
0.961321
0.961321
0.961321
0.960924
0.980997
0.987336
0.987336
0.987336
0.987336
0.987336
0.987336
0.987336
0.987336
0.987468
0.987072
0.987072
0.987072
0.987072
0.987468
0.987468
0.987600
0.987600
0.987600
0.987204
0.987204
0.987204
0.987204
0.987204
0.987204
0.987204
0.987204
0.987204
0.987204
0.987204
0.967131
0.960792
0.960792
0.960792
0.960792
0.960792
0.960792
0.960792
0.960792
0.960660
0.960528
0.960528
0.960528
0.960528
0.960132
0.960132
0.960000
0.960000
0.960000
0.960000
0.960000
0.960000
0.960000
0.960000
0.960000
0.960000
0.960000
0.960000
0.960000
0.960000
0.960000
0.960000
0.960000
0.960000
0.960000
0.960000
0.960000
0.960000
0.960000
0.960000
0.960000
0.960000
0.960000
0.960000
0.960000
0.960000
0.960000
0.960000
0.960000
0.960000
0.960000
0.960000
0.960000
0.960000
0.960000
0.960000
0.960000
0.960000
0.980601
0.980601
0.980601
0.981658
0.981658
0.981658
0.981658
0.981658
0.981658
0.981658
0.981658
0.981658
0.981658
0.981658
0.981658
0.981658
0.981658
0.981658
0.981658
0.981658
0.981658
0.981658
0.981658
0.981658
0.981658
0.981658
1.004504
1.004504
1.004504
1.004504
0.983903
0.983903
0.983903
0.982846
0.982846
0.982846
0.982846
0.982846
0.982846
0.982846
0.982846
0.982978
0.982978
0.982978
0.982978
0.982978
0.986808
1.036990
1.074627
1.105397
1.135770
1.166012
1.196253
1.225570
1.255944
1.286053
1.293052
1.322897
1.352479
1.381928
1.400812
1.400812
1.400944
1.400944
1.402133
1.404510
1.409132
1.410584
1.412961
1.415603
1.415735
1.415603
1.415735
1.415867
1.415867
1.415867
1.412169
1.361987
1.324482
1.293712
1.263339
1.233097
1.202988
1.173671
1.143430
1.113320
1.083475
1.053630
1.024181
0.994864
0.975979
0.975979
0.975847
0.975847
0.974659
0.972281
0.967659
0.966207
0.963830
0.961189
0.961056
0.961056
0.960924
0.960792
0.960792
0.960792
0.960660
0.960660
0.980733
0.980733
0.980733
0.980733
0.980865
0.980865
0.980733
0.980733
0.980733
0.980865
0.980733
0.980601
0.980601
0.980601
0.980601
0.980601
0.980601
0.980601
0.980601
0.980601
0.980601
0.980601
0.980601
0.980601
0.980601
0.980601
0.980601
0.980601
0.980601
0.980601
0.960396
0.960396
0.960396
0.960396
0.960132
0.960132
0.960132
0.960132
0.960132
0.960000
0.960000
0.960000
0.960000
0.960000
0.960000
0.960000
0.960000
0.960000
0.960000
0.960000
0.960000
0.960000
0.960000
0.960000
0.960000
0.960000
0.960000
0.960000
0.960000
0.960000
0.960000
0.960000
0.960000
0.960000
0.960000
0.960000
0.960000
0.960000
0.960000
0.960000
0.960000
0.960000
0.960000
0.960000
0.960000
0.960000
0.960000
0.960000
0.960000
0.960000
0.960000
0.960000
0.960000
0.960000
0.960000
0.960000
0.960000
0.960000
0.960000
0.960000
0.960000
0.960000
0.960000
0.960000
0.960000
0.960000
0.960000
0.960000
0.960000
0.960132
0.960132
0.960132
0.960132
0.960132
0.960132
0.960132
0.960132
0.960132
0.960132
0.960132
0.960132
0.960132
0.960132
0.960132
0.960132
0.960132
0.960132
0.960132
0.960132
0.960132
0.960132
0.960132
0.960132
0.960132
0.960264
0.960264
0.960264
0.960264
0.960264
0.960132
0.960132
0.960132
0.960132
0.960132
0.960132
0.960132
0.960132
0.960132
0.960132
0.960132
0.960132
0.960132
0.960132
0.960132
0.960132
0.960132
0.960132
0.960132
0.960132
0.960132
0.960132
0.960132
0.960132
0.960132
0.960000
0.960000
0.960000
0.960000
0.960000
0.960000
0.960000
0.960000
0.960000
0.963169
0.970036
0.970036
0.970036
0.970036
0.970036
0.970036
0.970036
0.970036
0.970036
0.970036
0.970036
0.970036
0.970036
0.970036
0.970036
0.970036
0.970036
0.970036
0.970036
0.970036
0.970036
0.970036
0.970036
0.970036
0.970036
0.970169
0.970169
0.970169
0.970169
0.967131
0.960264
0.960264
0.960264
0.960264
0.960264
0.960264
0.960264
0.960264
0.960264
0.960264
0.960264
0.960264
0.960264
0.960264
0.960396
0.960396
0.960396
0.960528
0.960528
0.960528
0.960528
0.960528
0.960528
0.960528
0.960528
0.964490
0.984431
0.984431
0.984431
0.984431
0.984563
0.984563
0.987204
0.987204
0.987336
0.987336
0.987336
0.987336
0.987468
0.987468
0.987468
0.987468
0.987468
0.987468
0.987336
0.987336
0.987336
0.987204
0.987204
0.987204
0.987204
0.987204
0.987204
0.987204
0.987204
0.983110
0.963169
0.963169
0.963301
0.963169
0.963037
0.963037
0.960528
0.960528
0.960396
0.960396
0.960396
0.960396
0.960264
0.960396
0.960396
0.960528
0.960528
0.960528
0.960528
0.960528
0.960528
0.960528
0.960528
0.960528
0.960528
0.960528
0.960528
0.960528
0.960528
0.960660
0.960660
0.960660
0.960528
0.960528
0.960660
0.960660
0.960528
0.960528
0.960528
0.960528
0.960528
0.960528
0.960528
0.960396
0.960396
0.960264
0.960264
0.960264
0.960264
0.960264
0.960264
0.960264
0.960396
0.960396
0.960396
0.960528
0.960528
0.960528
0.960528
0.960396
0.960528
0.960660
0.960660
0.960660
0.960528
0.960528
0.960528
0.960528
0.960528
0.960528
0.960660
0.960660
0.960792
0.960792
0.960792
0.960924
0.961056
0.961056
0.961056
0.961056
0.961056
0.961056
0.960924
0.960924
0.960924
0.960924
0.960924
0.961056
0.961056
0.961056
0.960924
0.960792
0.960792
0.960792
0.960792
0.960792
0.987600
1.028274
1.058648
1.088889
1.118867
1.148580
1.178293
1.208006
1.237455
1.239568
1.239568
1.239700
1.240493
1.240757
1.240889
1.241021
1.241021
1.241021
1.241153
1.241153
1.241285
1.241285
1.241285
1.241417
1.249077
1.249209
1.249209
1.249341
1.249473
1.249473
1.222797
1.182255
1.151881
1.121772
1.091663
1.061949
1.032104
1.002523
0.973074
0.970829
0.970697
0.970565
0.969772
0.969508
0.969376
0.969376
0.969508
0.969508
0.969376
0.969244
0.969112
0.968980
0.968980
0.968848
0.961189
0.961189
0.961189
0.961189
0.961056
0.961056
0.960924
0.961189
0.964886
0.964886
0.964886
0.964886
0.964886
0.966471
0.966603
0.966603
0.966603
0.966603
0.966603
0.966603
0.966603
0.966471
0.966339
0.966339
0.966339
0.966339
0.966471
0.966471
0.966471
0.966603
0.966603
0.966471
0.966471
0.966339
0.966339
0.966471
0.966603
0.966207
0.962509
0.962377
0.962641
0.962641
0.962641
0.960924
0.960792
0.960792
0.960792
0.960792
0.961585
0.964226
0.964226
0.964226
0.964226
0.964226
0.964226
0.964226
0.964226
0.964226
0.964358
0.964226
0.964226
0.964226
0.964226
0.964226
0.968716
0.968716
0.968584
0.968716
0.968716
0.968716
0.968584
0.968716
0.968716
0.968716
0.968716
0.968716
0.968716
0.969244
0.968452
0.965943
0.966075
0.966075
0.987732
0.987864
0.987996
0.987996
0.987996
0.987996
0.987996
0.987996
0.987996
0.987996
0.987996
0.987996
0.983506
0.983374
0.983374
0.983242
0.983242
0.983242
0.983110
0.982978
0.982978
0.982978
0.982978
0.982978
0.982978
0.982450
0.982450
0.982318
0.982186
0.982186
0.960528
0.960396
0.960396
0.960396
0.960264
0.960264
0.960132
0.960132
0.960264
0.960264
0.960264
0.960264
0.960264
0.960396
0.960528
0.960528
0.960660
0.960792
0.960792
0.960792
0.960924
0.984167
0.984431
0.984431
0.984431
0.984563
0.984563
0.984563
0.984563
0.984563
0.984563
0.984563
0.984431
0.984431
0.984431
0.984431
0.984431
0.984431
0.984563
0.984563
0.984563
0.984563
0.984827
0.984695
0.992883
0.993675
0.993675
0.993675
0.993807
0.993807
0.995788
0.972546
0.972281
0.992222
0.992354
0.992222
0.992222
0.992354
0.992354
0.992486
0.992619
0.992619
0.992751
0.992751
1.014012
1.014144
1.014276
1.014276
1.014012
1.014144
1.014144
1.014144
1.013880
1.013880
1.005560
1.004900
1.004768
1.004768
1.004636
1.004636
1.002523
1.002523
1.002523
0.982582
0.982450
0.982450
0.982450
0.982318
0.982318
0.982186
0.982054
0.982054
0.981922
0.981922
0.960660
0.960660
0.960528
0.960660
0.960660
0.960528
0.960528
0.960528
0.960528
0.962377
0.982846
0.984959
0.984959
0.984827
0.984827
0.984827
0.984827
0.984827
0.984827
0.984827
0.984827
0.984827
0.984827
0.984827
0.984827
0.984827
0.984827
0.984827
0.984827
0.984827
0.984827
0.984695
0.984695
0.984563
0.984563
0.984959
0.984959
0.985091
0.985091
0.983242
0.962773
0.960528
0.960528
0.960528
0.960528
0.960528
0.960528
0.960528
0.960528
0.960528
0.960528
0.960528
0.960528
0.960528
0.960528
0.960528
0.960528
0.960528
0.960924
0.960924
0.960924
0.982318
0.982714
0.982714
0.982714
0.982318
0.982318
0.982186
0.982186
0.982186
0.982186
0.982186
0.982186
0.982186
0.982186
0.982186
0.982186
0.982186
0.982186
0.982186
0.982186
0.982186
0.982186
0.982318
0.982318
0.982318
0.982318
0.982318
0.981922
0.981922
0.982054
0.960660
0.960264
0.960264
0.960264
0.960264
0.960264
0.960264
0.960264
0.963698
0.966075
0.966075
0.981922
0.987996
0.987996
0.987996
0.987996
0.987996
0.987996
0.987996
0.987996
0.987996
0.987996
0.987864
0.987864
0.987864
0.987864
0.987864
0.987864
0.987864
0.987732
0.987732
0.987732
0.987732
0.987732
0.987732
0.987732
0.987732
0.987732
0.984299
0.981922
0.981922
0.966075
0.960000
0.960000
0.960132
0.960132
0.960132
0.960132
0.960132
0.960132
0.960264
0.960264
0.960264
0.960264
0.960264
0.960264
0.960264
0.960264
0.960264
1.000014
1.034613
1.034613
1.034613
1.034613
1.034745
1.034745
1.034745
1.034745
1.034745
1.034745
1.034745
1.034745
1.034745
1.034745
1.034613
1.034613
1.034613
1.034613
1.034613
1.034613
1.034613
1.034613
1.034613
1.034613
1.034745
1.034745
1.034745
1.034745
1.034745
0.994996
0.960396
0.960396
0.960396
0.960396
0.960264
0.960264
0.960264
0.960264
0.960264
0.960264
0.960396
0.960396
0.960396
0.960396
0.960396
0.960396
0.960396
0.960396
0.960396
0.960396
0.960264
0.960264
0.960264
0.960264
0.960132
0.960264
0.960264
0.960264
0.960264
0.960264
0.986148
0.987732
0.998561
1.002655
1.002655
1.002655
1.002655
1.002787
1.003051
1.003051
1.002919
1.002919
1.002919
1.005296
1.005692
1.005692
1.005692
1.005692
1.005692
1.005692
1.005824
1.005824
1.005824
1.005824
1.005824
1.005692
1.005692
1.005692
1.005692
1.005692
0.979809
0.978224
0.967395
0.963301
0.963301
0.963301
0.963301
0.963169
0.962905
0.962905
0.962905
0.962905
0.962905
0.960528
0.960132
0.960132
0.960132
0.960132
0.960132
0.960132
0.960000
0.960000
0.960000
0.960000
0.960000
0.960000
0.960000
0.960000
0.960000
0.960000
0.960000
0.960000
0.960000
0.960000
0.960000
0.960000
0.960000
0.961189
0.961717
0.961717
0.983374
0.983374
0.984827
0.984827
0.984827
0.990770
1.013220
1.016389
1.016389
1.016389
1.016389
1.016389
1.016389
1.016521
1.016521
1.016521
1.016521
1.016521
1.016521
1.016521
1.016521
1.016521
1.016521
1.016521
1.016521
1.016521
1.016521
1.015333
1.014804
1.014804
0.993147
0.993147
0.991694
0.991694
0.991694
0.985751
0.963301
0.960132
0.960132
0.960132
0.960132
0.960132
0.960132
0.960000
0.960000
0.960000
0.960000
0.960000
0.960000
0.960000
0.960000
0.960000
0.960000
0.960000
0.960000
0.960000
0.960000
0.960000
0.960000
0.960000
0.960000
0.960000
0.960000
0.960000
0.960000
0.960000
0.960000
0.960000
0.960000
0.960000
0.960000
0.960000
0.960000
0.960000
0.960000
0.960000
0.960000
0.960000
0.960000
0.960000
0.960000
0.960000
0.960000
0.960000
0.960000
0.960000
0.960000
0.960000
0.960000
0.960000
0.960000
0.960000
0.960000
0.960000
0.960000
0.960000
0.960000
0.960000
0.960000
0.960000
0.960000
0.960000
0.960000
0.960000
0.960000
0.960000
0.960000
0.960000
0.960000
0.960132
0.960132
0.960132
0.960132
0.960132
0.960132
0.960132
0.960132
0.960132
0.960132
0.960132
0.960132
0.960132
0.960264
0.960264
0.960264
0.960264
0.960264
0.960264
0.960264
0.960264
0.960264
0.960264
0.960264
0.960264
0.960264
0.960264
0.960264
0.960264
0.960264
0.960132
0.960132
0.960132
0.960132
0.960132
0.960132
0.960132
0.960132
0.960132
0.960132
0.960132
0.960132
0.960132
0.960000
0.960000
0.960000
0.960000
0.960000
0.960000
0.960000
0.960000
0.960000
0.960000
0.960000
0.960000
0.960000
0.960000
0.960000
0.960000
0.960000
0.960000
0.960000
0.960000
0.960000
0.960000
0.960000
0.960000
0.960000
0.960000
0.960000
0.960000
0.960000
0.960000
0.960000
0.960000
0.960000
0.960000
0.960000
0.960000
0.960000
0.960000
0.960000
0.960000
0.960000
0.960000
0.960000
0.960000
0.960000
0.960132
0.960132
0.960132
0.960132
0.960132
0.960132
0.960132
0.960132
0.960132
0.960132
0.960132
0.960132
0.960132
0.960132
0.960132
0.960132
0.960132
0.960264
0.960264
0.960264
0.960264
0.960264
0.960264
0.960264
0.960264
0.960264
0.960264
0.960264
0.960264
0.960264
0.960132
0.960132
0.960132
0.960132
0.960132
0.960132
0.960132
0.960132
0.960132
0.960132
0.960132
0.960132
0.960132
0.960132
0.960132
0.960132
0.960132
0.960000
0.960000
0.960000
0.960000
0.960000
0.960000
0.960000
0.960000
0.960000
0.960000
0.960000
0.960000
0.960000
0.960000
0.960000
0.960000
0.960000
0.960000
0.960000
0.960000
0.960132
0.960132
0.960132
0.960132
0.960132
0.960132
0.960132
0.960132
0.960132
0.960132
0.960132
0.960132
0.960132
0.960132
0.964490
0.964490
0.964490
0.964490
0.964490
0.964490
0.964490
0.964490
0.965679
0.992090
0.992090
0.992090
0.992090
0.992090
0.992222
0.992222
0.992090
0.992090
0.992222
0.992222
0.992354
0.992354
0.992354
0.992354
0.992354
0.992486
0.992486
0.992486
0.992486
0.992486
0.988129
0.988129
0.988129
0.988129
0.988129
0.988129
0.988129
0.988261
0.987072
0.960660
0.960660
0.960660
0.960660
0.960660
0.960528
0.960528
0.960528
0.960528
0.960396
0.960396
0.960264
0.960264
0.960264
0.960264
0.960264
0.960132
0.960132
0.960132
0.960132
0.960132
0.960132
0.960132
0.960132
0.960132
0.960132
0.960132
0.960132
0.961453
0.961453
0.963301
0.963301
0.963301
0.963301
0.963434
0.963434
0.963434
0.963434
0.963434
0.963434
0.963434
0.963434
0.963434
0.963434
0.963434
0.988393
1.008201
1.015597
1.016125
1.016125
1.016125
1.016125
1.016125
1.016125
1.016125
1.016125
1.016125
1.016125
1.014672
1.014672
1.012823
1.012823
1.012823
1.012823
1.012691
1.012691
1.012691
1.012691
1.012691
1.012691
1.012691
1.012691
1.012691
1.012691
1.012691
0.987732
0.967924
0.960528
0.960000
0.960000
0.960000
0.960132
0.960132
0.960132
0.960132
0.960132
0.960132
0.960132
0.960132
0.960132
0.960132
0.960132
0.960132
0.960132
0.960132
0.960132
0.960132
0.960132
0.960132
0.960132
0.960132
0.960132
0.960132
0.960132
0.960132
0.960132
0.960132
0.960132
0.960132
0.960132
0.960132
0.960000
0.960000
0.960000
0.960000
0.960000
0.960000
0.960000
0.960000
0.960000
0.960000
0.960000
0.960000
0.960000
0.960000
0.960000
0.960000
0.960000
0.960000
0.960000
0.960000
0.960000
0.960000
0.960000
0.960000
0.960000
0.960000
0.960000
0.960000
0.960000
0.960000
0.960000
0.960000
0.960000
0.960000
0.960000
0.960000
0.960000
0.960000
0.960000
0.960000
0.960000
0.960000
0.960000
0.960000
0.960000
0.960000
0.960000
0.960000
0.960000
0.960000
0.960000
0.960000
0.960000
0.960000
0.960000
0.960000
0.960000
0.978752
0.980337
0.981129
0.981129
0.981129
0.981129
0.981129
0.981129
0.981129
0.981129
0.981129
0.981129
0.981129
0.981129
0.981129
0.981129
0.981129
0.981129
0.981129
0.981129
0.981129
0.981129
0.981129
0.981129
0.981129
0.981129
0.981129
0.981129
0.981129
0.981129
0.962377
0.960792
0.960000
0.960000
0.960000
0.960000
0.960000
0.960000
0.960000
0.960000
0.960000
0.960000
0.960000
0.960000
0.960000
0.960000
0.960000
0.960000
0.960000
0.960000
0.960132
0.960132
0.960132
0.960132
0.960132
0.960132
0.960132
0.960132
0.980073
0.980073
0.980205
1.015201
1.050592
1.081230
1.111471
1.141713
1.171954
1.201800
1.231777
1.262018
1.292260
1.317615
1.317615
1.317747
1.317747
1.317879
1.319860
1.325274
1.328312
1.329632
1.334122
1.338744
1.339405
1.339405
1.339405
1.339537
1.339669
1.339669
1.319728
1.319860
1.319728
1.284864
1.249473
1.218835
1.188726
1.179746
1.150825
1.120980
1.091134
1.061025
1.030783
1.005560
1.005560
1.005428
1.005428
1.005296
1.003315
0.997901
0.994864
0.993543
0.988921
0.984299
0.983639
0.983639
0.983771
0.983639
0.983506
0.983506
0.983506
0.983374
0.983374
0.983242
0.983242
0.983242
0.983110
0.961849
0.960528
0.960528
0.960396
0.960264
0.960264
0.960132
0.960132
0.960132
0.960132
0.960132
0.960132
0.960132
0.960132
0.960132
0.960132
0.960132
0.960132
0.960132
0.960000
0.960000
0.960000
0.960000
0.960000
0.960000
0.960000
0.960000
0.960000
0.960000
0.960000
0.960000
0.960000
0.960000
0.960000
0.960000
0.960000
0.960000
0.960000
0.960000
0.960000
0.960000
0.960000
0.960000
0.960000
0.960000
0.960000
0.960000
0.960000
0.960000
0.960000
0.960000
0.960000
0.960000
0.960000
0.960000
0.960000
0.960000
0.960000
0.960000
0.960000
0.960000
0.960000
0.960000
0.960000
0.960000
0.960000
0.960000
0.960132
0.960132
0.960132
0.960132
0.960132
0.960132
0.960132
0.960264
0.960264
0.960264
0.960264
0.960264
0.982978
0.986280
0.986412
0.986412
0.986412
0.986412
1.007277
1.009522
1.020219
1.020483
1.020615
1.020615
1.020747
1.023124
1.023124
1.023124
1.023124
1.023124
1.022992
1.022992
1.022992
1.022992
1.022992
1.026161
1.026161
1.026029
1.026029
1.026161
1.026161
1.026161
1.003447
1.000146
1.000146
1.000146
1.000146
1.000146
0.979281
0.977036
0.966339
0.966075
0.965943
0.965943
0.965811
0.963434
0.963434
0.963434
0.963434
0.963434
0.963434
0.963434
0.963434
0.963434
0.963434
0.960264
0.960264
0.960264
0.960264
0.960264
0.960264
0.960264
0.960396
0.960396
0.960264
0.960264
0.960264
0.960264
0.960264
0.960396
0.961189
0.961321
0.961321
0.961321
0.961321
0.961321
0.977564
0.984563
1.013220
1.043725
1.073835
1.122696
1.152542
1.185556
1.215402
1.245247
1.275224
1.304805
1.334122
1.363175
1.392360
1.421545
1.446240
1.446240
1.446240
1.446372
1.446372
1.446504
1.446504
1.449013
1.449278
1.449145
1.449278
1.449410
1.449410
1.449542
1.433298
1.426431
1.397775
1.367401
1.337292
1.288562
1.258717
1.225702
1.195989
1.174199
1.144222
1.114641
1.085456
1.056271
1.027218
0.998033
0.973206
0.973206
0.975847
0.975847
0.991166
1.006881
1.010446
1.007805
1.006749
1.006749
1.006617
1.006485
1.006485
1.006353
1.006353
1.006353
1.006353
1.006221
1.006353
1.006221
1.006221
1.006221
1.006088
0.998033
0.998033
0.998033
0.997901
0.998033
0.997901
0.997901
0.998033
0.998033
0.995392
0.995260
0.979941
0.964094
0.960528
0.960528
0.960528
0.960660
0.960792
0.960792
0.960792
0.961056
0.961056
0.960924
0.960924
0.960924
0.963169
0.963301
0.963301
0.963434
0.963434
0.963434
0.963434
0.963434
0.963434
0.963301
0.963434
0.963434
0.963301
0.963301
0.963301
0.963434
0.963434
0.963434
0.963434
0.963434
0.963434
0.963301
0.963169
0.963169
0.963301
0.963037
0.963037
0.963037
0.963169
0.963169
0.960792
0.960660
0.960660
0.960528
0.960528
0.960528
0.960660
0.960660
0.960660
0.960660
0.960528
0.960660
0.960660
0.960792
0.960924
0.960792
0.960924
0.984431
0.984431
0.984431
0.984431
0.984563
0.984563
0.984563
0.984431
0.984431
0.984431
0.984431
0.984299
0.984299
0.984299
0.984431
0.984431
0.984431
0.984563
0.984563
0.984431
0.984431
0.984431
0.984431
0.984431
0.984299
0.984299
0.984167
0.984035
0.984035
0.983903
0.960528
0.960528
0.960528
0.960660
0.960528
0.960528
0.960528
0.960528
0.960528
0.960528
0.960528
0.960528
0.960528
0.960528
0.960396
0.960396
0.960528
0.960528
0.960528
0.960528
0.960528
0.960528
0.960528
0.960528
0.960660
0.960660
0.960660
0.960792
0.960792
0.960792
0.960924
0.960924
0.960924
0.960792
0.960792
0.960792
0.960792
0.960924
0.960924
0.961056
0.961056
0.961056
0.961189
0.961189
0.961321
0.961321
0.961189
0.961056
0.961056
0.961056
0.961056
0.961056
0.961189
0.961189
0.961189
0.961189
0.961189
0.961056
0.961056
0.961056
0.960792
0.960792
0.960792
0.960792
0.960792
0.960792
0.960792
0.966207
0.999750
0.999618
1.013880
1.027350
1.033425
1.035802
1.035934
1.056007
1.056007
1.057988
1.060497
1.060497
1.060629
1.060629
1.060629
1.064326
1.064326
1.064458
1.064591
1.064723
1.064987
1.065119
1.065119
1.065251
1.065383
1.065515
1.065647
1.065647
1.065647
1.060101
1.026558
1.026558
1.012295
0.998825
0.992619
0.990241
0.989977
0.969904
0.969904
0.967924
0.965414
0.965414
0.965414
0.965414
0.965414
0.961717
0.961585
0.961453
0.961321
0.961189
0.960924
0.960792
0.960792
0.960660
0.960528
0.960396
0.960264
0.960264
0.960264
0.960264
0.960396
0.960396
0.960396
0.960396
0.960396
0.960528
0.960528
0.960528
0.960528
0.960528
0.960528
0.960792
0.960660
0.960792
0.960792
0.960792
0.960924
0.960924
0.960924
0.985223
0.985355
0.985355
0.985355
0.985355
0.985355
0.985355
0.985355
0.985355
0.985355
0.985487
0.985355
0.985355
0.985355
0.985355
0.985487
0.985355
0.985355
0.985355
0.985355
0.985355
0.985355
0.985091
0.988525
0.988393
0.988261
0.988261
1.005824
1.010050
1.010050
0.989845
0.989845
0.989845
0.990109
0.990902
0.998561
0.998561
1.001334
1.001334
1.002655
1.002523
1.002919
1.002919
1.002919
1.003051
1.002919
1.003051
1.003051
1.003051
1.003051
1.003183
1.003183
1.003183
0.999750
0.999750
0.999882
0.999882
0.982186
0.977960
0.977960
0.973866
0.973734
0.973734
0.973470
0.972678
0.965018
0.965018
0.962245
0.962245
0.960924
0.960924
0.960528
0.960528
0.960528
0.982978
0.982978
0.982978
0.982978
0.982978
0.982978
0.982846
0.982846
0.982846
0.982978
0.982978
0.982846
0.982846
0.982846
0.982846
0.982978
0.982978
0.982978
0.982978
0.982978
0.982978
0.982978
0.982978
0.982978
0.982978
0.982978
0.982978
0.982978
0.982978
0.982978
0.960396
0.960396
0.960264
0.960264
0.960264
0.960264
0.960264
0.960264
0.960264
0.960264
0.968056
0.996580
0.996580
0.996580
0.996580
0.996448
0.996448
0.996448
0.996448
0.996448
0.996448
0.996448
0.996448
0.996448
0.996448
0.996448
0.996448
0.996580
0.996580
0.996580
0.996580
0.996712
0.996712
0.996712
0.996712
0.996712
0.996712
0.996712
0.996712
0.996580
0.988789
0.960264
0.960264
0.960264
0.960264
0.960264
0.960264
0.960264
0.960264
0.960264
0.960264
0.960264
0.960264
0.960264
0.960264
0.960264
0.960264
0.960132
0.960132
0.960132
0.960132
0.960000
0.960000
0.960000
0.960000
0.960000
0.960000
0.960000
0.960132
0.960264
0.960264
1.010314
1.020219
1.020219
1.020219
1.020351
1.020351
1.020351
1.020351
1.020351
1.020351
1.020351
1.020351
1.020351
1.020351
1.020351
1.021671
1.022068
1.046895
1.049272
1.049404
1.049404
1.069477
1.069477
1.069477
1.069477
1.069477
1.069477
1.069345
1.069213
1.069213
1.019162
1.009258
1.009258
1.015333
1.015201
1.015201
1.015201
1.015201
1.015201
1.015201
1.015201
1.015201
1.015201
1.015201
1.015201
1.013880
1.013484
0.988657
0.986280
0.986148
0.986148
0.966075
0.966075
0.966075
0.966075
0.966075
0.966075
0.966075
0.966075
0.966075
0.966075
0.966075
0.966207
0.960132
0.960132
0.960132
0.960132
0.960132
0.960132
0.960132
0.960132
0.960264
0.960264
0.960264
0.960264
0.960264
0.960264
0.960264
0.960264
0.960264
0.960264
0.960264
0.960264
0.960264
0.960264
0.960264
0.960264
0.960264
0.960264
0.960264
0.960264
0.960264
0.960132
0.960132
0.960132
0.960132
0.960132
0.960132
0.960132
0.960132
0.960132
0.960000
0.960000
0.960000
0.960000
0.960000
0.960000
0.960000
0.960000
0.960792
0.960792
0.960792
0.960792
0.960792
0.960792
0.960792
0.960792
0.960792
0.960792
0.960792
0.960792
0.960792
0.960792
0.960792
0.960792
0.960792
0.983242
0.983242
0.983242
0.983242
0.983242
0.983242
0.983242
0.983242
0.983242
0.983242
0.983242
0.983242
0.986676
0.986940
0.986940
0.988525
0.988525
0.988525
0.989581
0.989581
0.989581
0.989581
0.989581
0.989581
0.989581
0.989581
0.989581
0.989581
0.989581
0.989581
0.967131
0.967131
0.967131
0.967131
0.967131
0.967131
0.967131
0.967131
0.967131
0.967131
0.967131
0.967131
0.963698
0.962641
0.962641
0.961056
0.961056
0.961189
0.960132
0.960132
0.960132
0.960132
0.960132
0.960132
0.960132
0.960132
0.960264
0.960264
0.960264
0.960264
0.960264
0.960264
0.960264
0.960264
0.960264
0.960264
0.960264
0.960264
0.960264
0.960264
0.960264
0.960264
0.960264
0.960264
0.960264
0.960264
0.960264
0.960132
0.960132
0.960132
0.960132
0.960132
0.960132
0.960132
0.960132
0.960132
0.960000
0.960000
0.960000
0.960000
0.960000
0.960000
0.960000
0.960000
0.960000
0.960000
0.960000
0.960000
0.960000
0.960000
0.960000
0.960000
0.960000
0.960000
0.960000
0.960000
0.960000
0.960000
0.960000
0.960000
0.960000
0.960000
0.960000
0.960000
0.960000
0.960000
0.960000
0.960000
0.960000
0.960000
0.960000
0.960000
0.962377
0.962377
0.962377
0.962377
0.962377
0.962377
0.962377
0.962377
0.962377
0.962377
0.962377
0.962377
0.962377
0.964886
0.964886
0.964886
0.964886
0.964886
0.983903
0.989845
0.989845
0.989845
0.989845
1.009522
1.009654
1.012427
1.012956
1.012956
1.012956
1.012956
1.010578
1.010578
1.010578
1.010578
1.010711
1.010711
1.010711
1.010711
1.010711
1.010711
1.010711
1.010711
1.010711
1.008201
1.008201
1.008201
1.008201
1.008201
0.989185
0.983242
0.983242
0.983242
0.983242
0.963566
0.963434
0.960660
0.960132
0.960132
0.960132
0.960132
0.960132
0.960132
0.960132
0.960132
0.960000
0.960000
0.960000
0.960000
0.960000
0.960000
0.960000
0.960000
0.960000
0.960000
0.960000
0.960000
0.960000
0.960000
0.960000
0.960000
0.960000
0.960000
0.960000
0.960000
0.960000
0.960000
0.960000
0.960000
0.960000
0.960000
0.960000
0.960000
0.960000
0.960000
0.960000
0.960000
0.960000
0.960000
0.960000
0.960000
0.960000
0.960000
0.960000
0.960000
0.960000
0.960000
0.960000
0.960000
0.960000
0.960000
0.960000
0.960000
0.960000
0.960000
0.960000
0.960000
0.960000
0.960000
0.960000
0.960000
0.960000
0.960000
0.997901
1.035538
1.065515
1.095228
1.124809
1.154522
1.184104
1.213685
1.243266
1.272715
1.301504
1.330293
1.358949
1.387342
1.415338
1.443203
1.465389
1.465521
1.465521
1.465521
1.465521
1.465653
1.465653
1.465785
1.465785
1.465917
1.465917
1.466049
1.466049
1.466049
1.428148
1.390643
1.360666
1.331085
1.301504
1.271791
1.242209
1.212760
1.183311
1.153862
1.125073
1.096285
1.067628
1.039235
1.011239
0.983506
0.961453
0.961321
0.961321
0.961321
0.961453
0.961321
0.961321
0.961321
0.961321
0.961189
0.961189
0.961056
0.961056
0.961056
0.961056
0.960924
0.960924
0.960792
0.960792
0.960792
0.960792
0.960660
0.960528
0.960528
0.960528
0.960528
0.960528
0.960528
0.960528
0.960396
0.960264
0.960264
0.960264
0.960264
0.960132
0.960132
0.960132
0.960000
0.960000
0.960000
0.960000
0.960000
0.960000
0.960000
0.960000
0.960000
0.960000
0.960000
0.960000
0.960000
0.960000
0.960000
0.960000
0.960000
0.960000
0.960000
0.960000
0.960000
0.960000
0.960000
0.960000
0.960000
0.960000
0.960000
0.960000
0.960000
0.960000
0.960000
0.960000
0.960000
0.960000
0.960000
0.960000
0.960000
0.960000
0.960000
0.960000
0.960000
0.960000
0.960000
0.960000
0.960000
0.960000
0.960000
0.960000
0.960000
0.960000
0.960000
0.960000
0.960000
0.960000
0.960000
0.960000
0.960000
0.960000
0.960000
0.960000
0.960000
0.960000
0.960000
0.960000
0.960000
0.960000
0.960000
0.960000
0.960000
0.960000
0.960000
0.960000
0.960000
0.960000
0.960000
0.960000
0.960000
0.960000
0.960000
0.960000
0.960000
0.960000
0.960000
0.960000
0.960000
0.960000
0.960000
0.960000
0.960000
0.960000
0.960000
0.960000
0.960000
0.960000
0.960000
0.960000
0.960000
0.960000
0.960000
0.960000
0.960000
0.960000
0.960000
0.960000
0.960000
0.960000
0.960000
0.960000
0.960000
0.960000
0.962245
0.962245
0.962245
0.962245
0.962245
0.962245
0.962245
0.962245
0.962245
0.962245
0.962245
0.962245
0.962245
0.962245
0.962245
0.962245
0.962245
0.962245
0.962245
0.962245
0.962245
0.974262
0.987864
0.988789
0.989449
0.989581
0.989581
0.989581
0.989581
0.989581
0.987336
1.011899
1.011899
1.011899
1.011899
1.011899
1.011899
1.033161
1.033161
1.033161
1.033161
1.033161
1.033161
1.033161
1.033161
1.033161
1.033161
1.033161
1.033161
1.033293
1.033293
1.021275
1.007673
1.006749
1.006088
1.005956
1.005956
1.016389
1.026690
1.027614
1.027746
1.003183
1.003183
1.003183
1.003183
1.003183
1.003183
0.981922
0.981922
0.981922
0.981922
0.981922
0.981922
0.981922
0.981922
0.981922
0.981922
0.981922
0.981922
0.981790
0.981790
0.981790
0.981790
0.981790
0.981790
0.981790
0.981790
0.971357
0.961056
0.960132
0.960000
0.960000
0.960000
0.960000
0.960000
0.960000
0.960000
0.960000
0.960000
0.960132
0.960132
0.960132
0.960132
0.960132
0.960132
0.960132
0.960132
0.960132
0.960132
0.960132
0.960132
0.960132
0.960132
0.960132
0.960132
0.960132
0.960132
0.980337
0.980337
1.012956
1.049932
1.080570
1.111207
1.141449
1.171558
1.201667
1.231117
1.261226
1.291203
1.320784
1.350498
1.374136
1.374136
1.374136
1.374268
1.374400
1.374400
1.375721
1.378626
1.383644
1.386946
1.390115
1.390247
1.391040
1.391172
1.392228
1.392360
1.372155
1.372287
1.339669
1.302824
1.272187
1.243002
1.213553
1.183575
1.153466
1.124017
1.093908
1.063930
1.034217
1.004504
0.980997
0.980997
0.981129
0.980997
0.980865
0.980865
0.979545
0.976639
0.971621
0.968320
0.965150
0.965018
0.964226
0.964094
0.963037
0.962905
0.962905
0.962773
0.962773
0.962641
0.962641
0.961189
0.960396
0.960264
0.960264
0.960264
0.960264
0.960264
0.960264
0.960264
0.960132
0.960132
0.960000
0.960000
0.960000
0.960000
0.960000
0.960000
0.960000
0.960000
0.960000
0.960000
0.960000
0.960000
0.960000
0.960000
0.960000
0.960000
0.960000
0.960000
0.960000
0.960000
0.960000
0.960000
0.960000
0.960000
0.960000
0.960000
0.960000
0.960000
0.960000
0.960000
0.960000
0.960000
0.960000
0.960000
0.960000
0.960000
0.960000
0.960000
0.960000
0.960132
0.960132
0.960132
0.960132
0.960132
0.960132
0.960132
0.960132
0.960132
0.960132
0.960132
0.960132
0.960132
0.960132
0.960132
0.960132
0.960132
0.960132
0.960132
0.960132
0.960132
0.960132
0.960132
0.960132
0.960132
0.960132
0.960132
0.960132
0.960264
0.960264
0.960132
0.960132
0.960132
0.960132
0.960132
0.960132
0.960132
0.960132
0.960132
0.960132
0.960132
0.960132
0.960132
0.960132
0.960132
0.960132
0.960132
0.960132
0.960132
0.960132
0.960132
0.960132
0.960132
0.960132
0.960132
0.960132
0.960132
0.960132
0.960000
0.960000
0.960000
0.960000
0.960000
0.960000
0.960000
0.960000
0.960000
0.960000
0.960000
0.960000
0.960000
0.960000
0.960000
0.968980
0.981658
0.981922
0.981922
0.981922
0.981922
0.981922
0.981922
0.982054
0.982714
0.986808
0.986808
1.008862
1.009258
1.016785
1.019162
1.019294
1.031708
1.039896
1.039896
1.039896
1.039896
1.039896
1.039896
1.039896
1.040028
1.040028
1.040028
1.040028
1.040028
1.031048
1.018370
1.018238
1.018238
1.023388
1.023916
1.024048
1.024048
1.023916
1.023256
1.019162
1.019162
0.997108
0.996712
0.989185
0.986808
0.986676
0.974262
0.966075
0.966075
0.966075
0.966075
0.966075
0.966075
0.966075
0.965943
0.965943
0.965943
0.965943
0.965943
0.965943
0.965943
0.965811
0.965811
0.960792
0.960264
0.960132
0.960132
0.960132
0.960132
0.960132
0.960264
0.960264
0.960264
0.960264
0.960264
0.960264
0.960264
0.960264
0.960264
0.960264
0.960264
0.960264
0.960264
0.960264
0.960264
0.960264
0.960264
0.960264
0.960264
0.960264
0.976771
1.027482
1.057723
1.087569
1.117018
1.146599
1.176180
1.206157
1.225438
1.225438
1.225438
1.225438
1.225570
1.225702
1.225702
1.227419
1.227551
1.227551
1.227551
1.227815
1.236927
1.238512
1.238644
1.238644
1.238644
1.238908
1.260169
1.260169
1.260302
1.260302
1.243926
1.193216
1.162974
1.133129
1.103812
1.074231
1.044650
1.014672
0.995392
0.995392
0.995260
0.995260
0.995128
0.994996
0.994996
0.993279
0.993147
0.993147
0.993147
0.992883
0.983771
0.982186
0.982054
0.982054
0.982054
0.981790
0.960528
0.960528
0.960396
0.960528
0.960396
0.960396
0.960396
0.960264
0.960264
0.960264
0.960264
0.960264
0.960264
0.960264
0.960264
0.960264
0.960264
0.960264
0.960264
0.960396
0.960396
0.960396
0.960396
0.960396
0.960396
0.960396
0.960396
0.960396
0.960396
0.960396
0.960396
0.960396
0.960396
0.960264
0.960264
0.960264
0.960264
0.960264
0.960132
0.960132
0.960132
0.960132
0.960132
0.960132
0.960132
0.960132
0.960132
0.960132
0.960132
0.960000
0.960000
0.960000
0.960000
0.960000
0.960132
0.960132
0.960132
0.960132
0.960132
0.960132
0.960264
0.960264
0.960264
0.960264
0.960264
0.960264
0.960264
0.960264
0.960264
0.975451
0.981394
0.981394
0.981394
0.981394
0.981394
0.981394
0.981394
0.981394
0.981526
0.981526
0.981526
0.981526
0.981526
0.981526
0.981394
0.981526
0.981526
0.981526
0.981526
0.981526
0.981394
0.981394
0.981394
0.981394
0.981394
0.981394
0.981394
0.981394
0.981394
0.966207
0.960264
0.960264
0.960264
0.960264
0.969508
0.984299
0.984299
0.984299
0.984167
0.984167
0.984167
0.984299
0.986280
0.987864
0.987864
0.987732
0.987732
0.987732
0.987732
0.987732
0.987732
0.987732
0.987732
0.987732
0.987732
0.987732
0.987732
0.987864
0.987864
0.987864
0.987996
0.987996
0.987996
0.987996
0.978752
0.963962
0.963962
0.963962
0.963962
0.963962
0.963962
0.963830
0.961849
0.960264
0.960264
0.960264
0.960264
0.960264
0.960264
0.960264
0.960264
0.962377
0.964886
0.965018
0.965018
0.965018
0.965018
0.964886
0.964886
0.964886
0.964754
0.964754
0.964754
0.964754
0.964754
0.964754
0.964754
0.964754
0.964754
0.964754
0.964754
0.964754
0.964754
0.964754
0.964886
0.964886
0.965018
0.965018
0.965018
0.965018
0.965018
0.962905
0.960396
0.960264
0.960264
0.960264
0.960264
0.960264
0.960264
0.960264
0.960264
0.960264
0.960396
0.960396
0.960396
0.960396
0.960528
0.960528
0.960528
0.960528
0.960528
0.960528
0.960528
0.960528
0.960396
0.960396
0.960264
0.960264
0.960264
0.960264
0.960264
0.960264
0.960264
0.960264
0.960264
0.960264
0.960264
0.960264
0.960264
0.960264
0.960264
0.960264
0.960264
0.960264
0.960264
0.960264
0.960264
0.960264
0.960264
0.960264
0.960264
0.960264
0.960264
0.960264
0.960264
0.960264
0.960264
0.960264
0.960264
0.960264
0.960264
0.960264
0.960396
0.960396
0.960396
0.960396
0.960528
0.960528
0.960528
0.960528
0.960528
0.960528
0.960396
0.960396
0.960396
0.960396
0.960264
0.960264
0.960264
0.960264
0.960264
0.960264
0.960264
0.960264
0.960264
0.960396
0.960396
0.960528
0.960528
0.960528
0.960528
0.960528
0.964094
0.964094
0.964094
0.964094
0.964094
0.964094
0.964094
0.964094
0.964226
0.964226
0.964226
0.964226
0.964226
0.964226
0.964226
0.964226
0.964226
0.964226
0.964226
0.964226
0.964226
0.964226
0.964226
0.964094
0.964094
0.963962
0.963962
0.963962
0.964094
0.964094
0.960396
0.960396
0.960396
0.960396
0.960396
0.960396
0.960396
0.960396
0.960264
0.960264
0.960264
0.960264
0.960264
0.960264
0.960264
0.960264
0.960264
0.960264
0.962113
0.963698
0.963698
0.963698
0.963698
0.963698
0.963698
0.963698
0.963698
0.963698
0.963566
0.963566
0.963566
0.963566
0.963566
0.963698
0.963566
0.963566
0.963698
0.963698
0.963698
0.963698
0.963698
0.963698
0.963698
0.963698
0.963698
0.963698
0.963698
0.963698
0.961849
0.960264
0.960264
0.960264
0.960264
0.960264
0.960264
0.960264
0.960264
0.960264
0.960264
0.960264
0.960264
0.960264
0.960264
0.960264
0.960264
0.960264
0.960132
0.960132
0.960132
0.960132
0.960132
0.960132
0.960264
0.960264
0.960264
0.960264
0.960264
0.960264
0.960264
0.960264
0.960264
0.960264
0.960264
0.960264
0.960264
0.960264
0.960264
0.960264
0.960264
0.960264
0.960264
0.960264
0.960264
0.960132
0.960132
0.960264
0.960264
0.960264
0.960264
0.960396
0.960396
0.960396
0.960264
0.960264
0.960264
0.960264
0.960264
0.960264
0.960264
0.960264
0.960264
0.968320
0.968848
0.968980
0.984959
0.992486
0.992486
0.992486
0.992486
0.992486
0.992486
0.992486
0.992486
0.992486
0.992486
0.992354
0.992354
0.992354
0.993147
0.993147
0.993147
0.993147
0.993147
0.993147
0.993279
0.993411
0.993411
0.993411
0.993411
0.993411
0.993411
0.985487
0.984959
0.984827
0.970961
0.965018
0.965018
0.965018
0.965150
0.965150
0.965150
0.965150
0.965150
0.965150
0.965282
0.965282
0.965282
0.965282
0.964490
0.964358
0.964358
0.964358
0.964358
0.964358
0.964226
0.964094
0.964094
0.964094
0.964094
0.964094
0.964094
0.963962
0.963962
0.963962
0.961849
0.960264
0.960264
0.960264
0.960132
0.960132
0.960132
0.960132
0.960132
0.960132
0.960000
0.960000
0.960000
0.960000
0.960000
0.960000
0.960000
0.960000
0.960000
0.960000
0.960000
0.960000
0.960132
0.960132
0.960132
0.960264
0.960264
0.960264
0.960264
0.960264
0.960264
0.960264
0.960264
0.960264
0.960264
0.960264
0.960264
0.960264
0.960264
0.960264
0.960264
0.960264
0.960264
0.960264
0.960264
0.960264
0.960264
0.960264
0.960264
0.960264
0.960264
0.960264
0.960132
0.960132
0.960132
0.960000
0.960000
0.960000
0.960000
0.960132
0.960132
0.960132
0.960132
0.960264
0.960264
0.960264
0.960264
0.960264
0.960264
0.960264
0.960264
0.960264
0.960264
0.960264
0.960264
0.960264
0.960264
0.960264
0.960264
0.960264
0.960264
0.960264
0.960264
0.960264
0.960264
0.960264
0.960264
0.960264
0.960264
0.960132
0.960132
0.960132
0.960132
0.960000
0.960000
0.960000
0.960000
0.960000
0.960000
0.960000
0.960000
0.960000
0.960000
0.960000
0.960000
0.960000
0.960000
0.960000
0.960000
0.960000
0.960000
0.960132
0.960132
0.960132
0.960132
0.960132
0.960132
0.960132
0.960132
0.960132
0.960132
0.960132
0.960132
0.960132
0.960264
0.960264
0.960264
0.960264
0.960264
0.960264
0.960264
0.960264
0.960264
0.960264
0.960264
0.960264
0.960264
0.960264
0.960264
0.960264
0.960264
0.960132
0.960132
0.960132
0.960132
0.960132
0.960132
0.960132
0.960132
0.960132
0.960132
0.960132
0.960132
0.960132
0.960000
0.960000
0.960000
0.960000
0.960000
0.960000
0.960000
0.960000
0.960000
0.960000
0.960000
0.960000
0.960000
0.960000
0.960000
0.960000
0.960000
0.960000
0.960000
0.960000
0.960000
0.960000
0.960132
0.960132
0.960132
0.960132
0.960132
0.965546
0.980865
0.980865
0.980865
0.980865
0.980865
0.980865
0.980865
0.980865
0.980865
0.980865
0.980865
0.980865
0.980865
0.980865
0.980865
0.980865
0.980865
0.980865
0.980865
0.980865
0.980865
0.980865
0.980865
0.980997
0.980865
0.980865
0.980865
0.980865
0.980865
0.975451
0.960132
0.960132
0.960132
0.960132
0.960132
0.960132
0.960132
0.960132
0.960132
0.960132
0.960132
0.960132
0.960132
0.960132
0.960132
0.960132
0.960132
0.960132
0.960132
0.960132
0.960132
0.960132
0.960132
0.960000
0.960000
0.960000
0.960132
0.960132
0.960132
0.960132
0.960132
0.960132
0.960132
0.960132
0.960132
0.960132
0.960132
0.960132
0.960132
0.960132
0.960132
0.960132
0.960132
0.960132
0.960132
0.960132
0.960132
0.960132
0.960132
0.960132
0.960132
0.974526
0.983639
0.983639
0.983639
0.983639
0.983506
0.983506
0.984959
0.988261
0.988261
0.988261
1.004372
1.008598
1.008598
1.008598
1.008598
1.008598
1.008598
1.008598
1.008598
1.008598
1.008598
1.008598
1.008598
1.008598
1.008730
1.008730
1.008730
1.008730
1.008730
1.014012
1.005032
1.006617
1.006617
1.006617
1.006617
1.006617
1.005164
1.001863
1.001863
1.001863
0.985751
0.981526
0.981526
0.981526
0.981526
0.981526
0.981526
0.981658
0.981658
0.981658
0.981658
0.981658
0.981658
0.981658
0.981526
0.981526
0.981526
0.981526
0.981526
0.961849
0.961717
0.960132
0.960132
0.960132
0.960132
0.960132
0.960132
0.960132
0.960132
0.960132
0.960132
0.960132
0.960132
0.960132
0.960132
0.960132
0.960132
0.979413
0.982582
0.982582
0.982582
0.982582
0.982582
0.982582
0.982582
0.982582
0.982582
0.982582
0.982582
0.982582
0.982582
0.982582
0.982582
0.982582
0.982582
0.982582
0.982714
0.982714
0.982714
0.982714
0.982714
0.982714
0.982714
0.982714
0.982714
0.982714
0.982714
0.963301
0.960132
0.960132
0.960132
0.960132
0.960132
0.960132
0.960132
0.960132
0.960132
0.960132
0.960132
0.960132
0.960132
0.960132
0.960132
0.960132
0.960132
0.960132
0.960000
0.960000
0.960000
0.960000
0.960000
0.960000
0.960000
0.960000
0.960000
0.960000
0.960000
0.960000
0.960000
0.960000
0.960000
0.960000
0.960000
0.960000
0.960000
0.960000
0.960000
0.960000
0.960000
0.960000
0.960000
0.960000
0.960000
0.960000
0.960000
0.960000
0.960000
0.960000
0.960000
0.960000
0.960000
0.960000
0.960000
0.960000
0.960000
0.960000
0.960000
0.960000
0.960000
0.960000
0.960000
0.960000
0.960000
0.960000
0.960000
0.960000
0.960000
0.960000
0.960000
0.960000
0.960000
0.960000
0.960000
0.960000
0.960000
0.960000
0.960000
0.960000
0.960000
0.960000
0.960000
0.960000
0.960000
0.960000
0.960000
0.960000
0.960000
0.960000
0.960000
0.960000
0.960000
0.960000
0.960000
0.960000
0.960000
0.960000
0.960000
0.960000
0.960000
0.960000
0.960000
0.960000
0.960000
0.960000
0.960000
0.960000
0.960000
0.960000
0.960000
0.960000
0.960000
0.960000
0.960000
0.960000
0.960000
0.960000
0.960000
0.960000
0.960000
0.960000
0.960000
0.960000
0.960000
0.960000
0.960000
0.960000
0.960000
0.960000
0.960000
0.960000
0.960000
0.960000
0.971885
0.981658
0.981658
0.981658
0.981658
0.981658
0.981658
0.981658
0.981658
0.981658
0.981658
0.981658
0.981658
0.981658
0.981658
0.981658
0.981658
0.981658
0.981658
0.981658
0.981658
0.981658
0.981658
0.981658
0.981658
0.981658
0.981658
0.981658
0.981658
0.981790
0.969904
0.960132
0.960132
0.960132
0.960132
0.960132
0.960132
0.960132
0.960132
0.960132
0.960132
0.960132
0.960132
0.960132
0.960132
0.960132
0.960132
0.960132
0.960132
0.960132
0.960132
0.960132
0.960132
0.960132
0.960132
0.960132
0.960132
0.960132
0.960264
0.960132
0.960132
0.960132
0.960132
0.960132
0.960132
0.960132
0.960132
0.961981
0.961981
0.961981
0.961981
0.961981
0.961981
0.961981
0.961981
0.961981
0.961981
0.972017
0.982450
0.982450
0.982450
0.988789
1.000410
1.001598
1.001598
1.001598
1.001731
1.001731
1.001731
1.001731
1.012427
1.024973
1.024973
1.025105
1.025237
1.025237
1.025237
1.023388
1.023388
1.023388
1.023388
1.023388
1.023388
1.023388
1.023388
1.023388
1.023388
1.013352
1.002919
1.002919
1.002919
0.996580
0.984959
0.983771
0.983771
0.983771
0.983639
0.983639
0.983506
0.983506
0.972810
0.960264
0.960264
0.960132
0.960000
0.960000
0.960000
0.960000
0.960000
0.960000
0.960000
0.960000
0.960000
0.960000
0.980337
0.980337
0.980337
0.980337
0.980337
0.980337
0.980337
0.980337
0.980337
0.980337
0.980337
0.980337
0.980337
0.980337
0.980337
0.980337
0.980337
0.980337
0.980337
0.980337
0.980337
0.980337
0.980337
0.980337
0.980337
0.980337
0.980337
0.980337
0.980337
0.980337
0.960000
0.960000
0.960000
0.960000
0.960000
0.960000
0.960000
0.960000
0.960000
0.960000
0.960000
0.960000
0.960000
0.960000
0.960000
0.960000
0.960000
0.960000
0.960000
0.960000
0.960000
0.960000
0.960000
0.960000
0.960000
0.960000
0.960000
0.960000
0.960000
0.960000
0.960000
0.960000
0.960000
0.960000
0.960000
0.960000
0.960000
0.960000
0.960000
0.960000
0.960000
0.960000
0.960000
0.960000
0.960000
0.960000
0.960000
0.960000
0.960000
0.960000
0.960000
0.960000
0.960000
0.960000
0.960000
0.960000
0.960000
0.960000
0.960000
0.960000
0.960000
0.960000
0.991430
1.020351
1.046234
1.081362
1.112132
1.142769
1.173275
1.203648
1.233626
1.263603
1.293976
1.324350
1.354459
1.384569
1.418772
1.421545
1.421677
1.421677
1.421677
1.422734
1.426563
1.431450
1.432770
1.434091
1.434355
1.434355
1.434355
1.434487
1.434619
1.434619
1.403321
1.374532
1.348649
1.313521
1.282884
1.252246
1.221872
1.191499
1.161522
1.131544
1.101303
1.070929
1.040952
1.010843
0.976639
0.973866
0.973734
0.973734
0.973734
0.972678
0.968848
0.963962
0.962641
0.961321
0.961056
0.961056
0.961056
0.960924
0.960792
0.960792
0.960660
0.960528
0.960528
0.960528
0.960396
0.960396
0.960396
0.960396
0.960396
0.960396
0.960264
0.960264
0.960132
0.960132
0.960132
0.960132
0.960132
0.960132
0.960264
0.960264
0.960264
0.960264
0.960264
0.960264
0.960264
0.960264
0.960264
0.960264
0.960264
0.960264
0.960264
0.960264
0.960264
0.974923
0.986676
1.003183
1.003183
1.003711
1.003711
1.003711
1.003711
1.003711
1.003711
1.003711
1.003711
1.003711
1.003711
1.003711
1.003579
1.003579
1.003579
1.003579
1.003579
1.003579
1.003579
1.003579
1.003579
1.003579
1.003579
1.003579
1.003579
1.003579
1.003579
0.988921
0.977168
0.960660
0.960528
0.960000
0.960000
0.960000
0.960000
0.960000
0.960000
0.960000
0.960000
0.960000
0.960132
0.960132
0.960132
0.960132
0.960264
0.960264
0.960264
0.960264
0.960264
0.960264
0.960264
0.960264
0.960264
0.960264
0.960264
0.960264
0.960264
0.960264
0.960264
0.960264
0.960264
0.960264
0.960264
0.960264
0.960264
0.960264
0.960264
0.960264
0.960264
0.960264
0.960264
0.960264
0.960264
0.960264
0.960264
0.960264
0.960264
0.960264
0.960264
0.960264
0.960264
0.960264
0.960264
0.960264
0.960264
0.960264
0.960264
0.960264
0.960264
0.960264
0.960264
0.960264
0.960264
0.960264
0.960264
0.960396
0.960396
0.960396
0.960396
0.960396
0.960396
0.960396
0.960396
0.960396
0.960264
0.960264
0.960264
0.960264
0.960264
0.960264
0.960264
0.960264
0.960264
0.978884
0.980865
0.980865
0.980865
0.980865
0.980865
0.980865
0.980997
0.980997
0.981790
0.981790
0.985355
0.985223
0.985223
0.985223
0.985223
0.985223
0.985619
0.985619
0.985619
0.985619
0.985619
0.985619
0.988393
1.008333
1.017446
1.023388
1.042008
1.060497
1.062742
1.044121
1.042141
1.042273
1.042273
1.042405
1.042537
1.046366
1.056667
1.056799
1.056007
1.056139
1.052705
1.052705
1.054554
1.064723
1.077796
1.077928
1.077400
1.077532
1.077532
1.077532
1.077532
1.077532
1.074891
1.055875
1.046763
1.040820
1.022596
1.004240
1.019030
1.037386
1.046895
1.046763
1.046895
1.056931
1.057591
1.053762
1.043329
1.043197
1.043197
1.043065
1.042933
1.051253
1.055082
1.045046
1.031972
1.031840
1.034745
1.049932
1.049932
1.049932
1.064987
1.069741
1.072118
1.082286
1.082418
1.082550
1.082286
1.082286
1.065251
1.047027
1.037651
1.037651
1.037518
1.027350
1.026558
1.026558
1.026690
1.026690
1.026690
1.026690
1.026822
1.018502
1.012823
1.012691
1.012691
1.012691
1.009786
0.994467
0.994467
0.994467
0.979413
0.974659
0.972149
0.961056
0.960924
0.960792
0.960660
0.960660
0.960660
0.982318
0.982318
0.982318
0.982318
0.982318
0.982450
0.982450
0.982318
0.982318
0.982318
0.982318
0.982186
0.982186
0.982186
0.982186
0.982186
0.982186
0.982186
0.982186
0.982186
0.982186
0.982186
0.982186
0.982186
0.982186
0.982186
0.982186
0.982186
0.982054
0.982054
0.960264
0.960132
0.960132
0.960132
0.960264
0.960132
0.960132
0.960132
0.960132
0.979941
1.008201
1.013616
1.013616
1.013616
1.013616
1.013616
1.013616
1.013616
1.013616
1.013616
1.013616
1.013616
1.013616
1.013616
1.013616
1.013616
1.013616
1.013616
1.013616
1.013616
1.013616
1.013616
1.013616
1.019294
1.037783
1.037783
1.037783
1.037783
1.037783
1.017974
0.989713
0.984431
1.012691
1.041216
1.048611
1.048743
1.055875
1.099718
1.130092
1.160465
1.190575
1.220420
1.250265
1.279978
1.309824
1.339801
1.369250
1.398567
1.427884
1.457201
1.497083
1.546077
1.594806
1.613294
1.594806
1.594938
1.594938
1.595070
1.595202
1.596127
1.596259
1.596259
1.568130
1.539738
1.532475
1.532342
1.525211
1.481500
1.451258
1.420885
1.390908
1.361194
1.331349
1.301768
1.271923
1.242077
1.212628
1.183443
1.154258
1.124941
1.085060
1.036198
0.987600
0.963566
0.963566
0.963434
0.963566
0.963566
0.963434
0.962509
0.962377
0.962245
0.966207
0.986544
0.986412
0.986412
0.986412
0.986280
0.986280
0.986280
0.986280
0.986148
0.986148
0.986016
0.986016
0.985884
0.985884
0.985751
0.985619
0.985619
0.985751
0.985619
0.985487
0.985355
0.985223
0.985223
0.985091
0.984959
0.984959
0.990902
0.990902
0.990902
0.986808
0.966471
0.966603
0.966603
0.966603
0.966603
0.966471
0.966471
0.966339
0.966339
0.966339
0.966339
0.966339
0.966339
0.966339
0.966339
0.966339
0.966339
0.966207
0.966207
0.966207
0.966339
0.966339
0.966471
0.966471
0.966471
0.966471
0.960528
0.960528
0.960528
0.960528
0.960396
0.960264
0.960264
0.960264
0.960264
0.960264
0.960264
0.960264
0.960264
0.975319
0.984299
0.984299
0.984299
0.984299
0.984299
0.984299
0.984299
0.985619
0.985619
0.985619
0.985487
0.985487
0.985355
0.985355
0.985355
0.985355
0.985355
0.985355
0.985355
0.985355
0.985355
0.985355
0.985355
0.985355
0.985355
0.985487
0.985487
0.985487
0.985487
0.970433
0.961585
0.961585
0.961585
0.961717
0.961717
0.961717
0.961717
0.960396
0.960396
0.960396
0.960396
0.960396
0.960396
0.960396
0.960396
0.960396
0.960396
0.960396
0.960396
0.960396
0.960396
0.960396
0.960396
0.960396
0.960396
0.960264
0.960264
0.960264
0.960264
0.960264
0.969904
0.969904
0.973470
0.973470
0.973470
0.973470
0.973470
0.973470
0.973470
0.973470
0.973602
0.973602
0.973602
0.973602
0.973734
0.973734
0.973734
0.973734
0.973734
0.973734
0.973734
0.973734
0.973734
0.973734
0.973734
0.973734
0.973734
0.973734
0.973734
0.973734
0.963962
0.963962
0.960396
0.960264
0.960264
0.960264
0.960264
0.960264
0.960264
0.960264
0.960132
0.960132
0.960132
0.960132
0.960000
0.960000
0.960000
0.960000
0.960000
0.960000
0.960000
0.960000
0.960000
0.960000
0.960132
0.960132
0.960132
0.960132
0.960132
0.960132
0.960132
0.960132
0.960132
0.960132
0.960264
0.960264
0.960264
0.960264
0.960264
0.960264
0.960264
0.960264
0.960264
0.960264
0.960264
0.960264
0.960264
0.960264
0.960264
0.960264
0.960264
0.981526
0.981658
0.982318
0.984563
0.984959
0.984959
0.993015
0.997241
0.997241
0.997241
0.997241
0.997241
0.997241
0.998429
0.999089
0.999089
1.019691
1.019691
1.019823
1.019823
1.019823
1.019823
1.019955
1.019955
1.019955
1.019955
1.019955
1.019955
1.019955
1.019955
0.998693
0.998561
0.997901
0.995524
0.998033
0.998033
0.991166
0.991034
0.991430
0.991562
0.991562
0.991562
0.991562
0.992222
0.991562
0.991694
0.971093
0.971093
0.970961
0.970961
0.970961
0.970961
0.970829
0.970829
0.970829
0.970829
0.970829
0.970829
0.970829
0.970829
0.970829
0.970829
0.970829
0.970829
0.967924
0.967924
0.966735
0.962641
0.962245
0.962113
0.962113
0.962113
0.962113
0.960132
0.960264
0.960132
0.960132
0.960132
0.960264
0.960264
0.960264
0.960264
0.960264
0.960264
0.960264
0.960264
0.960264
0.960264
0.960264
0.960264
0.960264
0.960264
0.960264
0.960264
0.960264
0.960264
0.960264
0.960264
0.960264
0.960264
0.960264
0.960264
0.960264
0.960264
0.960132
0.960132
0.960132
0.960132
0.960000
0.960000
0.960000
0.960000
0.960000
0.960000
0.960000
0.960000
0.960000
0.960000
0.960132
0.960132
0.960132
0.960132
0.960132
0.960132
0.960132
0.960264
0.960264
0.960264
0.960264
0.962905
0.962905
0.962905
0.962905
0.962905
0.962905
0.962905
0.962905
0.962905
0.962905
0.962905
0.962905
0.962905
0.962905
0.962905
0.962905
0.962905
0.962905
0.962905
0.962773
0.962773
0.962773
0.962773
0.962773
0.962773
0.962773
0.962641
0.962641
0.962641
0.962641
0.960000
0.960000
0.960000
0.960000
0.960000
0.960000
0.960000
0.960000
0.960000
0.960000
0.960000
0.960000
0.960000
0.960000
0.960000
0.960000
0.960000
0.960000
0.960000
0.960132
0.960132
0.960132
0.960132
0.960132
0.960132
0.960132
0.960264
0.960264
0.960264
0.960264
0.960264
0.960264
0.960264
0.960264
0.960264
0.960264
0.960264
0.960264
0.960264
0.960264
0.960264
0.960264
0.960264
0.960264
0.960264
0.960264
0.960264
0.960264
0.960264
0.960132
0.960132
0.960132
0.960132
0.960132
0.960132
0.960132
0.960000
0.960000
0.960000
0.960000
0.960000
0.960000
0.960000
0.960000
0.960000
0.960000
0.960000
0.960000
0.960000
0.960000
0.960000
0.960000
0.960000
0.960000
0.960000
0.960000
0.960000
0.967924
0.983903
0.987864
0.987864
0.987864
0.987996
0.987996
0.987996
0.987996
0.987996
0.987996
0.987996
0.987996
0.987996
0.987996
0.987996
0.987996
0.987996
0.987996
0.987996
0.987996
0.987996
0.987996
0.987996
0.987996
0.987996
0.987996
0.987996
0.987996
0.987996
0.980073
0.964094
0.960132
0.960132
0.960132
0.960000
0.960000
0.960000
0.960000
0.960000
0.960000
0.960000
0.960000
0.960000
0.960000
0.960000
0.960000
0.960000
0.960000
0.960000
0.960000
0.960000
0.960000
0.960000
0.960000
0.960000
0.960132
0.960132
0.960132
0.960132
0.960132
0.960132
0.960132
0.960132
0.960132
0.960132
0.960132
0.960132
0.960132
0.960132
0.960132
0.960132
0.960132
0.960132
0.960132
0.960132
0.960132
0.960132
0.960132
0.960132
0.960132
0.960132
0.960132
0.960132
0.960132
0.960132
0.960132
0.960132
0.960132
0.960132
0.960132
0.960132
0.960132
0.960132
0.960132
0.960132
0.960132
0.960132
0.960132
0.960132
0.960132
0.960132
0.960132
0.960132
0.960132
0.960132
0.960132
0.960132
0.960132
0.960132
0.960132
0.960132
0.960132
0.960132
0.960132
0.960132
0.960000
0.960000
0.960000
0.960000
0.960000
0.960000
0.960000
0.960000
0.960000
0.960000
0.960000
0.960000
0.960000
0.960000
0.960000
0.960000
0.960000
0.960000
0.960000
0.960000
0.960000
0.960000
0.960000
0.960000
0.960000
0.960000
0.960000
0.960000
0.960000
0.960000
0.960000
0.960000
0.960000
0.960000
0.960000
0.960000
0.960000
0.960000
0.960000
0.960000
0.960000
0.960000
0.960000
0.960000
0.960000
0.960000
0.960000
0.960000
0.960132
0.960132
0.960132
0.960132
0.960132
0.960132
0.960132
0.960132
0.960132
0.960132
0.960132
0.960132
0.960132
0.960132
0.960132
0.960132
0.960132
0.960137
0.960141
0.960147
0.960152
0.960158
0.960165
0.960172
0.960180
0.960189
0.960198
0.960209
0.960220
0.960233
0.960000
