0.960000
0.960000
0.960000
0.960000
0.960000
0.960000
0.960000
0.960000
0.960000
0.960000
0.960000
0.960000
0.960000
0.960000
0.960000
0.960000
0.960000
0.960000
0.960000
0.960000
0.960000
0.960000
0.960000
0.960000
0.960000
0.960000
0.960000
0.960000
0.960000
0.960000
0.960000
0.960000
0.960000
0.960000
0.960000
0.960000
0.960000
0.960000
0.960000
0.960000
0.960000
0.960000
0.960000
0.960000
0.960000
0.960000
0.960000
0.960000
0.960000
0.960000
0.960000
0.960000
0.960000
0.960000
0.960000
0.960000
0.960000
0.960000
0.960000
0.960000
0.960000
0.960000
0.960000
0.960000
0.960000
0.960000
0.960000
0.960000
0.960000
0.960000
0.960000
0.960000
0.960000
0.960000
0.960000
0.960000
0.960000
0.960000
0.960000
0.960000
0.960000
0.960000
0.960000
0.960000
0.960000
0.960000
0.960000
0.960000
0.960000
0.960000
0.960000
0.960000
0.960000
0.960000
0.960000
0.960000
0.960000
0.960000
0.960000
0.960000
0.960000
0.960000
0.960000
0.960000
0.960000
0.960000
0.960000
0.960000
0.960000
0.960000
0.960000
0.960000
0.960000
0.960000
0.960000
0.960000
0.960000
0.960000
0.960000
0.960000
0.960000
0.960000
0.960000
0.960000
0.960000
0.960000
0.960000
0.960000
0.960000
0.960000
0.960000
0.960000
0.960000
0.960000
0.960000
0.960000
0.960000
0.960000
0.960000
0.960000
0.960000
0.960000
0.960000
0.960000
0.960000
0.960000
0.960000
0.960000
0.960000
0.960000
0.960000
0.960000
0.960000
0.960000
0.960000
0.960000
0.960000
0.960000
0.960000
0.960000
0.960000
0.960000
0.960000
0.960000
0.960000
0.960000
0.960000
0.960000
0.960000
0.960000
0.960000
0.960000
0.960000
0.960000
0.960000
0.960000
0.960000
0.960000
0.960000
0.960000
0.960000
0.960000
0.960000
0.960000
0.960000
0.960000
0.960000
0.960000
0.960000
0.960000
0.960000
0.960000
0.960000
0.960000
0.960000
0.960000
0.960000
0.960000
0.960000
0.960000
0.960000
0.960000
0.960000
0.960000
0.960000
0.960000
0.960000
0.960000
0.960000
0.960000
0.960000
0.960000
0.960000
0.960000
0.960000
0.960000
0.960000
0.960000
0.960000
0.960000
0.960000
0.960000
0.960000
0.960000
0.960000
0.960000
0.960000
0.960000
0.960000
0.960000
0.960000
0.960000
0.960000
0.960000
0.960000
0.960000
0.960000
0.960000
0.960000
0.960000
0.960000
0.960000
0.960000
0.960000
0.960000
0.960000
0.960000
0.960000
0.960000
0.960000
0.960000
0.960000
0.960000
0.960000
0.960000
0.960000
0.960000
0.960000
0.960000
0.960000
0.960000
0.960000
0.960000
0.960000
0.960000
0.960000
0.960000
0.960000
0.960000
0.960000
0.960000
0.960000
0.960000
0.960000
0.960000
0.960000
0.960000
0.960000
0.960000
0.960000
0.960000
0.960000
0.960000
0.960000
0.960000
0.960000
0.960000
0.960000
0.960000
0.960000
0.960000
0.960000
0.960000
0.960000
0.960000
0.960000
0.960000
0.960000
0.960000
0.960000
0.960000
0.960000
0.960000
0.960000
0.960000
0.960000
0.960000
0.960000
0.960000
0.960000
0.960000
0.960000
0.960000
0.960000
0.960000
0.960000
0.960000
0.960000
0.960000
0.960000
0.960000
0.960000
0.960000
0.960000
0.960000
0.960000
0.960000
0.960000
0.960000
0.960000
0.960000
0.960000
0.960000
0.960000
0.960000
0.960000
0.960000
0.960000
0.960000
0.960000
0.960000
0.960000
0.960000
0.960000
0.960000
0.960000
0.960000
0.960000
0.960000
0.960000
0.960000
0.960000
0.960000
0.960000
0.960000
0.960000
0.960000
0.960000
0.960000
0.960000
0.960000
0.960000
0.960000
0.960000
0.960000
0.960000
0.960000
0.960000
0.960000
0.960000
0.960000
0.960000
0.960000
0.960000
0.960000
0.960000
0.960000
0.960000
0.960000
0.960000
0.960000
0.960000
0.960000
0.960000
0.960000
0.960000
0.960000
0.960000
0.960000
0.960000
0.960000
0.960000
0.960000
0.960000
0.960000
0.960000
0.960000
0.960000
0.960000
0.960000
0.960000
0.960000
0.960000
0.960000
0.960000
0.960000
0.960000
0.960000
0.960000
0.960000
0.960000
0.960000
0.960000
0.960000
0.960000
0.960000
0.960000
0.960000
0.960000
0.960000
0.960000
0.960000
0.960000
0.960000
0.968382
0.980116
0.980116
0.980116
0.980116
0.980116
0.980116
0.980116
0.980116
0.980116
0.980116
0.980116
0.980116
0.980116
0.980116
0.980116
1.002580
1.004927
1.006268
1.006268
1.006268
1.006268
1.006268
1.006268
1.006268
1.006268
1.006268
1.006268
1.006268
1.006268
0.997886
1.004256
1.004591
1.023367
1.038119
1.054547
1.069299
1.083381
1.097462
1.132666
1.154459
1.168540
1.183627
1.197374
1.211455
1.225872
1.217155
1.228889
1.228889
1.228889
1.228889
1.228889
1.228889
1.228889
1.229224
1.230230
1.230230
1.230230
1.230230
1.230230
1.230230
1.212126
1.211790
1.193015
1.178263
1.163846
1.149094
1.135013
1.120931
1.085728
1.063935
1.049853
1.039460
1.025714
1.017667
1.014985
1.008615
1.003586
1.008279
1.015991
1.029402
1.060247
1.073993
1.087404
1.100480
1.114561
1.126966
1.146747
1.148088
1.165187
1.166864
1.166864
1.166864
1.173569
1.193350
1.207432
1.224866
1.253029
1.281192
1.303655
1.323772
1.336847
1.362999
1.388144
1.404572
1.416642
1.425024
1.428042
1.436088
1.444135
1.430724
1.399879
1.386132
1.372721
1.359311
1.344223
1.331818
1.312037
1.310696
1.294603
1.292926
1.292926
1.292926
1.286221
1.266440
1.250347
1.234589
1.222854
1.211120
1.204750
1.201062
1.204079
1.188992
1.179939
1.173569
1.165858
1.165858
1.169881
1.171557
1.171893
1.177592
1.177592
1.181951
1.181951
1.181951
1.181951
1.181951
1.181951
1.181951
1.180945
1.180945
1.180945
1.180945
1.180945
1.180945
1.180945
1.179269
1.162840
1.146412
1.130319
1.113890
1.097797
1.082039
1.065946
1.049853
1.033760
1.018002
1.001909
0.986151
0.970058
0.964359
0.964359
0.960000
0.960000
0.960000
0.960000
0.960000
0.960000
0.960000
0.960000
0.960000
0.960000
0.960000
0.960000
0.960000
0.960000
0.960000
0.960000
0.960000
0.960000
0.960000
0.960000
0.960000
0.960000
0.960000
0.960000
0.960000
0.960000
0.960000
0.960000
0.960000
0.960000
0.960000
0.960000
0.960000
0.960000
0.960000
0.960000
0.960000
0.960000
0.960000
0.960000
0.960000
0.960000
0.960000
0.960000
0.960000
0.960000
0.960000
0.960000
0.960000
0.960000
0.960000
0.960000
0.960000
0.960000
0.960000
0.960000
0.960000
0.960000
0.960000
0.960000
0.960000
0.960000
0.960000
0.960000
0.960000
0.960000
0.960000
0.960000
0.960000
0.960000
0.960000
0.960000
0.960000
0.960000
0.960000
0.960000
0.960000
0.960000
0.960000
0.960000
0.960000
0.960000
0.960000
0.960000
0.960000
0.960000
0.960000
0.960000
0.960000
0.960000
0.960000
0.960000
0.960000
0.960000
0.960000
0.960000
0.960000
0.960000
0.960000
0.960000
0.974417
0.983469
0.983469
0.983469
0.983469
0.983469
0.983469
0.983469
0.983469
0.983469
0.983469
0.983469
0.983469
0.983469
0.983469
0.983469
0.983469
1.003921
1.003921
1.003921
1.003921
1.003921
1.003921
1.003921
1.003921
1.003921
1.003921
1.003921
1.003921
1.003921
0.989504
0.980452
0.980452
0.980452
0.980452
0.980452
0.980452
0.980452
0.980452
0.980452
0.980452
0.980452
0.980452
0.980452
0.980452
0.980452
0.980452
0.960000
0.960000
0.960000
0.960000
0.960000
0.960000
0.960000
0.960000
0.960000
0.960000
0.960000
0.960000
0.960000
0.960000
0.960000
0.960000
0.960000
0.960000
0.960000
0.976764
0.984810
0.984810
0.984810
0.984810
0.984810
0.984810
0.984810
0.984810
0.984810
0.984810
0.984810
0.984810
0.984810
0.984810
0.984810
0.984810
0.984810
0.984810
0.984810
0.984810
0.984810
0.984810
0.984810
0.984810
0.984810
0.984810
0.984810
0.984810
0.984810
0.968047
0.960000
0.960000
0.960000
0.960000
0.960000
0.960000
0.960000
0.960000
0.960000
0.960000
0.960000
0.960000
0.960000
0.960000
0.960000
0.960000
0.960000
0.960000
0.960000
0.960000
0.960000
0.960000
0.960000
0.960000
0.960000
0.960000
0.960000
0.960000
0.960000
0.960000
0.960000
0.960000
0.960000
0.960000
0.960000
0.960000
0.960000
0.960000
0.960000
0.960000
0.960000
0.960000
0.960000
0.960000
0.960000
0.960000
0.960000
0.960000
0.960000
0.960000
0.960000
0.960000
0.960000
0.960000
0.960000
0.960000
0.960000
0.960000
0.960000
0.960000
0.960000
0.960000
0.960000
0.960000
0.960000
0.960000
0.960000
0.960000
0.960000
0.960000
0.960000
0.960000
0.960000
0.960000
0.960000
0.960000
0.960000
0.960000
0.960000
0.960000
0.960000
0.960000
0.960000
0.960000
0.960000
0.978440
0.986151
0.986151
0.986151
0.986151
0.986151
0.986151
0.986151
0.986151
0.986151
0.986151
0.986151
0.986151
0.986151
0.986151
0.986151
0.986151
0.986151
0.986151
0.986151
0.986151
0.986151
0.986151
0.986151
0.986151
0.986151
0.986151
0.986151
0.986151
0.986151
0.967711
0.960000
0.960000
0.960000
0.960000
0.960000
0.960000
0.960000
0.960000
0.960000
0.960000
0.960000
0.960000
0.960000
0.960000
0.960000
0.960000
0.960000
0.960000
0.960000
0.960000
0.960000
0.960000
0.960000
0.960000
0.960000
0.960000
0.960000
0.960000
0.960000
0.960000
0.960000
0.960000
0.960000
0.960000
0.960000
0.960000
0.960000
0.960000
0.960000
0.960000
0.960000
0.960000
0.960000
0.960000
0.960000
0.960000
0.960000
0.960000
0.960000
0.960000
0.960000
0.960000
0.960000
0.960000
0.960000
0.960000
0.960000
0.964694
0.972740
0.972740
0.979111
1.007274
1.032754
1.036107
1.036107
1.049183
1.055888
1.070640
1.085057
1.103162
1.118249
1.134677
1.148424
1.181280
1.216819
1.236601
1.250682
1.264763
1.278510
1.292256
1.293932
1.293932
1.293932
1.293932
1.293932
1.293932
1.293932
1.289238
1.281192
1.281192
1.274822
1.246659
1.221178
1.217825
1.217825
1.204750
1.198044
1.183292
1.168875
1.150771
1.135683
1.119255
1.105509
1.072652
1.037113
1.017332
1.003250
0.989169
0.975423
0.961676
0.960000
0.960000
0.960000
0.960000
0.960000
0.960000
0.960000
0.960000
0.960000
0.960000
0.960000
0.960000
0.960000
0.960000
0.960000
0.960671
0.960671
0.960671
0.960671
0.960671
0.960671
0.960671
0.962012
0.962012
0.962012
0.962012
0.962012
0.962012
0.962012
0.962012
0.962012
0.964023
0.964359
0.964359
0.965029
0.965029
0.965029
0.965029
0.965029
0.965029
0.965029
0.965029
0.965029
0.965029
0.965029
0.964359
0.964359
0.964359
0.964359
0.964359
0.964359
0.964359
0.963017
0.963017
0.963017
0.964023
0.967041
0.967041
0.967041
0.967041
0.967041
0.965029
0.964694
0.964694
0.964023
0.964023
0.964023
0.964023
0.964023
0.964023
0.964023
0.964023
0.964023
0.964023
0.964023
0.964023
0.964023
0.964023
0.964023
0.964023
0.964023
0.964023
0.964023
0.964023
0.964023
0.963017
0.960000
0.960000
0.960000
0.960000
0.960000
0.960000
0.960000
0.960000
0.960000
0.960671
0.960671
0.960671
0.960671
0.960671
0.960671
0.960671
0.960671
0.960671
0.960671
0.960671
0.971064
0.985146
0.987157
0.988163
0.988163
0.988163
0.988163
0.988163
0.988163
1.013308
1.013979
1.013979
1.013979
1.013979
1.013979
1.013979
1.013979
1.013979
1.013979
1.013308
1.013308
1.013308
1.013308
1.013308
1.013308
1.013308
1.019343
1.045159
1.066282
1.082375
1.095115
1.082710
1.107856
1.130654
1.130989
1.132666
1.143395
1.147418
1.147418
1.123278
1.126631
1.128642
1.128642
1.128642
1.128642
1.128642
1.128642
1.128642
1.128642
1.128642
1.128642
1.128642
1.128642
1.128642
1.128642
1.128642
1.122608
1.096792
1.075669
1.059576
1.047171
1.057565
1.030407
1.006603
1.006268
1.006268
0.995539
0.991516
0.991516
0.990510
0.986487
0.986487
0.986487
0.987157
0.989504
0.991851
1.005932
1.012303
1.012303
1.012303
1.012303
1.012973
1.021020
1.021020
1.021020
1.021020
1.021020
1.021020
1.021020
1.021020
1.010291
0.998221
0.998221
0.998221
0.998221
0.996545
0.996545
0.996545
0.996545
0.996545
0.996545
0.994533
0.994533
0.993863
0.991516
0.989169
0.975087
0.968717
0.968717
0.968717
0.968717
0.968047
0.960000
0.960000
0.960000
0.960000
0.960000
0.960000
0.960000
0.960000
0.960000
0.960000
0.960000
0.960000
0.960000
0.960000
0.960000
0.960000
0.960000
0.960000
0.960000
0.960000
0.960000
0.960000
0.960000
0.960000
0.960000
0.960000
0.960000
0.960000
0.960000
0.960000
0.960000
0.960000
0.960000
0.960000
0.960000
0.960000
0.960000
0.960000
0.960000
0.960000
0.960000
0.960000
0.960000
0.960000
0.960000
0.960000
0.960000
0.960000
0.960000
0.960000
0.960000
0.960000
0.960000
0.960000
0.960000
0.960000
0.960000
0.960000
0.960000
0.960000
0.960000
0.960000
0.960000
0.960000
0.960000
0.960000
0.960000
0.960000
0.960000
0.960000
0.960000
0.971064
0.980116
0.980116
0.980116
0.980116
0.980116
0.980116
0.980116
0.980116
0.980116
0.980116
0.980116
0.980116
0.980116
0.980116
0.980116
0.980116
0.980116
0.980116
0.982128
0.983804
0.984475
0.984475
0.984475
0.984475
0.984475
0.984475
0.984475
0.984475
0.984475
0.973411
0.964359
0.964359
0.964359
0.964359
0.964359
0.964359
0.964359
0.964359
0.964359
0.964359
0.964359
0.964359
0.964359
0.964359
0.964359
0.964359
0.964359
0.964359
0.962347
0.960671
0.960000
0.960000
0.960000
0.960000
0.960000
0.960000
0.960000
0.960000
0.960000
0.960000
0.960000
0.960000
0.960000
0.960000
0.960000
0.960000
0.960000
0.960000
0.960000
0.960000
0.960000
0.960000
0.960000
0.960000
0.960000
0.960000
0.960000
0.960000
0.960000
0.960000
0.960000
0.960000
0.960000
0.960000
0.960000
0.960000
0.960000
0.960000
0.960000
0.960000
0.960000
0.960000
0.960000
0.960000
0.960000
0.960000
0.960000
0.960000
0.960000
0.960000
0.960000
0.960000
0.960000
0.960000
0.960000
0.960000
0.960000
0.960000
0.960000
0.960000
0.960000
0.960000
0.960000
0.960000
0.960000
0.960000
0.960000
0.960000
0.960000
0.960000
0.960000
0.960000
0.960000
0.960000
0.960000
0.960000
0.960000
0.960000
0.960000
0.960000
0.960000
0.960000
0.960000
0.960000
0.960000
0.960000
0.960000
0.960000
0.960000
0.960000
0.960000
0.960000
0.960000
0.960000
0.960000
0.960000
0.960000
0.960000
0.960000
0.960000
0.960000
0.960000
0.960000
0.960000
0.960000
0.960000
0.960000
0.960000
0.960000
0.960000
0.960000
0.960000
0.960000
0.960000
0.960000
0.960000
0.960000
0.960000
0.960000
0.960000
0.960000
0.960000
0.960000
0.960000
0.960000
0.960000
0.960000
0.960000
0.960000
0.960000
0.960000
0.960000
0.960000
0.960000
0.960000
0.960000
0.960000
0.960000
0.960000
0.960000
0.960000
0.960000
0.960000
0.960000
0.960000
0.960000
0.960000
0.960000
0.960000
0.960000
0.960000
0.960000
0.960000
0.960000
0.960000
0.960000
0.960000
0.960000
0.960000
0.960000
0.960000
0.960000
0.960000
0.960000
0.960000
0.960000
0.960000
0.960000
0.960000
0.960000
0.960000
0.960000
0.960000
0.960000
0.960000
0.960000
0.960000
0.960000
0.960000
0.960000
0.960000
0.960000
0.960000
0.960000
0.960000
0.960000
0.960000
0.960000
0.960000
0.960000
0.960000
0.960000
0.960000
0.960000
0.960000
0.960000
0.960000
0.960000
0.960000
0.960000
0.960000
0.960000
0.960000
0.960000
0.960000
0.960000
0.960000
0.960000
0.960000
0.960000
0.960000
0.960000
0.960000
0.960000
0.960000
0.960000
0.960000
0.960000
0.960000
0.960000
0.960000
0.960000
0.960000
0.960000
0.960000
0.960000
0.960000
0.960000
0.960000
0.960000
0.960000
0.960000
0.960000
0.960000
0.960000
0.960000
0.960000
0.960000
0.960000
0.960000
0.960000
0.960000
0.960000
0.960000
0.960000
0.960000
0.960000
0.960000
0.960000
0.960000
0.960000
0.960000
0.960000
0.960000
0.960000
0.960000
0.960000
0.960000
0.960000
0.960000
0.960000
0.960000
0.960000
0.960000
0.960000
0.960000
0.960000
0.960000
0.960000
0.960000
0.960000
0.960000
0.960000
0.960000
0.960000
0.960000
0.960000
0.960000
0.960000
0.960000
0.960000
0.960000
0.960000
0.960000
0.960000
0.960000
0.960000
0.960000
0.960000
0.960000
0.960000
0.960000
0.960000
0.960000
0.960000
0.960000
0.960000
0.960000
0.960000
0.960000
0.960000
0.960000
0.960000
0.960000
0.960000
0.960000
0.960000
0.960000
0.960000
0.960000
0.960000
0.960000
0.960000
0.960000
0.960000
0.960000
0.960000
0.960000
0.960000
0.960000
0.960000
0.960000
0.960000
0.960000
0.960000
0.960000
0.960000
0.960000
0.960000
0.960000
0.960000
0.960000
0.960000
0.960000
0.960000
0.960000
0.960000
0.960000
0.960000
0.960000
0.960000
0.960000
0.960000
0.960000
0.960000
0.960000
0.960000
0.960000
0.960000
0.960000
0.960000
0.960000
0.960000
0.960000
0.960000
0.960000
0.960000
0.960000
0.960335
0.960335
0.961676
0.961676
0.963017
0.963017
0.963017
0.963017
0.963017
0.963017
0.963017
0.963017
0.963017
0.963017
0.963017
0.963017
0.963017
0.963017
0.963017
0.963017
0.963017
0.963017
0.963017
0.963017
0.963017
0.963017
0.963017
0.963017
0.963017
0.963017
0.962682
0.962682
0.961341
0.961341
0.960000
0.960000
0.960000
0.960000
0.960000
0.960000
0.960000
0.960000
0.960000
0.960000
0.960000
0.960000
0.960000
0.960000
0.960000
0.960000
0.960000
0.960000
0.960000
0.960000
0.960000
0.960000
0.960000
0.960000
0.960000
0.960000
0.960000
0.960000
0.960000
0.960000
0.960000
0.960000
0.960000
0.960000
0.960000
0.960000
0.960000
0.960000
0.960000
0.960000
0.960000
0.960000
0.960000
0.960000
0.960000
0.960000
0.960000
0.960000
0.971064
0.979111
0.982128
0.990510
0.999562
1.007609
1.022361
1.055218
1.075669
1.079357
1.079357
1.079357
1.079357
1.079357
1.094445
1.098133
1.098133
1.105844
1.111544
1.111544
1.111544
1.111544
1.111544
1.111544
1.111544
1.111544
1.111544
1.111544
1.111544
1.111544
1.100480
1.092433
1.089416
1.081034
1.071981
1.063935
1.049183
1.016326
0.995874
0.992186
0.992186
0.992186
0.992186
0.992186
0.977099
0.973411
0.973411
0.965700
0.960000
0.960000
0.960000
0.961676
0.961676
0.961676
0.961676
0.961676
0.961676
0.961676
0.964023
0.980116
0.980116
0.988498
1.004591
1.020349
1.036442
1.052535
1.068629
1.084722
1.100815
1.107185
1.117578
1.128307
1.138365
1.148424
1.159488
1.184633
1.210114
1.219837
1.219837
1.219837
1.219837
1.218160
1.224531
1.224531
1.231236
1.231236
1.231236
1.231236
1.228889
1.212796
1.212796
1.204414
1.188321
1.172563
1.166193
1.166528
1.166528
1.166528
1.166528
1.176251
1.196703
1.226207
1.246323
1.266105
1.285215
1.289574
1.285886
1.284880
1.289574
1.289574
1.289574
1.289574
1.283203
1.283203
1.276498
1.276498
1.276498
1.276498
1.276498
1.280521
1.280521
1.280521
1.280521
1.280521
1.270798
1.254370
1.238277
1.222184
1.206091
1.189998
1.159152
1.118920
1.088745
1.058906
1.028731
0.999227
0.977434
0.968717
0.964023
0.964023
0.964023
0.964023
0.964023
0.964023
0.964023
0.964023
0.964023
0.964023
0.964023
0.960000
0.960000
0.960000
0.960000
0.960000
0.960000
0.960000
0.960000
0.960000
0.960000
0.960000
0.960000
0.960000
0.960000
0.960000
0.960000
0.960000
0.960000
0.960000
0.960000
0.960000
0.960000
0.960000
0.960000
0.960000
0.960000
0.960000
0.960000
0.960000
0.960000
0.960000
0.960000
0.960000
0.960000
0.960000
0.960000
0.960000
0.960000
0.960000
0.960000
0.960000
0.960000
0.960000
0.960000
0.960000
0.960000
0.960000
0.960000
0.960000
0.960000
0.960000
0.960000
0.960000
0.960000
0.960000
0.960000
0.960000
0.960000
0.960000
0.960000
0.960000
0.960000
0.960000
0.960000
0.960000
0.960000
0.960000
0.960000
0.960000
0.960000
0.960000
0.960000
0.960000
0.960000
0.960000
0.960000
0.960000
0.960000
0.960000
0.960000
0.960000
0.960000
0.960000
0.960000
0.960000
0.960000
0.960000
0.960000
0.960000
0.960000
0.960000
0.960000
0.960000
0.960000
0.960000
0.960000
0.960000
0.960000
0.960000
0.960000
0.960000
0.960000
0.960000
0.960000
0.960000
0.960000
0.960000
0.960000
0.960000
0.960000
0.960000
0.960000
0.960000
0.960000
0.960000
0.960000
0.960000
0.960000
0.960000
0.963353
0.979446
0.995874
1.010962
1.012973
1.012973
1.028060
1.035772
1.035772
1.035772
1.035772
1.035772
1.035772
1.035772
1.037113
1.037113
1.037113
1.037113
1.037783
1.039460
1.039460
1.039460
1.039460
1.045830
1.045830
1.045830
1.045830
1.045830
1.045830
1.060917
1.073993
1.074328
1.074328
1.064941
1.067623
1.067623
1.052535
1.044824
1.045495
1.045495
1.045495
1.060917
1.069634
1.069634
1.068293
1.068293
1.068293
1.068293
1.067623
1.065946
1.065946
1.065946
1.082710
1.083716
1.083716
1.083716
1.084051
1.084051
1.084051
1.068964
1.052535
1.036107
1.019679
1.013979
1.009285
1.009285
1.009285
1.009285
1.008615
1.008615
1.008615
0.993192
0.985481
1.002244
1.018338
1.035101
1.041471
1.048177
1.069299
1.076340
1.079693
1.079693
1.062929
1.055553
1.055553
1.055553
1.055218
1.055218
1.055218
1.055218
1.055218
1.055218
1.055218
1.055218
1.055218
1.061923
1.061923
1.063264
1.063264
1.082375
1.082375
1.095115
1.134342
1.135013
1.135013
1.127972
1.126631
1.119925
1.098803
1.091762
1.088410
1.088410
1.088410
1.088410
1.088410
1.088410
1.088410
1.088410
1.088410
1.088410
1.088410
1.088410
1.088410
1.088410
1.088410
1.081704
1.081704
1.080363
1.080363
1.061253
1.084722
1.072652
1.032419
1.014985
0.998892
0.989169
0.984140
0.984140
0.984140
0.984140
0.984140
0.984140
0.984140
0.984140
0.984140
0.984140
0.984140
0.984140
0.984140
0.984140
0.984140
0.984140
0.984140
0.984140
0.984140
0.984140
0.984140
0.984140
0.984140
0.984140
0.960671
0.960000
0.960000
0.960000
0.960000
0.960000
0.960000
0.960000
0.960000
0.960000
0.960000
0.960000
0.960000
0.960000
0.960000
0.960000
0.960000
0.960000
0.960000
0.960000
0.960000
0.960000
0.960000
0.960000
0.960000
0.960000
0.960000
0.960000
0.960000
0.960000
0.960000
0.960000
0.960000
0.960000
0.960000
0.960000
0.960000
0.960000
0.960000
0.960000
0.960000
0.960000
0.960000
0.960000
0.960000
0.967376
0.980452
0.982128
0.982128
0.982128
0.982128
0.982128
0.982128
0.982128
0.983804
0.983804
0.983804
0.983804
0.983804
0.983804
0.986822
0.986822
0.986822
0.986822
0.986822
0.986822
0.988834
0.993192
0.993192
0.993192
0.993192
0.993192
0.993192
0.993192
0.993192
0.985816
0.972740
0.971064
0.971064
0.971064
0.971064
0.971064
0.972740
0.972740
0.971064
0.971064
0.971064
0.971064
0.971064
0.971064
0.968047
0.968047
0.968047
0.968047
0.968047
0.968047
0.968717
0.964359
0.964359
0.964359
0.964359
0.964359
0.964694
0.964694
0.964694
0.964694
0.964694
0.964694
0.964694
0.964694
0.964694
0.964694
0.963017
0.963017
0.963017
0.963017
0.978440
0.983469
0.983469
0.984810
0.984810
0.984810
0.984810
0.984810
0.984810
0.984810
0.982128
0.982128
0.983469
0.983469
0.983469
0.983469
0.983134
0.983134
0.983134
0.983134
0.983134
0.983134
0.983134
0.983134
0.983134
0.983134
0.983134
0.983134
0.983134
0.983134
0.967711
0.962682
0.962682
0.961341
0.961341
0.980787
0.985146
0.985146
0.985146
0.985146
0.985146
0.985146
0.983804
0.983804
0.983804
0.983804
0.983804
0.983804
0.983804
0.983804
0.983804
0.983804
0.983804
0.983804
0.983804
0.983804
0.983804
0.983804
0.983804
0.983804
0.983804
0.983804
0.983804
0.983804
0.983804
0.964359
0.960000
0.960000
0.960000
0.960000
0.960000
0.960000
0.960000
0.960000
0.960000
0.960000
0.960000
0.960000
0.960671
0.964694
0.965029
0.966035
0.973076
0.975758
0.975758
0.975758
0.975758
0.975758
0.975758
0.975758
0.975758
0.975758
0.975758
0.975758
0.975758
0.975758
0.975758
0.975758
0.975758
0.975758
0.975758
0.976428
0.976428
0.976428
0.976428
0.977769
0.997551
0.997551
0.996880
0.992857
0.992522
0.991516
0.984475
0.981793
0.981793
0.981793
0.981793
0.981793
0.982463
0.982463
0.983469
0.983469
0.983469
0.985481
1.003921
1.003921
1.003921
1.003921
1.003921
1.003921
1.003921
1.003250
1.003250
1.003250
1.003250
1.001909
0.985146
0.997551
1.007274
1.015655
1.024372
1.045830
1.057900
1.059911
1.059911
1.062929
1.062929
1.083045
1.105509
1.119925
1.133001
1.146747
1.160493
1.174240
1.169211
1.182957
1.196368
1.210114
1.223525
1.226542
1.226542
1.226542
1.226542
1.226542
1.226542
1.226542
1.223525
1.211120
1.201397
1.193015
1.184298
1.162840
1.150771
1.148759
1.148759
1.145741
1.164852
1.144736
1.121602
1.107185
1.093104
1.079357
1.065611
1.049853
1.036442
1.022696
1.009285
0.995539
0.982128
0.979111
0.979111
0.979111
0.979111
0.979111
0.979111
0.979111
0.979111
0.979111
0.979111
0.979111
0.979111
0.979111
0.979111
0.979111
0.979111
0.979111
0.960000
0.960000
0.960000
0.960000
0.960000
0.960000
0.960000
0.960000
0.960000
0.960000
0.960000
0.960000
0.960000
0.960000
0.960000
0.960000
0.960000
0.960000
0.960000
0.960000
0.960000
0.960000
0.960000
0.960000
0.960000
0.960000
0.960000
0.960000
0.960000
0.960000
0.960000
0.960000
0.960000
0.960000
0.960000
0.960000
0.960000
0.960000
0.960000
0.960000
0.960000
0.960000
0.975758
0.985481
0.988834
0.988834
0.988834
0.988834
0.988834
0.988834
0.988834
0.988834
1.009956
1.009956
1.012973
1.020014
1.020349
1.026049
1.033090
1.034766
1.036778
1.036778
1.041807
1.059911
1.077010
1.082375
1.082710
1.103497
1.110202
1.130654
1.146412
1.146747
1.131325
1.121602
1.118249
1.118920
1.126966
1.127301
1.127301
1.127301
1.131325
1.131325
1.110202
1.110202
1.107185
1.100144
1.099809
1.094109
1.087069
1.085392
1.083381
1.083381
1.078351
1.060247
1.043148
1.037783
1.037448
1.016661
1.009956
0.989504
0.973746
0.973411
0.973076
0.973076
0.973076
0.972405
0.964359
0.964023
0.964023
0.964694
0.960671
0.960671
0.960671
0.960671
0.960671
0.960671
0.960671
0.960671
0.961006
0.961006
0.961006
0.961006
0.961006
0.961006
0.961006
0.961006
0.961006
0.961006
0.962012
0.963017
0.968382
0.969052
0.969052
0.969052
0.969052
0.978775
0.982799
0.982799
0.990510
0.990845
0.990845
0.990845
0.992857
0.992857
1.011632
1.011632
1.011632
1.011632
1.011297
1.011297
1.011297
1.011297
1.011297
1.011297
1.011297
1.011297
1.011297
1.011297
1.010291
1.009285
1.009956
1.023031
1.023031
1.023031
1.023031
1.013308
1.009285
1.009285
1.001574
1.000568
1.000568
1.000568
0.998556
0.998556
0.979781
0.979781
0.979781
0.979781
0.979781
0.979781
0.979781
0.979781
0.979781
0.979781
0.979781
0.979781
0.979781
0.979781
0.979781
0.979781
0.973746
0.960000
0.960000
0.960000
0.960000
0.960000
0.960000
0.960000
0.960000
0.960000
0.960000
0.960000
0.960000
0.960000
0.960000
0.960000
0.960000
0.960000
0.960000
0.960000
0.960000
0.960000
0.960000
0.960000
0.960000
0.960000
0.960000
0.960000
0.960000
0.960000
0.960000
0.960000
0.960000
0.960000
0.960000
0.960000
0.960000
0.960000
0.960000
0.960000
0.960000
0.960000
0.960000
0.960000
0.960000
0.960000
0.960000
0.960000
0.960000
0.960000
0.960000
0.960000
0.960671
0.960671
0.960671
0.960671
0.960671
0.960671
0.960671
0.960671
0.960671
0.960671
0.960671
0.960671
0.960671
0.960671
0.960671
0.960671
0.960671
0.960671
0.960671
0.960671
0.960671
0.960671
0.960671
0.960671
0.960671
0.960671
0.960671
0.960671
0.960671
0.960671
0.960000
0.960000
0.960000
0.960000
0.960000
0.960000
0.960000
0.960000
0.960000
0.960000
0.960000
0.960000
0.960000
0.960000
0.960000
0.960000
0.960000
0.960000
0.960000
0.960000
0.960000
0.960000
0.960000
0.960000
0.960000
0.960000
0.960000
0.960000
0.960000
0.960000
0.960000
0.960000
0.960000
0.960000
0.960000
0.960000
0.960000
0.960000
0.960000
0.960000
0.960000
0.960000
0.960000
0.960000
0.960000
0.960000
0.960000
0.960000
0.960000
0.960000
0.960000
0.960000
0.960000
0.960000
0.960000
0.960000
0.960000
0.960000
0.960000
0.960000
0.960000
0.960000
0.960000
0.960000
0.960000
0.960000
0.960000
0.960000
0.960000
0.960000
0.960000
0.960000
0.960000
0.960000
0.960000
0.960000
0.960000
0.960000
0.960000
0.960000
0.960000
0.960000
0.960000
0.960000
0.960000
0.960000
0.960000
0.960000
0.960000
0.960000
0.960000
0.960000
0.960000
0.960000
0.960000
0.960000
0.960000
0.960000
0.960000
0.960000
0.960000
0.960000
0.960000
0.960000
0.960000
0.960000
0.960000
0.960000
0.960000
0.960000
0.960000
0.960000
0.960000
0.960000
0.960000
0.960000
0.960000
0.960000
0.960000
0.960000
0.960000
0.960000
0.960000
0.960000
0.960000
0.960000
0.960000
0.960000
0.960000
0.960000
0.960000
0.960000
0.960000
0.960000
0.960000
0.960000
0.960000
0.960000
0.960000
0.960000
0.960000
0.960000
0.960000
0.960000
0.960000
0.960000
0.960000
0.960000
0.960000
0.960000
0.960000
0.960000
0.960000
0.960000
0.960000
0.960000
0.960000
0.960000
0.960000
0.960000
0.960000
0.960000
0.960000
0.960000
0.960000
0.960000
0.960000
0.960000
0.960000
0.960000
0.960000
0.960000
0.960000
0.960000
0.960000
0.960000
0.960000
0.960000
0.960000
0.960000
0.960000
0.960000
0.960000
0.960000
0.960000
0.960000
0.960000
0.960000
0.960000
0.960000
0.960000
0.960000
0.960000
0.960000
0.960000
0.960000
0.960000
0.960000
0.960000
0.960000
0.960000
0.960000
0.960000
0.960000
0.960000
0.960000
0.960000
0.960000
0.960000
0.960000
0.960000
0.960000
0.960000
0.960000
0.960000
0.960000
0.960000
0.960000
0.960000
0.960000
0.960000
0.960000
0.960000
0.960000
0.960000
0.960000
0.960000
0.960000
0.960000
0.960000
0.960000
0.960000
0.960000
0.960000
0.960000
0.960000
0.960000
0.960000
0.960000
0.960000
0.960000
0.960000
0.960000
0.960000
0.960000
0.960000
0.960000
0.960000
0.960000
0.960000
0.960000
0.960000
0.960000
0.960000
0.960000
0.960000
0.960000
0.960000
0.960000
0.960000
0.960000
0.960000
0.960000
0.960000
0.960000
0.960000
0.960000
0.960000
0.960000
0.960000
0.960000
0.960000
0.960000
0.960000
0.960000
0.960000
0.960000
0.960000
0.960000
0.960000
0.960000
0.960000
0.960000
0.960000
0.960000
0.960000
0.960000
0.960000
0.960000
0.960000
0.960000
0.960000
0.960000
0.960000
0.960000
0.960000
0.960000
0.960000
0.960000
0.960000
0.960000
0.960000
0.960000
0.960000
0.960000
0.960000
0.960000
0.960000
0.960000
0.960000
0.960000
0.960000
0.960000
0.960000
0.960000
0.960000
0.960000
0.960000
0.960000
0.960000
0.960000
0.960000
0.960000
0.960000
0.960000
0.960000
0.960000
0.960000
0.960000
0.960000
0.960000
0.960000
0.960000
0.960000
0.960000
0.960000
0.960000
0.960000
0.960000
0.960000
0.960000
0.960000
0.960000
0.960000
0.960000
0.960000
0.960000
0.960000
0.960000
0.960000
0.960000
0.960000
0.960000
0.960000
0.960000
0.960000
0.960000
0.960000
0.960000
0.960000
0.960000
0.960000
0.960000
0.960000
0.960000
0.960000
0.960000
0.960000
0.960000
0.960000
0.960000
0.960000
0.981122
0.981793
0.982463
0.982463
0.982463
0.982463
0.982463
0.982463
0.982463
0.982463
0.982463
0.982463
0.982463
0.982463
0.982463
0.982463
0.982463
0.982463
0.982463
0.982463
0.982463
0.982463
0.982463
0.982463
0.982463
0.982463
0.982463
0.982463
0.982463
0.982463
0.961341
0.960671
0.960000
0.960000
0.960000
0.960000
0.960000
0.960000
0.960000
0.960000
0.960000
0.960000
0.960000
0.960000
0.960000
0.960671
0.962012
0.969052
0.978775
1.007609
1.052200
1.069970
1.084386
1.098133
1.112214
1.114226
1.114226
1.114561
1.114561
1.118249
1.128978
1.133336
1.133336
1.133336
1.133336
1.133336
1.133336
1.133336
1.133336
1.133336
1.133336
1.133336
1.133336
1.133336
1.133336
1.132666
1.132330
1.125290
1.115567
1.086733
1.042142
1.024372
1.009956
0.996210
0.982128
0.980116
0.980116
0.979781
0.979781
0.976093
0.965364
0.961006
0.961006
0.961006
0.961006
0.961006
0.961006
0.961006
0.961006
0.961006
0.961006
0.961006
0.961006
0.961006
0.961006
0.961006
0.960000
0.960000
0.960000
0.985146
1.006268
1.006268
1.006268
1.006268
1.006268
1.006268
1.006268
1.006268
1.006268
1.006938
1.006938
1.006938
1.006938
1.006938
1.006938
1.006938
1.006938
1.006938
1.006938
1.006938
1.006938
1.006938
1.006938
1.006938
1.006938
1.006938
1.006938
1.006938
1.006938
0.981793
0.960671
0.960671
0.960671
0.960671
0.960671
0.960671
0.960671
0.960671
0.960671
0.960000
0.961006
0.962682
0.962682
0.962682
0.962682
0.962682
0.962682
0.962682
0.984475
0.984475
0.984475
0.984475
0.984475
0.984475
0.984475
0.994533
1.007609
1.007609
1.007609
1.007609
1.007609
1.007609
1.007609
1.007609
1.007609
1.007609
1.007609
1.007609
1.007609
1.007609
1.006603
1.004927
1.004927
1.004927
1.004927
1.004927
1.004927
1.004927
0.983134
0.983134
0.983134
0.983134
0.983134
0.983134
0.983134
0.973076
0.960000
0.960000
0.960000
0.960000
0.960000
0.960000
0.960000
0.960000
0.960000
0.960000
0.960000
0.960000
0.960000
0.960000
0.960000
0.960000
0.960000
0.960000
0.960000
0.960000
0.960000
0.960000
0.960000
0.960000
0.960000
0.960000
0.960000
0.960000
0.960000
0.960000
0.960000
0.960000
0.960000
0.960000
0.960000
0.960000
0.960000
0.960000
0.960000
0.960000
0.960000
0.960000
0.960000
0.960000
0.960000
0.960000
0.960000
0.960000
0.960000
0.960000
0.960000
0.960000
0.960000
0.960000
0.960000
0.960000
0.960000
0.960000
0.960000
0.960000
0.960000
0.960000
0.960000
0.960000
0.960000
0.960000
0.960000
0.960000
0.960000
0.960000
0.960000
0.960000
0.960000
0.960000
0.960000
0.960000
0.960000
0.960000
0.960000
0.960000
0.960000
0.960000
0.960000
0.960000
0.960000
0.960000
0.960000
0.960000
0.960000
0.960000
0.960000
0.960000
0.960000
0.960000
0.960000
0.960000
0.960000
0.960000
0.960000
0.960000
0.960000
0.960000
0.960000
0.960000
0.960000
0.960000
0.960000
0.960000
0.960000
0.960000
0.960000
0.960000
0.960000
0.960000
0.960000
0.960671
0.960671
0.960671
0.960671
0.960671
0.988498
1.002580
1.016326
1.029737
1.043483
1.056894
1.070305
1.071981
1.071981
1.071981
1.071981
1.071981
1.071981
1.071981
1.071981
1.071981
1.071981
1.071981
1.071981
1.071981
1.071981
1.071981
1.071981
1.071981
1.071981
1.071311
1.071311
1.078351
1.090757
1.090757
1.062929
1.048847
1.035101
1.042813
1.032084
1.018673
1.005262
1.003921
1.003921
1.003921
1.003921
1.003921
1.003921
1.003921
1.003921
1.003921
1.004256
1.004256
1.004256
1.004256
1.004256
1.004256
1.004256
1.004591
1.004591
1.004591
1.004591
0.997551
0.985146
0.985146
0.985146
0.985146
0.985146
0.964023
0.961006
0.961006
0.961006
0.960671
0.960671
0.970058
0.975423
0.975423
0.975423
0.975423
0.975423
0.975423
0.975087
0.975087
0.975087
0.975087
0.975087
0.975087
0.975087
0.974752
0.974752
0.974752
0.974752
0.974752
0.974752
0.974752
0.974752
0.988498
0.993863
0.995539
0.995539
0.995539
0.995539
0.995539
0.995539
0.986487
0.981122
0.981122
0.981122
0.981122
0.981122
0.981122
0.981122
0.981457
0.981457
0.981457
0.981457
0.981457
0.981457
0.981457
0.981457
0.981457
0.981457
0.981457
0.981457
0.981457
0.981457
0.967711
0.962347
0.960671
0.960671
0.960671
0.960671
0.960671
0.960671
0.960335
0.960335
0.960335
0.960335
0.960335
0.960335
0.960335
0.960335
0.960000
0.960000
0.960000
0.960000
0.960000
0.960000
0.960000
0.960000
0.960000
0.960000
0.960000
0.960000
0.960000
0.960000
0.960000
0.960000
0.960000
0.960000
0.960000
0.960000
0.960000
0.960000
0.960000
0.960000
0.960000
0.960000
0.960000
0.960000
0.960000
0.960000
0.960000
0.960000
0.960000
0.960000
0.960000
0.960000
0.960000
0.960000
0.960000
0.960000
0.960000
0.960000
0.960000
0.960000
0.960000
0.960000
0.960000
0.960000
0.960000
0.960000
0.960000
0.960000
0.960000
0.960000
0.960000
0.960000
0.960000
0.960000
0.960000
0.960000
0.960000
0.960000
0.960000
0.960000
0.960000
0.960000
0.960000
0.960000
0.960000
0.960000
0.960000
0.960000
0.960000
0.960000
0.960000
0.960000
0.960000
0.960000
0.960000
0.960000
0.960000
0.960000
0.960000
0.960000
0.960000
0.960000
0.960000
0.960000
0.960000
0.960000
0.960000
0.960000
0.960000
0.960000
0.960000
0.960000
0.960000
0.961676
0.967376
0.972070
0.972070
0.972070
0.977099
0.977099
0.977099
0.977099
0.977099
0.977099
0.977099
0.977099
0.977434
0.977434
0.977434
0.977434
0.977434
0.977434
0.977434
0.977769
0.978775
0.978775
0.978775
0.978775
0.978775
0.980116
0.999227
0.999898
0.999898
0.998221
0.992522
1.004256
1.008950
1.008950
1.003921
1.003921
1.003921
1.003921
1.003921
1.008950
1.026384
1.026384
1.026049
1.026049
1.026049
1.026049
1.026049
1.026049
1.026049
1.025714
1.024708
1.024708
1.024708
1.024708
1.024708
1.023367
1.004256
1.003586
1.003586
1.003586
1.003586
0.987157
0.982463
1.006938
1.007274
1.007274
1.007274
1.007274
1.007274
1.002244
0.984810
0.984810
0.984810
0.984810
0.984810
0.984810
0.984810
0.984810
0.984810
0.984810
0.984810
0.984810
0.984810
0.984810
0.984810
0.984810
0.985146
0.985146
0.985146
0.985146
0.985146
0.985146
0.985146
0.960671
0.960335
0.960335
0.960335
0.960335
0.960335
0.960335
0.960335
0.960335
0.960335
0.960335
0.960335
0.960335
0.960335
0.960335
0.960335
0.961006
0.961006
0.961006
0.974417
0.984140
0.984140
0.984140
0.983804
0.983804
0.983804
0.983804
0.983804
0.985481
0.986487
0.986487
0.986487
0.987492
0.987492
0.987492
0.987492
0.987492
0.987492
0.987492
0.987492
0.987492
0.987492
0.987492
0.987492
0.987828
0.987828
0.987828
0.994198
1.005932
1.000568
0.992857
0.994868
0.995204
0.995204
0.995204
0.995204
0.995204
0.995204
0.993527
0.992522
0.992522
0.992522
0.991516
0.991516
0.991516
0.991516
0.991516
0.991516
0.991516
0.991516
0.991516
0.991516
0.991516
0.991516
0.991180
0.991180
0.990510
0.984140
0.972405
0.964359
0.962347
0.960335
0.960000
0.960000
0.960000
0.960000
0.960000
0.960000
0.970729
0.979111
0.979111
0.979111
0.979111
0.979111
0.979111
0.979111
0.980116
0.981793
0.983469
0.983469
0.989839
0.990175
0.990175
0.990175
0.990175
0.990175
0.990175
0.992522
0.992522
0.992522
0.992522
0.992522
0.992522
0.992522
0.992522
0.992522
0.992522
0.992522
0.992186
0.997886
1.011632
1.025714
1.039460
1.053206
1.066952
1.080363
1.093104
1.105173
1.122608
1.149094
1.161164
1.174240
1.187986
1.201397
1.202738
1.202738
1.202738
1.200391
1.200391
1.200391
1.200391
1.200391
1.200391
1.200391
1.200391
1.200391
1.222184
1.223190
1.212796
1.198715
1.184968
1.170887
1.157141
1.143395
1.129648
1.116237
1.102491
1.088745
1.069634
1.043148
1.024708
1.011297
0.997551
0.984140
0.982799
0.982799
0.982799
0.982799
0.982799
0.982799
0.982799
0.982799
0.982799
0.982799
0.982799
0.982799
0.961006
0.960000
0.960000
0.960000
0.960000
0.960000
0.974752
0.990845
1.004591
1.004591
1.011967
1.028731
1.031078
1.031078
1.031078
1.031078
1.031078
1.031078
1.031078
1.031078
1.031078
1.031078
1.049853
1.049853
1.049853
1.059911
1.065611
1.065611
1.065611
1.065611
1.070640
1.087404
1.103497
1.120261
1.136354
1.141383
1.126631
1.110538
1.107520
1.129648
1.124284
1.128978
1.126966
1.126966
1.126966
1.137360
1.144065
1.146747
1.146747
1.146747
1.146747
1.147083
1.148759
1.148759
1.154459
1.158817
1.154794
1.159488
1.159488
1.159488
1.154459
1.137695
1.121602
1.104838
1.088745
1.083716
1.083716
1.083716
1.072987
1.050859
1.048847
1.027390
1.027055
1.027055
1.027055
1.029737
1.034095
1.045495
1.059576
1.073658
1.087404
1.100815
1.093774
1.107520
1.115232
1.114561
1.126296
1.136019
1.151106
1.164517
1.177928
1.196368
1.231571
1.231571
1.231571
1.231571
1.231571
1.231571
1.236265
1.239953
1.239953
1.239953
1.239953
1.239953
1.239953
1.226878
1.215814
1.201732
1.187651
1.173569
1.159823
1.146077
1.132666
1.118920
1.105509
1.091762
1.078351
1.078016
1.072652
1.059241
1.045830
1.027390
0.992186
0.992186
0.992186
0.992186
0.992186
0.992186
0.987492
0.983804
0.983804
0.983804
0.983804
0.983804
0.983804
0.983804
0.983804
0.983804
0.983804
0.983804
0.983804
0.983804
0.983804
0.983804
0.983804
0.983804
0.983804
0.969723
0.960000
0.960000
0.960000
0.960000
0.960000
0.960000
0.960335
0.960335
0.960335
0.960335
0.960335
0.960335
0.960335
0.960335
0.960335
0.960335
0.960335
0.960335
0.960335
0.960335
0.960335
0.960335
0.960335
0.960335
0.960335
0.960335
0.960335
0.960335
0.960335
0.960335
0.960335
0.960671
0.960671
0.960671
0.960671
0.960671
0.960335
0.960335
0.960335
0.960335
0.960335
0.960335
0.960335
0.960335
0.960335
0.960335
0.960335
0.960335
0.960335
0.960335
0.960335
0.960335
0.960335
0.960335
0.960335
0.960335
0.960335
0.960335
0.960335
0.960335
0.960335
0.960000
0.960000
0.960000
0.960000
0.960000
0.960000
0.960000
0.960000
0.960000
0.960000
0.960000
0.960000
0.960000
0.960000
0.960000
0.960000
0.960000
0.960000
0.960000
0.960000
0.960000
0.960000
0.960000
0.960000
0.960000
0.960000
0.960000
0.960000
0.960000
0.960000
0.960000
0.960000
0.960000
0.960000
0.960000
0.960000
0.960000
0.960000
0.960000
0.960000
0.960000
0.960000
0.960000
0.960000
0.960000
0.960000
0.960000
0.960000
0.960000
0.960000
0.960000
0.960000
0.960000
0.960000
0.960000
0.960000
0.960000
0.960000
0.960000
0.960000
0.960000
0.960000
0.960000
0.960000
0.960000
0.960000
0.960000
0.960000
0.960000
0.960000
0.960000
0.960000
0.960000
0.960000
0.960000
0.960000
0.960000
0.960000
0.960000
0.960000
0.960000
0.960000
0.960000
0.960000
0.960000
0.960000
0.960000
0.960000
0.960000
0.960000
0.960000
0.960000
0.960000
0.960000
0.960000
0.960000
0.960000
0.960000
0.960000
0.960000
0.960000
0.960000
0.960000
0.960000
0.960000
0.960000
0.960000
0.960000
0.960000
0.960000
0.960000
0.960000
0.960000
0.960000
0.960000
0.960000
0.960000
0.960000
0.960000
0.960000
0.960000
0.960000
0.960000
0.960000
0.960000
0.960000
0.960000
0.960000
0.960000
0.960000
0.960000
0.960000
0.960000
0.960000
0.960000
0.960000
0.960000
0.960000
0.960000
0.960000
0.960000
0.960000
0.960000
0.960000
0.960000
0.960000
0.960000
0.960000
0.960000
0.960000
0.960000
0.960000
0.960000
0.960000
0.960000
0.960000
0.960000
0.960335
0.960335
0.960335
0.960335
0.960335
0.960335
0.960335
0.960335
0.960335
0.960335
0.960335
0.960335
0.960335
0.960335
0.960335
0.960335
0.960335
0.960335
0.960335
0.960335
0.960335
0.960335
0.960335
0.960335
0.960335
0.960335
0.960335
0.960335
0.960335
0.960335
0.960000
0.960000
0.960000
0.960000
0.960000
0.960000
0.960000
0.960000
0.960000
0.960000
0.960000
0.960000
0.960000
0.960000
0.960000
0.960000
0.960000
0.960000
0.960000
0.960000
0.960000
0.961676
0.980116
0.980116
0.980116
0.980116
0.980116
0.980116
0.980116
0.980116
0.980116
0.980116
0.980116
0.980116
0.980116
0.980116
0.980116
0.980116
0.980116
0.980116
0.980116
0.980116
0.980116
0.980116
0.980116
0.980116
0.980116
0.980116
0.980116
0.980116
0.980116
0.978440
0.960000
0.960000
0.960000
0.960000
0.960000
0.960000
0.960000
0.960000
0.960000
0.960000
0.960000
0.960000
0.960000
0.960000
0.960000
0.960000
0.960000
0.960000
0.960000
0.960000
0.960000
0.960000
0.960000
0.960000
0.960000
0.960000
0.960000
0.960000
0.960000
0.960000
0.960000
0.960000
0.960000
0.960000
0.960000
0.960000
0.960000
0.960000
0.960000
0.960000
0.960000
0.960000
0.960000
0.960000
0.960000
0.960000
0.960000
0.960000
0.960000
0.960000
0.960000
0.960000
0.960000
0.960000
0.960000
0.960000
0.960000
0.960000
0.960000
0.960000
0.960000
0.960000
0.960000
0.960000
0.960000
0.960000
0.960000
0.960000
0.960000
0.960000
0.960000
0.960000
0.960000
0.960000
0.960000
0.960000
0.960000
0.960000
0.960000
0.960000
0.960000
0.960000
0.960000
0.960000
0.960000
0.960000
0.960000
0.960000
0.960000
0.960000
0.960000
0.960000
0.960000
0.960000
0.960000
0.960000
0.960000
0.960000
0.960000
0.960000
0.960000
0.960000
0.960000
0.960000
0.960000
0.960000
0.960000
0.960000
0.960000
0.960000
0.960000
0.960000
0.960000
0.960000
0.960000
0.960000
0.960000
0.960000
0.960000
0.960000
0.960000
0.960000
0.960000
0.960000
0.960000
0.960000
0.960000
0.960000
0.960000
0.960000
0.960000
0.960000
0.960000
0.960000
0.960000
0.960000
0.960000
0.960000
0.960000
0.960000
0.960000
0.960000
0.960000
0.960000
0.960000
0.960000
0.960000
0.960000
0.960000
0.960000
0.960000
0.960000
0.960000
0.960000
0.960000
0.960000
0.960000
0.960000
0.960000
0.960000
0.960000
0.960000
0.960000
0.960000
0.960000
0.960000
0.960000
0.960000
0.960000
0.960000
0.960000
0.960000
0.960000
0.960000
0.960000
0.960000
0.960000
0.960000
0.960000
0.960000
0.960000
0.960000
0.960000
0.960000
0.960000
0.960000
0.960000
0.960000
0.960000
0.960000
0.960000
0.960000
0.960000
0.960000
0.960000
0.960000
0.960000
0.960000
0.960000
0.960000
0.960000
0.960000
0.960000
0.960000
0.960000
0.960000
0.960000
0.960000
0.960000
0.960000
0.960000
0.960000
0.960000
0.960000
0.960000
0.960000
0.960000
0.960000
0.960000
0.960000
0.979446
0.993527
1.013644
1.023367
1.035101
1.082710
1.101821
1.115567
1.129313
1.158482
1.162505
1.162505
1.162840
1.162840
1.162840
1.162840
1.162840
1.162840
1.162840
1.162840
1.162840
1.162840
1.162840
1.162840
1.162840
1.162840
1.162840
1.162840
1.162840
1.163511
1.144400
1.130654
1.110538
1.100815
1.089080
1.041471
1.024708
1.010962
0.997215
0.968047
0.964023
0.964023
0.963688
0.963688
0.967376
0.967376
0.967376
0.992522
1.043148
1.087739
1.131660
1.175916
1.219837
1.248670
1.248670
1.248670
1.259734
1.276163
1.292591
1.308349
1.324442
1.340535
1.356964
1.373392
1.380433
1.390826
1.398202
1.407255
1.416307
1.431394
1.442458
1.458887
1.465592
1.465592
1.461904
1.461904
1.461904
1.436759
1.386132
1.341541
1.297620
1.253364
1.209443
1.180610
1.196703
1.212796
1.218160
1.217825
1.217825
1.217490
1.209108
1.192680
1.176251
1.159823
1.152782
1.142389
1.132666
1.125625
1.133001
1.134342
1.139371
1.139371
1.149094
1.165187
1.181280
1.197374
1.213467
1.229895
1.245988
1.262081
1.278174
1.281192
1.281192
1.281192
1.266440
1.250347
1.233918
1.217825
1.201397
1.185304
1.177257
1.177257
1.177257
1.177257
1.177257
1.177257
1.177257
1.175245
1.158817
1.142389
1.126296
1.109867
1.093439
1.077346
1.061253
1.045159
1.029066
1.012638
0.996545
0.980452
0.964359
0.961341
0.961341
0.961341
0.960000
0.960000
0.960000
0.960000
0.960000
0.960000
0.960000
0.960000
0.960000
0.960000
0.960000
0.960000
0.960000
0.960000
0.960000
0.960000
0.960000
0.960000
0.960000
0.960000
0.960000
0.960000
0.960000
0.960000
0.960000
0.960000
0.960000
0.960000
0.960000
0.960000
0.960000
0.960000
0.960000
0.960000
0.960000
0.960000
0.960000
0.960000
0.960000
0.960000
0.960000
0.960000
0.960000
0.960000
0.960000
0.960000
0.960000
0.960000
0.960000
0.960000
0.960000
0.960000
0.960000
0.960000
0.960000
0.960000
0.960000
0.960000
0.967711
0.983804
1.022026
1.038789
1.055553
1.072317
1.089080
1.105509
1.111879
1.122943
1.133672
1.144400
1.154123
1.165858
1.176251
1.192680
1.203073
1.203073
1.203073
1.203073
1.203073
1.203073
1.203073
1.203408
1.204750
1.204750
1.204750
1.204750
1.204750
1.204750
1.197038
1.188656
1.166864
1.166193
1.165858
1.165187
1.164852
1.164517
1.174575
1.179604
1.184968
1.190333
1.196703
1.201062
1.206761
1.197038
1.186645
1.186645
1.186645
1.186645
1.186645
1.186645
1.186645
1.186310
1.184968
1.184968
1.184968
1.184968
1.184968
1.184968
1.184968
1.177257
1.160829
1.144736
1.128307
1.112214
1.096121
1.099138
1.082710
1.066617
1.050524
1.034431
1.018338
1.002244
0.986151
0.979446
0.979446
0.979446
0.979446
0.979446
0.979446
0.979446
0.979781
0.980116
0.980116
0.980116
0.980116
0.980116
0.980116
0.980116
0.980116
0.980116
0.980116
0.980116
0.980116
0.980116
0.979781
0.960671
0.960671
0.978440
0.984810
0.985146
0.985146
0.985146
0.986487
0.986487
0.986487
0.987157
0.987492
0.987492
0.987492
0.987492
0.987157
0.986822
0.987492
0.987492
0.987492
0.987492
0.990510
0.997551
0.997551
0.997551
0.997886
1.013979
1.018002
1.018002
1.018002
1.018002
1.018002
1.000233
0.993863
0.993527
0.994533
0.994533
0.993192
0.993192
0.993192
0.992522
0.992186
0.992186
0.992186
0.992186
0.992186
0.992186
0.991516
0.991516
0.991516
0.991516
0.988498
0.981457
0.981457
0.981457
0.981122
0.965029
0.961006
0.961006
0.961006
0.961006
0.974752
0.980452
0.980452
0.981457
0.980452
0.980452
0.980452
0.980452
0.980452
0.980452
0.980452
0.980452
0.980452
0.980452
0.980452
0.986822
1.001239
1.015320
1.029402
1.043483
1.057229
1.071311
1.085057
1.095115
1.095115
1.095115
1.095115
1.095115
1.095115
1.095115
1.081369
1.075669
1.075669
1.074663
1.074663
1.074663
1.074663
1.074663
1.074663
1.074663
1.074663
1.074663
1.074663
1.074663
1.074663
1.068293
1.053877
1.039795
1.025714
1.011632
0.997886
0.983804
0.970058
0.960000
0.960000
0.960000
0.960000
0.960000
0.960000
0.960000
0.960000
0.960000
0.960000
0.960000
0.960000
0.960000
0.960000
0.960000
0.960000
0.960000
0.960000
0.960000
0.960000
0.960000
0.960000
0.960000
0.960000
0.960000
0.960000
0.960000
0.960000
0.960000
0.960000
0.960000
0.960000
0.960000
0.960000
0.960000
0.960000
0.960000
0.960000
0.960000
0.960000
0.960000
0.960000
0.960000
0.960000
0.960335
0.960335
0.960335
0.960335
0.960335
0.960335
0.960335
0.960335
0.960335
0.960335
0.960335
0.960335
0.960335
0.960335
0.960335
0.966035
0.980452
0.980452
0.980452
0.980452
0.980452
0.980452
0.980452
0.980452
0.980452
0.980452
0.980452
0.980452
0.981457
0.981457
0.981122
0.981122
0.981122
0.981122
0.981122
0.981122
0.981122
0.981122
0.981122
0.981122
0.981122
0.981122
0.981122
0.981122
0.981122
0.975423
0.961006
0.961006
0.961006
0.961006
0.961006
0.961006
0.961006
0.961006
0.961006
0.961006
0.961006
0.961006
0.960000
0.960000
0.960000
0.960000
0.960000
0.960000
0.981122
0.982463
0.987828
1.006268
1.006268
1.006268
1.006268
1.006268
1.006268
1.006268
1.006268
1.006268
1.007609
1.008279
1.009285
1.009285
1.009285
1.009285
1.009285
1.009285
1.009285
1.009285
1.009285
1.009285
1.010291
1.010291
1.010291
1.010291
1.010291
1.010291
0.989169
0.987828
0.982799
0.964359
0.964359
0.964359
0.964359
0.970393
0.970393
0.974752
0.975087
0.975087
0.975423
0.974752
0.994533
0.997551
0.997551
0.997551
0.997551
0.997551
0.997551
0.997551
0.997551
0.997551
0.996545
0.996545
0.996545
0.996545
0.996545
0.996545
0.996545
0.996545
0.996210
0.996210
0.996210
0.996210
0.996210
1.008950
1.014650
1.010291
1.009956
1.009956
1.008279
1.008279
0.987492
0.984475
0.984475
0.984475
0.984475
0.984475
0.984475
0.984475
0.984475
0.984475
0.984475
0.984475
0.984475
0.984810
0.984810
0.984810
0.984810
0.984810
0.984810
0.984810
0.984810
0.984810
0.986151
0.967376
0.961676
0.961676
0.961676
0.961676
0.961676
0.962682
0.962682
0.962682
0.970058
0.989169
0.989169
0.989169
0.989169
0.989169
0.989169
0.989504
0.989504
0.989504
0.989504
0.989169
0.989169
0.989169
0.989169
0.989169
0.989169
0.989169
0.989169
0.989169
1.010962
1.033760
1.033760
1.033760
1.033760
1.034431
1.034431
1.033425
1.033425
1.033425
1.026719
1.007944
1.007944
1.007944
1.007944
1.007944
1.007944
1.007609
1.007609
1.007609
1.007609
1.007609
1.007609
1.007609
1.007609
1.007609
1.007609
1.015320
1.031413
1.032419
1.009285
1.010962
1.034431
1.057565
1.080698
1.103162
1.126296
1.149429
1.172228
1.195027
1.224195
1.255376
1.260405
1.260405
1.260405
1.260405
1.260405
1.260405
1.260405
1.265769
1.274822
1.274822
1.274822
1.274822
1.275157
1.275157
1.275157
1.267446
1.252358
1.262752
1.274151
1.261075
1.241965
1.220507
1.197374
1.174240
1.151106
1.129648
1.150100
1.187986
1.209779
1.223860
1.247665
1.263422
1.263422
1.263422
1.263422
1.263422
1.263422
1.258058
1.249006
1.249006
1.249006
1.249006
1.248670
1.248670
1.248670
1.248670
1.247665
1.236265
1.224866
1.213467
1.209108
1.207432
1.207432
1.207432
1.207432
1.205755
1.162505
1.101821
1.050189
1.004591
0.977769
0.973411
0.976093
0.976093
0.976093
0.976093
0.976093
0.976093
0.976093
0.976093
0.976093
0.976093
0.976093
0.976093
0.976428
0.976428
0.976428
0.976764
0.977099
0.978105
0.980452
0.999898
1.000233
1.000233
1.000233
1.002915
1.020014
1.033760
1.047506
1.061588
1.073322
1.074999
1.085728
1.099138
1.115232
1.128307
1.141718
1.148759
1.152112
1.152782
1.152782
1.152782
1.152782
1.152782
1.152447
1.152447
1.152447
1.152112
1.151776
1.150771
1.148424
1.128978
1.128642
1.128642
1.128642
1.127301
1.118920
1.105173
1.091427
1.077346
1.065276
1.053206
1.045495
1.032084
1.015991
1.002915
0.989504
1.004927
1.001574
1.007274
1.009956
1.009956
1.009956
1.010626
1.010626
1.018002
1.018338
1.018338
1.018338
1.018338
1.018338
1.018338
1.018338
1.018338
1.018338
1.016996
1.008279
1.008279
1.008279
1.008279
1.006603
1.005597
0.999898
0.999898
0.999898
0.999898
0.999898
0.977434
0.979446
0.973076
0.976764
0.976764
0.976764
0.976093
0.976093
0.968717
0.968382
0.970058
0.977099
0.977099
0.977099
0.977099
0.977099
0.977099
0.977099
0.977434
0.997886
0.997886
0.999562
0.999562
0.999562
0.999562
0.999562
0.999562
0.999562
0.999562
0.999562
0.999562
0.997551
0.997551
0.995874
1.010962
1.010962
1.010962
1.010962
1.010962
1.010962
1.009285
1.002244
1.002244
1.002244
1.002244
1.002244
1.002244
1.002244
1.001909
0.981457
0.981457
0.979781
0.979781
0.979781
0.979781
0.979781
0.979781
0.979781
0.979781
0.979781
0.979781
0.979781
0.979781
0.975087
0.960000
0.960000
0.960000
0.960000
0.960000
0.960000
0.960000
0.964023
0.980452
0.980452
0.980452
0.980452
0.980452
1.000233
1.000233
1.000233
1.000233
1.000233
1.000233
1.000233
1.000233
1.000233
1.000233
1.000233
1.000233
1.000233
1.000233
1.000233
1.000233
1.000568
1.000568
1.015991
1.020684
1.020684
1.020684
1.020684
1.020684
1.016661
1.000233
1.000233
1.004256
1.013644
1.014650
0.994868
0.994868
0.994868
0.994868
0.994868
0.994868
0.994868
0.994868
0.994868
0.994868
0.994868
0.994868
0.994868
0.994868
0.994868
0.994868
0.994533
0.994533
0.979111
0.974417
0.974417
0.974417
0.974417
0.974417
0.974417
0.974417
0.974417
0.970393
0.961006
0.960000
0.960000
0.960000
0.960000
0.982128
0.999898
1.014314
1.028396
1.042142
1.056223
1.070305
1.070305
1.070305
1.070305
1.070305
1.070305
1.070305
1.070305
1.070305
1.070305
1.070305
1.070305
1.070305
1.070305
1.070305
1.070305
1.070305
1.070305
1.070305
1.070305
1.070305
1.070305
1.070305
1.070305
1.048177
1.030407
1.015991
1.001909
0.988163
0.974081
0.960000
0.960000
0.960000
0.960000
0.960000
0.960000
0.960000
0.960000
0.960000
0.960000
0.960000
0.960000
0.960000
0.960000
0.960000
0.960000
0.960000
0.960000
0.960000
0.960000
0.960000
0.960000
0.960000
0.960000
0.960000
0.960000
0.960000
0.960000
0.960000
0.960000
0.960000
0.960000
0.960000
0.960000
0.960000
0.960000
0.960000
0.960000
0.960000
0.960000
0.960000
0.960000
0.960000
0.960000
0.960000
0.960000
0.960000
0.960000
0.960000
0.960000
0.960000
0.960000
0.960000
0.960000
0.960000
0.960000
0.960000
0.960000
0.960000
0.960000
0.960000
0.960000
0.960000
0.960000
0.960000
0.960000
0.960000
0.960000
0.960000
0.960000
0.960000
0.960000
0.960000
0.960000
0.960000
0.960000
0.960000
0.960000
0.960000
0.960000
0.960000
0.960000
0.960000
0.960000
0.960000
0.960000
0.960000
0.960000
0.960000
0.960000
0.960000
0.960000
0.960000
0.960000
0.960000
0.960000
0.960000
0.960000
0.960000
0.960000
0.960000
0.960000
0.960000
0.960000
0.960000
0.960000
0.960000
0.960000
0.960000
0.960000
0.960000
0.960000
0.960000
0.960000
0.960000
0.960000
0.960000
0.960000
0.960000
0.960000
0.960000
0.960000
0.960000
0.960000
0.960000
0.960000
0.960000
0.960000
0.960000
0.960000
0.960000
0.960000
0.960000
0.960000
0.960000
0.960000
0.960000
0.960000
0.960000
0.960000
0.960000
0.960000
0.960000
0.960000
0.960000
0.960000
0.960000
0.960000
0.960000
0.960000
0.960000
0.960000
0.960000
0.960000
0.960000
0.960000
0.960000
0.960000
0.960000
0.960000
0.960000
0.960000
0.960000
0.960000
0.960000
0.960000
0.960000
0.960000
0.960000
0.960000
0.960000
0.960000
0.960335
0.960335
0.960335
0.960335
0.960335
0.960335
0.960335
0.960335
0.960335
0.960335
0.960335
0.960335
0.960335
0.960335
0.960335
0.960335
0.960335
0.960335
0.960335
0.960335
0.960335
0.960335
0.960335
0.960335
0.960335
0.960335
0.960335
0.960335
0.960335
0.960335
0.960000
0.960000
0.960000
0.960000
0.960000
0.960000
0.960000
0.960000
0.960000
0.960000
0.960000
0.960000
0.960000
0.960000
0.960000
0.960000
0.960000
0.960000
0.960000
0.960000
0.960000
0.960000
0.960000
0.960000
0.960000
0.960000
0.960000
0.960000
0.960000
0.960000
0.960000
0.960000
0.960000
0.960000
0.960000
0.960000
0.960000
0.960000
0.960000
0.960000
0.960000
0.960000
0.960000
0.960000
0.960000
0.960000
0.960000
0.960000
0.960000
0.960000
0.960000
0.960000
0.960000
0.960000
0.960000
0.960000
0.960000
0.960335
0.960335
0.960335
0.960335
0.960335
0.960335
0.960335
0.960335
0.960335
0.960335
0.960335
0.960335
0.960335
0.960335
0.960335
0.960335
0.960335
0.960335
0.960335
0.960335
0.960335
0.960335
0.960335
0.960335
0.960335
0.960335
0.960335
0.960335
0.960335
0.960335
0.960000
0.960000
0.960000
0.960000
0.960000
0.960000
0.960000
0.960000
0.960000
0.960000
0.960000
0.960000
0.960000
0.960000
0.960000
0.960000
0.960000
0.960000
0.960000
0.960000
0.960000
0.960000
0.960000
0.960000
0.960000
0.960000
0.960000
0.960000
0.960000
0.960000
0.960000
0.960000
0.960000
0.960000
0.960000
0.960000
0.960000
0.960000
0.960000
0.960000
0.960000
0.960000
0.960000
0.960000
0.960000
0.960000
0.960000
0.960000
0.960000
0.960000
0.960000
0.960000
0.960000
0.960000
0.960000
0.960000
0.960000
0.960000
0.960000
0.960000
0.960000
0.960000
0.960000
0.960000
0.960000
0.960000
0.960000
0.960000
0.960000
0.960000
0.960000
0.960000
0.960000
0.960000
0.960000
0.960000
0.960000
0.960000
0.960000
0.960000
0.960000
0.960000
0.960000
0.960000
0.960000
0.960000
0.960000
0.960000
0.960000
0.960000
0.960000
0.960000
0.960000
0.960000
0.960000
0.960000
0.960000
0.960000
0.960000
0.960000
0.960000
0.960000
0.960000
0.960000
0.960000
0.960000
0.960000
0.960000
0.960000
0.960000
0.960000
0.960000
0.960000
0.960000
0.960000
0.960000
0.981122
0.982799
0.982799
0.982799
0.982799
0.982799
0.982799
0.982799
0.982799
0.982799
0.982799
0.982799
0.982799
1.005597
1.016661
1.053206
1.068629
1.098133
1.112214
1.114896
1.125625
1.127301
1.127301
1.127301
1.127301
1.127301
1.127301
1.127301
1.127301
1.127301
1.106179
1.104503
1.104503
1.104503
1.104503
1.104503
1.104503
1.104503
1.104503
1.104503
1.104503
1.104503
1.104503
1.081704
1.070640
1.034095
1.018673
0.989169
0.975087
0.972405
0.961676
0.960000
0.960000
0.960000
0.960000
0.960000
0.960000
0.960000
0.960000
0.960000
0.960000
0.960000
0.960000
0.960000
0.960000
0.960000
0.960000
0.960000
0.960000
0.960000
0.983804
0.984475
0.984475
0.984475
0.984475
0.984475
0.984475
0.984475
0.984475
0.984475
0.984475
0.984475
0.984475
0.984475
0.984475
1.000903
1.018338
1.031748
1.032754
1.040130
1.056559
1.057229
1.057229
1.057229
1.057229
1.057229
1.057229
1.057229
1.057229
1.057229
1.035772
1.035437
1.035437
1.035437
1.035437
1.035437
1.041471
1.041471
1.041471
1.041471
1.041471
1.052535
1.064605
1.085728
1.104503
1.104503
1.098803
1.085392
1.084386
1.077010
1.060582
1.059911
1.059911
1.059911
1.059911
1.059911
1.059911
1.059911
1.059911
1.059911
1.057565
1.088074
1.102826
1.116908
1.130989
1.144736
1.152447
1.166528
1.180275
1.194021
1.197038
1.185974
1.173904
1.152782
1.134007
1.117578
1.105844
1.115567
1.131995
1.148759
1.161164
1.161164
1.171222
1.185639
1.190333
1.190333
1.190333
1.190333
1.190333
1.190333
1.190333
1.159488
1.144736
1.130654
1.140712
1.126966
1.113220
1.099138
1.085392
1.077346
1.076340
1.076340
1.076340
1.076340
1.076340
1.079693
1.096456
1.103162
1.103497
1.103162
1.095450
1.097127
1.093104
1.078687
1.077346
1.077346
1.077346
1.077346
1.077346
1.077346
1.077346
1.077346
1.077346
1.077346
1.053206
1.053206
1.053206
1.053206
1.053206
1.047506
1.045495
1.045495
1.045495
1.045495
1.045495
1.042142
1.025378
1.008950
0.992186
0.975758
0.971064
0.969388
0.963353
0.963353
0.960000
0.960000
0.960000
0.966370
0.983134
1.024037
1.038789
1.039460
1.047171
1.061923
1.061923
1.061923
1.064941
1.064941
1.064941
1.064941
1.064941
1.064941
1.064941
1.064941
1.064941
1.064941
1.064941
1.064941
1.064941
1.070975
1.071311
1.071311
1.071311
1.071311
1.071311
1.079022
1.095450
1.105844
1.105509
1.077681
1.066617
1.066282
1.058570
1.043818
1.043818
1.043818
1.040801
1.040801
1.048512
1.064941
1.064941
1.064941
1.064941
1.064941
1.064941
1.064941
1.064941
1.064941
1.064941
1.058906
1.058570
1.058570
1.058570
1.058570
1.058570
1.050859
1.034431
1.017667
1.001239
0.988163
0.984475
0.984140
0.984140
0.984140
0.984140
0.984140
0.984140
0.984140
0.976428
0.960000
0.960000
0.960000
0.960000
0.960000
0.960000
0.960000
0.960000
0.960000
0.960000
0.960000
0.960000
0.960000
0.960000
0.960000
0.960000
0.960000
0.960000
0.960000
0.960000
0.960000
0.960000
0.960000
0.960000
0.960000
0.960000
0.960000
0.960000
0.960000
0.960000
0.960000
0.960000
0.960000
0.960000
0.960000
0.960000
0.960000
0.960000
0.960000
0.960000
0.960000
0.960000
0.960000
0.960000
0.960000
0.960000
0.960000
0.960000
0.960000
0.960000
0.960000
0.960000
0.960000
0.960000
0.960000
0.960000
0.960000
0.960000
0.960000
0.960000
0.960000
0.960000
0.960000
0.960000
0.960000
0.960000
0.960000
0.960000
0.960000
0.960000
0.960000
0.960000
0.960000
0.984140
0.984140
0.984140
0.984140
0.991851
0.992186
0.994533
0.994533
0.994533
0.994533
0.994533
0.994533
0.994533
0.994533
0.994533
0.994533
0.994533
0.994533
0.994533
0.995539
0.995539
0.995539
0.995539
0.995539
0.995539
0.997551
1.020349
1.020349
1.020349
1.020349
0.996210
0.996210
0.996210
0.996210
0.988498
0.988163
0.985816
0.985816
0.985816
0.985816
0.985816
0.985816
0.985816
0.985816
0.985816
0.985816
0.985816
0.985816
0.985816
0.984810
0.984810
0.984810
0.984810
0.984810
0.984810
0.982799
0.960000
0.960000
0.960000
0.960000
0.960000
0.960000
0.960000
0.960000
0.960000
0.960000
0.960000
0.960000
0.960000
0.960000
0.960000
0.960000
0.960000
0.960000
0.960000
0.960000
0.960000
0.960000
0.960000
0.960000
0.960000
0.960000
0.960000
0.960000
0.960000
0.960000
0.976428
0.983804
0.983804
0.983804
0.983804
0.983804
0.983804
0.983804
0.983804
0.983804
0.983804
0.983804
0.983804
0.983804
0.983804
0.983804
0.983804
0.983804
0.983804
0.985146
0.985146
0.985146
0.985146
0.985146
0.985146
0.985146
0.985146
0.985146
0.985146
0.985146
0.968717
0.961341
0.961341
0.961341
0.961341
0.961341
0.961341
0.961341
0.961341
0.961341
0.961341
0.961341
0.961341
0.961341
0.961341
0.961341
0.961341
0.961341
0.961341
0.960000
0.960000
0.960000
0.960000
0.960000
0.960000
0.960000
0.960000
0.960000
0.960000
0.960000
0.960000
0.960000
0.960000
0.960000
0.960000
0.960000
0.970058
0.983469
0.983469
0.983469
0.983469
1.001909
1.003921
1.003921
1.003921
1.005597
1.010291
1.010291
1.010291
1.010291
1.010291
1.010291
1.010291
1.010291
1.010291
1.010291
1.010291
1.010291
1.010291
1.010291
1.010291
1.047842
1.076005
1.082039
1.098468
1.099138
1.090086
1.092768
1.099809
1.099809
1.100480
1.082039
1.080028
1.100480
1.102491
1.100815
1.096121
1.096121
1.096121
1.096121
1.096121
1.096121
1.096121
1.096121
1.096121
1.096121
1.096121
1.096121
1.096121
1.096121
1.096121
1.058570
1.030407
1.024372
1.007944
1.007274
1.006268
0.990175
0.983134
0.983134
0.982463
0.982463
0.982463
0.962012
0.960000
0.960000
0.960000
0.960000
0.960000
0.960000
0.960000
0.960000
0.960000
0.960000
0.960000
0.960000
0.960000
0.960000
0.960000
0.960000
0.960000
0.960000
0.960000
0.960000
0.960000
0.960000
0.960000
0.960000
0.960000
0.960000
0.960000
0.960000
0.960000
0.960000
0.960000
0.960000
0.960000
0.960000
0.960000
0.960000
0.960000
0.960000
0.960000
0.960000
0.960000
0.960000
0.960000
0.960000
0.960000
0.960000
0.960000
0.960000
0.960000
0.960000
0.960000
0.960000
0.960000
0.960000
0.960000
0.960000
0.960000
0.960000
0.960000
0.960000
0.960000
0.960000
0.960000
0.960000
0.960000
0.960000
0.960000
0.960000
0.960000
0.960000
0.960000
0.960000
0.960000
0.960000
0.960000
0.960000
0.960000
0.960000
0.960000
0.960000
0.960000
0.960000
0.960000
0.960000
0.960000
0.960000
0.960000
0.960000
0.960000
0.960000
0.960000
0.960000
0.960000
0.960000
0.960000
0.960000
0.960000
0.960000
0.960000
0.960000
0.960000
0.960000
0.960000
0.960000
0.960000
0.960000
0.960000
0.960000
0.960000
0.960000
0.960000
0.960000
0.960000
0.960000
0.960000
0.960000
0.960000
0.960000
0.960000
0.960000
0.960000
0.960000
0.960000
0.960000
0.960000
0.960000
0.960000
0.960000
0.960000
0.960000
0.960000
0.960000
0.960000
0.960000
0.960000
0.960000
0.960000
0.960000
0.960000
0.960000
0.960000
0.960000
0.960000
0.960000
0.960000
0.960000
0.960000
0.960000
0.960000
0.960000
0.960000
0.960000
0.960000
0.960000
0.960000
0.960000
0.960000
0.960000
0.960000
0.960000
0.960000
0.960000
0.960000
0.960000
0.960000
0.960000
0.960000
0.960000
0.960000
0.960000
0.960000
0.960000
0.960000
0.960000
0.960000
0.960000
0.960000
0.960000
0.960000
0.960000
0.960000
0.960000
0.960000
0.960000
0.960000
0.960000
0.960000
0.960000
0.960000
0.960000
0.960000
0.960000
0.960000
0.960000
0.960000
0.960000
0.960000
0.960000
0.960000
0.960000
0.960000
0.960000
0.960000
0.960000
0.960000
0.960000
0.960000
0.960000
0.960000
0.960000
0.960000
0.960000
0.960000
0.960000
0.960000
0.960000
0.960000
0.960000
0.960000
0.960000
0.960000
0.960000
0.960000
0.960000
0.960000
0.960000
0.960000
0.960000
0.960000
0.960000
0.960000
0.960000
0.960000
0.960000
0.960000
0.960000
0.960000
0.960000
0.960000
0.960000
0.960000
0.960000
0.960000
0.960000
0.960000
0.960000
0.960000
0.960000
0.960000
0.960000
0.960000
0.960000
0.960000
0.960000
0.960000
0.960000
0.960000
0.960000
0.960000
0.960000
0.960000
0.960000
0.960000
0.960000
0.960000
0.960000
0.960000
0.960000
0.960000
0.960000
0.960000
0.960000
0.960000
0.960000
0.960000
0.960000
0.960000
0.960000
0.960000
0.960000
0.960000
0.960000
0.960000
0.960000
0.960000
0.960000
0.960000
0.960000
0.960000
0.960000
0.960000
0.960000
0.960000
0.960000
0.960000
0.960000
0.960000
0.960000
0.960000
0.960000
0.960000
0.960000
0.960000
0.960000
0.960000
0.960000
0.960000
0.960000
0.960000
0.960000
0.960000
0.960000
0.960000
0.960000
0.960000
0.960000
0.960000
0.960000
0.960000
0.960000
0.960000
0.960000
0.960000
0.960000
0.960000
0.960000
0.960000
0.960000
0.960000
0.960000
0.960000
0.960000
0.961006
0.961006
0.963688
0.987492
1.003921
1.019679
1.062594
1.083381
1.097462
1.111544
1.125625
1.139371
1.153117
1.167869
1.183292
1.197038
1.219502
1.245653
1.260070
1.275492
1.305332
1.322095
1.335841
1.349588
1.363334
1.376745
1.390491
1.403902
1.417313
1.431059
1.448493
1.450505
1.447823
1.424018
1.407925
1.392167
1.349252
1.328465
1.314384
1.301644
1.288568
1.274822
1.263758
1.253029
1.237606
1.223860
1.201397
1.175245
1.160829
1.145406
1.125960
1.117914
1.104168
1.090421
1.076675
1.063264
1.049518
1.036107
1.022696
1.008950
0.990510
0.988498
0.988498
0.988498
0.988163
0.988163
0.988163
0.988163
0.988163
0.986822
0.985816
0.985816
0.983134
0.979111
0.979111
0.979111
0.979111
0.979111
0.979111
0.979111
0.968717
0.960000
0.960000
0.960000
0.960000
0.960000
0.960000
0.960000
0.960000
0.960000
0.960000
0.960000
0.960000
0.960000
0.960000
0.960000
0.960000
0.960000
0.960000
0.960000
0.960000
0.960000
0.960000
0.960000
0.960000
0.960000
0.960000
0.960000
0.960000
0.960000
0.960000
0.960000
0.960000
0.960000
0.960000
0.960000
0.960000
0.960000
0.960000
0.960000
0.960000
0.960000
0.960000
0.960000
0.960000
0.960000
0.960000
0.960000
0.960000
0.960000
0.960000
0.960000
0.960000
0.960000
0.960000
0.960000
0.960000
0.960000
0.960000
0.960000
0.960000
0.960000
0.960000
0.960000
0.960000
0.960000
0.960000
0.960000
0.960000
0.960000
0.960000
0.960000
0.960000
0.960000
0.960000
0.960000
0.960000
0.960000
0.960000
0.960000
0.960000
0.960000
0.960000
0.960000
0.960000
0.960000
0.960000
0.960000
0.960000
0.960000
0.960000
0.960000
0.960000
0.960000
0.960000
0.960000
0.960000
0.960000
0.960000
0.960000
0.960000
0.960000
0.960000
0.960000
0.960000
0.960000
0.960000
0.960000
0.960000
0.960000
0.960000
0.960000
0.960000
0.960000
0.960000
0.960000
0.960000
0.960000
0.960000
0.960000
0.960000
0.960000
0.960000
0.960000
0.960000
0.960000
0.960000
0.960000
0.960000
0.960000
0.960000
0.960000
0.960000
0.960000
0.960000
0.960000
0.960000
0.960000
0.960000
0.960000
0.960000
0.960000
0.960000
0.960000
0.960000
0.960000
0.960000
0.960000
0.960000
0.960000
0.960000
0.960335
0.960335
0.960335
0.960335
0.960335
0.960335
0.960335
0.960335
0.960335
0.960335
0.960335
0.960335
0.960335
0.960335
0.960335
0.960335
0.960335
0.960335
0.960335
0.960335
0.960335
0.960335
0.960335
0.960335
0.960335
0.960335
0.960335
0.960335
0.960335
0.960335
0.960000
0.960000
0.960000
0.960000
0.960000
0.960000
0.960000
0.960000
0.960000
0.960000
0.960000
0.960000
0.960000
0.960000
0.960000
0.960000
0.960000
0.960000
0.960000
0.960000
0.960000
0.960000
0.960000
0.960000
0.960000
0.960000
0.960000
0.960000
0.960000
0.960000
0.960000
0.960000
0.960000
0.960000
0.960000
0.960000
0.960000
0.960000
0.960000
0.960000
0.960000
0.960000
0.960000
0.960000
0.960000
0.960000
0.960000
0.960000
0.960000
0.960000
0.960000
0.960000
0.960000
0.960000
0.960000
0.960000
0.960000
0.960000
0.960000
0.960000
0.960000
0.960000
0.960000
0.960000
0.960000
0.960000
0.960000
0.960000
0.960000
0.960000
0.960000
0.960000
0.960000
0.960000
0.960000
0.960000
0.960000
0.960000
0.960000
0.960000
0.960000
0.960000
0.960000
0.960000
0.960000
0.960000
0.960000
0.960000
0.960000
0.960000
0.960000
0.960000
0.960000
0.960000
0.960000
0.960000
0.960000
0.960000
0.960000
0.960000
0.960000
0.960000
0.960000
0.960000
0.960000
0.960000
0.960000
0.960000
0.960000
0.960000
0.960000
0.960000
0.960000
0.960000
0.960000
0.960000
0.960000
0.960000
0.960000
0.960000
0.960000
0.960000
0.960000
0.960000
0.960000
0.960000
0.960000
0.960000
0.960000
0.960000
0.960000
0.960000
0.960000
0.960000
0.960000
0.960000
0.960000
0.960000
0.960000
0.960000
0.960000
0.960000
0.960000
0.960000
0.960000
0.960000
0.960000
0.960000
0.960000
0.960000
0.960000
0.960000
0.960000
0.960000
0.960000
0.960000
0.960000
0.960000
0.960000
0.960000
0.960000
0.960000
0.960000
0.960000
0.960000
0.960000
0.960000
0.960000
0.960000
0.960000
0.960000
0.960000
0.960000
0.960000
0.960000
0.960000
0.960000
0.960000
0.960000
0.960000
0.960000
0.960000
0.960000
0.960000
0.960000
0.960000
0.960000
0.960000
0.960000
0.960000
0.960000
0.960000
0.960671
0.961006
0.961006
0.962012
0.962012
0.962012
0.962012
0.962012
0.962012
0.962012
0.962012
0.962012
0.962012
0.962012
0.962012
0.962012
0.962012
0.962012
0.962012
0.962012
0.962012
0.962012
0.962012
0.962012
0.962012
0.962012
0.962012
0.962012
0.962012
0.962012
0.961341
0.961006
0.961006
0.960000
0.960000
0.960000
0.960000
0.960000
0.960000
0.960000
0.960000
0.960000
0.960000
0.960000
0.960000
0.960000
0.960671
0.960671
0.960671
0.960671
0.960671
0.960671
0.960671
0.960671
0.960671
0.960671
0.960671
0.960671
0.960671
0.960671
0.960671
0.960671
0.960671
0.960671
0.974081
0.979446
0.979446
0.979446
0.979446
0.979446
0.979446
0.999898
0.999898
0.999898
0.999898
0.999898
0.999227
0.999227
0.999227
0.999227
0.999227
0.999227
0.999227
0.999227
0.999227
0.999227
0.999227
0.999227
1.015320
1.021690
1.031413
1.041471
1.056894
1.070975
1.071311
1.079693
1.080363
1.080363
1.080363
1.080363
1.080363
1.059911
1.059911
1.059911
1.059911
1.059911
1.059911
1.059911
1.059911
1.059911
1.059911
1.059911
1.059911
1.060917
1.060917
1.060917
1.060917
1.060917
1.044824
1.038454
1.028731
1.018673
1.003250
0.989169
0.975423
0.961676
0.961006
0.961006
0.961006
0.961006
0.961006
0.961006
0.961006
0.961006
0.961006
0.961006
0.961006
0.961006
0.969388
1.012973
1.056559
1.101485
1.159152
1.215143
1.255041
1.261746
1.261746
1.271804
1.284209
1.285550
1.285550
1.285550
1.285886
1.285886
1.285886
1.285886
1.311366
1.313043
1.313043
1.313043
1.313043
1.313043
1.313043
1.313043
1.317401
1.317401
1.338524
1.338859
1.330477
1.287562
1.260740
1.232242
1.191339
1.150771
1.115902
1.109197
1.109867
1.099809
1.091762
1.092433
1.092433
1.094780
1.094445
1.094445
1.094445
1.094445
1.069970
1.068293
1.068293
1.068293
1.068293
1.068293
1.068293
1.068293
1.063935
1.063935
1.042813
1.042477
1.042477
1.041807
1.025043
1.008615
0.991851
0.975423
0.970393
0.970393
0.969723
0.969723
0.965364
0.963353
0.996545
1.008615
1.022696
1.036778
1.050859
1.064605
1.077346
1.091092
1.104503
1.118249
1.123278
1.123278
1.123278
1.123278
1.123278
1.123278
1.123278
1.123278
1.123278
1.123613
1.123613
1.123613
1.123613
1.123613
1.123613
1.123613
1.123613
1.123613
1.123613
1.123613
1.090421
1.097797
1.084722
1.070640
1.056559
1.042813
1.029066
1.015320
1.001909
0.988163
0.983134
0.983134
0.983134
0.983134
0.983134
0.983134
0.983134
0.983134
0.983134
0.982799
0.982799
0.982799
0.982799
0.982799
0.982799
0.982799
0.982799
0.982799
0.982799
0.982799
0.982799
0.961006
0.960000
0.960000
0.960000
0.960000
0.960000
0.960000
0.960000
0.960000
0.960000
0.960000
0.960000
0.960000
0.960000
0.960000
0.960000
0.960000
0.960000
0.960000
0.960000
0.960000
0.960000
0.960000
0.962682
0.966370
0.970393
0.971399
0.971399
0.971399
0.971399
0.971399
0.971399
0.971399
0.971399
0.971399
0.971399
0.971399
0.971399
0.971399
0.971399
0.971399
0.971399
0.971399
0.971399
0.971399
0.971399
0.971399
0.971399
0.971399
0.971399
0.971399
0.971399
0.971399
0.968717
0.965029
0.961006
0.960000
0.960000
0.960000
0.960000
0.960000
0.960000
0.960000
0.960000
0.960000
0.960000
0.960000
0.960000
0.960000
0.960000
0.960000
0.960000
0.960000
0.960000
0.960000
0.960000
0.960000
0.960000
0.960000
0.960000
0.960000
0.960000
0.960000
0.960000
0.960671
0.960671
0.960671
0.960671
0.960671
0.960671
0.960671
0.960671
0.961341
0.961341
0.961341
0.961341
0.961341
0.961341
0.961341
0.961341
0.961341
0.961341
0.964359
0.982463
0.982463
0.986151
0.986151
0.986151
0.988834
0.989169
0.989169
0.990510
0.991180
0.991180
0.994533
0.994533
0.994533
0.995539
0.995539
0.995874
0.995874
0.995874
0.995204
0.995204
0.995204
0.996545
0.996545
0.996545
0.996545
0.996545
0.999562
0.999562
0.996545
0.978440
0.993863
0.997551
0.997551
0.997551
0.994868
0.994533
0.994533
0.993192
1.031748
1.046165
1.042142
1.066282
1.066617
1.067623
1.074663
1.074328
1.074328
1.074328
1.074328
1.075334
1.076005
1.078351
1.083716
1.083716
1.083716
1.083716
1.080698
1.080698
1.080698
1.080698
1.065276
1.057900
1.057900
1.057900
1.057900
1.057900
1.057900
1.057900
1.018673
1.004256
1.004256
0.980116
0.979781
0.977769
0.970729
0.970729
0.970729
0.970729
0.970729
0.969723
0.969052
0.965364
0.962347
0.963688
0.968717
0.968717
0.968717
0.968717
0.968717
0.968717
0.968717
0.972405
0.977769
0.977769
0.977769
0.977769
0.977769
0.977769
0.977769
0.977769
0.977769
0.977769
0.977769
0.977769
0.977769
0.977769
0.977769
0.977769
0.977769
0.977769
0.977769
0.977769
0.975423
0.974081
0.969052
0.969052
0.969052
0.969052
0.969052
0.969052
0.969052
0.965364
0.960000
0.960000
0.960000
0.960000
0.960000
0.960000
0.960000
0.960000
0.960000
0.960000
0.960000
0.960000
0.960000
0.960000
0.960000
0.960000
0.960000
0.960000
0.960000
0.960000
0.960000
0.960000
0.960000
0.960000
0.960000
0.960000
0.960000
0.960000
0.960000
0.960000
0.960000
0.960000
0.960000
0.960000
0.960000
0.960000
0.960000
0.960000
0.960000
0.960000
0.960000
0.960000
0.960000
0.960000
0.960000
0.960000
0.960000
0.960000
0.960000
0.960000
0.960000
0.960000
0.960000
0.960000
0.960000
0.960000
0.960000
0.960000
0.960000
0.960000
0.960000
0.960000
0.960000
0.960000
0.960000
0.960000
0.960000
0.960000
0.960000
0.960000
0.960000
0.960000
0.960000
0.960000
0.960000
0.960000
0.960000
0.960000
0.960000
0.960000
0.960000
0.960000
0.960000
0.960000
0.960000
0.960000
0.960000
0.960000
0.960000
0.960000
0.960000
0.960000
0.960000
0.960000
0.960000
0.960000
0.960000
0.960000
0.960000
0.960000
0.960000
0.960000
0.960000
0.960000
0.960000
0.960000
0.960000
0.960000
0.960000
0.960000
0.960000
0.960000
0.960000
0.960000
0.960000
0.960000
0.960000
0.960000
0.960000
0.960000
0.960000
0.960000
0.960000
0.960000
0.960000
0.960000
0.960000
0.960000
0.960000
0.960000
0.960000
0.960000
0.960000
0.960000
0.960000
0.960000
0.960000
0.960000
0.960000
0.960000
0.960000
0.960000
0.960000
0.960000
0.960000
0.960000
0.960000
0.960000
0.960000
0.960000
0.960000
0.960000
0.960000
0.960000
0.960000
0.960000
0.960000
0.960000
0.960000
0.960000
0.960000
0.960000
0.960000
0.960000
0.960000
0.960000
0.960000
0.960000
0.960000
0.960000
0.960000
0.960000
0.960000
0.960000
0.960000
0.960000
0.960000
0.960000
0.960000
0.960000
0.960000
0.960000
0.960000
0.960000
0.960000
0.960000
0.960000
0.960000
0.960000
0.960000
0.960000
0.960000
0.960000
0.960000
0.960000
0.960000
0.960000
0.960000
0.960000
0.960000
0.960000
0.960000
0.960000
0.960000
0.960000
0.960000
0.960000
0.960000
0.960000
0.960000
0.960000
0.960000
0.960000
0.960000
0.960000
0.960000
0.960000
0.960000
0.960000
0.960000
0.960000
0.960000
0.960000
0.960000
0.960000
0.960000
0.960000
0.960000
0.960000
0.960000
0.960000
0.960000
0.960000
0.960000
0.960000
0.960000
0.960000
0.960000
0.960000
0.960000
0.960000
0.960000
0.960000
0.960000
0.960000
0.960000
0.960000
0.960000
0.960000
0.960000
0.960000
0.960000
0.960000
0.960000
0.960000
0.960000
0.960000
0.960000
0.960000
0.960000
0.960000
0.960000
0.960000
0.960000
0.960000
0.960000
0.960000
0.960000
0.960000
0.960000
0.960000
0.960000
0.960000
0.960000
0.960000
0.960000
0.960000
0.960000
0.960000
0.960000
0.960000
0.960000
0.960000
0.960000
0.960000
0.960000
0.960000
0.960000
0.960000
0.960000
0.960000
0.960000
0.960000
0.960000
0.960000
0.960000
0.960000
0.960000
0.960000
0.960000
0.960000
0.960000
0.960000
0.960000
0.960000
0.960000
0.960000
0.960000
0.960000
0.960000
0.960000
0.960000
0.960000
0.960000
0.960000
0.960000
0.960000
0.960000
0.960000
0.960000
0.960000
0.960000
0.960000
0.960000
0.960000
0.960000
0.960000
0.960000
0.960000
0.960000
0.960000
0.960000
0.960000
0.960000
0.960000
0.960000
0.960000
0.960000
0.960000
0.960000
0.960000
0.960000
0.960000
0.960000
0.960000
0.960000
0.960000
0.960000
0.960000
0.960000
0.960000
0.960000
0.960000
0.960000
0.960000
0.960000
0.960000
0.960000
0.960000
0.960000
0.960000
0.960000
0.960000
0.960000
0.960000
0.960000
0.960000
0.960000
0.960000
0.960000
0.960000
0.960000
0.960000
0.960000
0.960000
0.960000
0.960000
0.960000
0.960000
0.960000
0.960000
0.960000
0.960000
0.960000
0.960000
0.960000
0.960000
0.960000
0.960000
0.960000
0.960000
0.960000
0.960000
0.960000
0.960000
0.960000
0.960000
0.960000
0.960000
0.960000
0.960000
0.960000
0.960000
0.960000
0.960000
0.960000
0.960000
0.960000
0.960000
0.960000
0.960000
0.960000
0.960000
0.960000
0.960000
0.960000
0.960000
0.960000
0.960000
0.960000
0.967711
0.984140
0.984140
0.989169
1.015991
1.034766
1.034766
1.034766
1.037448
1.037448
1.037448
1.037448
1.037448
1.038119
1.038119
1.038119
1.038119
1.038119
1.038119
1.038119
1.038119
1.038119
1.038119
1.038119
1.038119
1.038119
1.038119
1.038119
1.038119
1.038119
1.030407
1.013979
1.013979
1.008950
0.982128
0.963353
0.963353
0.963353
0.960671
0.960671
0.960671
0.960671
0.960671
0.960000
0.960000
0.960000
0.960000
0.960000
0.960000
0.960000
0.960000
0.960000
0.960000
0.960000
0.960000
0.960000
0.960000
0.960000
0.960000
0.960000
0.960000
0.960000
0.960000
0.960000
0.960000
0.960000
0.960000
0.960000
0.960000
0.960000
0.960000
0.960000
0.960000
0.960000
0.961006
0.961341
1.001909
1.003250
1.003250
1.003250
1.003250
1.003250
1.003250
1.003250
1.003250
1.003250
1.003250
1.003250
1.003250
1.003250
1.003250
1.003250
1.003250
1.003250
1.003250
1.003250
1.003250
1.003250
1.003250
1.003250
1.003250
1.003250
1.003250
1.003250
1.002244
1.001909
0.961341
0.960000
0.960000
0.960000
0.960000
0.960000
0.960000
0.960000
0.960000
0.960000
0.960000
0.960000
0.960000
0.960000
0.960000
0.960000
0.960000
0.960000
0.960000
0.961676
0.964023
0.964023
0.964694
0.964694
0.964694
0.964694
0.964694
0.968382
0.983134
0.997551
1.012303
1.026719
1.040801
1.055218
1.069634
1.083716
1.087069
1.087069
1.087069
1.087069
1.087069
1.087069
1.087069
1.087069
1.087069
1.087069
1.087069
1.087069
1.087069
1.085392
1.083045
1.083045
1.082375
1.082375
1.082375
1.082375
1.082375
1.078687
1.063935
1.049518
1.034766
1.020349
1.006268
0.991851
0.977434
0.963353
0.960000
0.960000
0.960000
0.960000
0.960000
0.960000
0.960000
0.960000
0.960000
0.960000
0.960000
0.960000
0.960000
0.960000
0.960000
0.960000
0.960000
0.960000
0.960000
0.960000
0.960000
0.960000
0.960000
0.960000
0.960000
0.960000
0.960000
0.960000
0.960000
0.960000
0.960000
0.960000
0.960000
0.960000
0.960000
0.960000
0.960000
0.960000
0.960000
0.960000
0.960000
0.960000
0.960000
0.960000
0.960000
0.960000
0.960000
0.960000
0.960000
0.960000
0.960000
0.960000
0.960000
0.960000
0.960000
0.960000
0.960000
0.960000
0.960000
0.960000
0.960000
0.960000
0.960000
0.960000
0.960000
0.960000
0.960000
0.960000
0.960000
0.960000
0.960000
0.960000
0.960000
0.960000
0.960000
0.960000
0.960000
0.960000
0.960000
0.960000
0.960000
0.960000
0.960000
0.960000
0.960000
0.960000
0.960000
0.960000
0.960000
0.960000
0.960000
0.960000
0.960000
0.960000
0.960000
0.960000
0.960000
0.960000
0.960000
0.960000
0.960000
0.960000
0.960000
0.960000
0.960000
0.960000
0.960000
0.960000
0.960000
0.960000
0.960000
0.960000
0.960000
0.960000
0.960000
0.960000
0.960000
0.960000
0.960000
0.960000
0.960000
0.960000
0.960000
0.960000
0.960000
0.960000
0.960000
0.960000
0.960000
0.960000
0.960000
0.960000
0.960000
0.960000
0.960000
0.960000
0.960000
0.960000
0.960000
0.960000
0.960000
0.960000
0.960000
0.960000
0.960000
0.960000
0.960000
0.960000
0.960000
0.960000
0.960000
0.960000
0.960000
0.960000
0.960000
0.960000
0.960000
0.960000
0.960000
0.960000
0.960000
0.960000
0.960000
0.960000
0.960000
0.960000
0.960000
0.960000
0.960000
0.960000
0.960000
0.960000
0.960000
0.960000
0.960000
0.960000
0.960000
0.960000
0.960000
0.960000
0.960000
0.960000
0.960000
0.960000
0.960000
0.960000
0.960000
0.960000
0.960000
0.960000
0.960000
0.960000
0.960000
0.960000
0.960000
0.960000
0.960000
0.960000
0.960000
0.960000
0.960000
0.960000
0.960000
0.960000
0.960000
0.960000
0.960000
0.960000
0.960000
0.960000
0.960000
0.960000
0.960000
0.960000
0.960000
0.960000
0.960000
0.960000
0.960000
0.960000
0.960000
0.960000
0.960000
0.960000
0.960000
0.960000
0.960000
0.960000
0.960000
0.960000
0.960000
0.960000
0.960000
0.960000
0.960000
0.960000
0.960000
0.960000
0.960000
0.960000
0.960000
0.960000
0.960000
0.960000
0.960000
0.960000
0.960000
0.960000
0.960000
0.960000
0.960000
0.960000
0.960000
0.960000
0.960000
0.960000
0.960000
0.960000
0.960000
0.960000
0.960000
0.960000
0.960000
0.960000
0.960000
0.960000
0.960000
0.960000
0.960000
0.960000
0.960000
0.960000
0.960000
0.960000
0.960000
0.960000
0.960000
0.960000
0.960000
0.960000
0.960000
0.960000
0.960000
0.960000
0.960000
0.960000
0.960000
0.960000
0.960000
0.960000
0.960000
0.960000
0.960000
0.960000
0.960000
0.960000
0.960000
0.960000
0.960000
0.960000
0.960000
0.960000
0.960000
0.960000
0.960000
0.960000
0.960000
0.960000
0.960000
0.960000
0.960000
0.960000
0.960000
0.960000
0.960000
0.960000
0.960000
0.960000
0.960000
0.960000
0.960000
0.960000
0.960000
0.960000
0.960000
0.960000
0.960000
0.960000
0.960000
0.960000
0.960000
0.960000
0.960000
0.960000
0.960000
0.960000
0.960000
0.960000
0.960000
0.960000
0.960000
0.960000
0.960000
0.960000
0.960000
0.960000
0.960000
0.960000
0.960000
0.960000
0.960000
0.960000
0.960000
0.960000
0.960000
0.960000
0.960000
0.960000
0.960000
0.960000
0.960000
0.960000
0.960000
0.960000
0.960000
0.960000
0.960000
0.960000
0.960000
0.960000
0.960000
0.960000
0.960000
0.960000
0.960000
0.960000
0.960000
0.960000
0.960000
0.960000
0.960000
0.960000
0.960000
0.960000
0.960000
0.960000
0.960000
0.960000
0.960000
0.960000
0.960000
0.960000
0.960000
0.960000
0.960000
0.960000
0.960000
0.960000
0.960000
0.960000
0.960000
0.960000
0.960000
0.960000
0.960000
0.960000
0.960000
0.960000
0.960000
0.960000
0.960000
0.960000
0.960000
0.960000
0.960000
0.960000
0.960000
0.960000
0.960000
0.960000
0.960000
0.960000
0.960000
0.960000
0.960000
0.960000
0.960000
0.960000
0.960000
0.960000
0.960000
0.960000
0.960000
0.960000
0.960000
0.960000
0.960000
0.960000
0.960000
0.960000
0.960000
0.960000
0.960000
0.960000
0.960000
0.960000
0.960000
0.960000
0.960000
0.960000
0.960000
0.960000
0.960000
0.960000
0.960000
0.960000
0.960000
0.960000
0.960000
0.960000
0.960000
0.960000
0.960000
0.960000
0.960000
0.960000
0.960000
0.960000
0.960000
0.960000
0.960000
0.960000
0.960000
0.960000
0.960000
0.960000
0.960000
0.960000
0.960000
0.960000
0.960000
0.960000
0.960000
0.960000
0.960000
0.960000
0.960000
0.960000
0.960000
0.960000
0.960000
0.960000
0.960000
0.960000
0.960000
0.960000
0.960000
0.960000
0.960000
0.960000
0.960000
0.960000
0.960000
0.960000
0.960000
0.960000
0.960000
0.960000
0.978440
0.981457
0.981457
0.981457
0.981457
0.981457
0.981457
0.981457
0.981457
0.981457
0.981457
0.981457
0.981457
0.981457
0.981457
0.981457
0.981457
0.981457
0.981457
0.997551
1.021355
1.022026
1.022026
1.022026
1.022026
1.022026
1.022026
1.022026
1.022026
1.022026
1.003586
1.000568
1.000568
1.000568
1.000568
1.000568
1.000568
1.000568
1.000568
1.000568
1.000568
1.000568
1.000568
1.000568
1.000568
1.000568
1.000568
1.000568
1.000568
0.984475
0.960671
0.960000
0.960000
0.960000
0.960000
0.981122
0.982128
0.982128
0.982128
0.983469
0.984475
0.986822
0.986822
0.986822
0.986822
0.986822
0.993527
0.998892
0.998892
0.998892
1.000233
1.000233
1.000233
1.000233
1.020014
1.026384
1.027390
1.027390
1.027390
1.029066
1.029066
1.031748
1.031748
1.031748
1.031748
1.010626
1.009620
1.009620
1.009620
1.032754
1.032754
1.030407
1.030407
1.030407
1.030407
1.030407
1.023702
1.018338
1.018338
1.018338
1.016996
1.016996
1.016996
1.016996
0.997215
0.990845
0.989839
0.991851
0.992857
0.992857
0.992857
0.990175
0.990175
0.990175
0.990175
0.990175
0.990175
0.990175
0.990175
0.965700
0.964694
0.964694
0.971735
0.972070
0.972070
0.972070
0.972070
0.972070
0.982463
0.990510
0.990510
1.000903
1.003586
1.003586
1.011632
1.028396
1.028396
1.026384
1.025378
1.023702
1.023702
1.023702
1.023702
1.023702
1.023702
1.023702
1.023702
1.023702
1.023702
1.023702
1.023702
1.023702
1.016661
1.016326
1.016326
1.016326
1.016326
1.016326
1.005932
0.997886
0.997886
0.987492
0.984810
0.984810
0.976764
0.960000
0.960000
0.960000
0.960000
0.960000
0.976764
0.997551
1.000903
1.000903
1.000903
1.000903
1.000903
1.000903
1.000903
1.000903
1.000903
1.000903
1.000903
1.000903
1.000903
1.001909
1.001909
1.001909
1.001909
1.001909
1.001909
1.001909
1.001909
1.001909
1.001909
1.001909
1.001909
1.001909
1.001909
1.001909
0.985146
0.964359
0.961006
0.961006
0.961006
0.972070
0.980787
0.980787
0.980787
0.981793
1.023702
1.048512
1.071981
1.095450
1.110538
1.109532
1.109532
1.109532
1.109532
1.109532
1.109532
1.109532
1.114226
1.114561
1.114561
1.114561
1.114561
1.114561
1.114561
1.114561
1.119590
1.119590
1.119590
1.119590
1.119590
1.108526
1.111879
1.125960
1.140042
1.153117
1.125290
1.114226
1.104838
1.081369
1.066282
1.066282
1.066282
1.066282
1.066282
1.066282
1.066282
1.066282
1.061588
1.061253
1.061253
1.061253
1.061253
1.061253
1.061253
1.061253
1.056223
1.056223
1.056223
1.056223
1.056223
1.056223
1.044154
1.030072
1.015991
1.001909
0.987828
0.974081
0.960000
0.960000
0.960000
0.960000
0.960000
0.960000
0.960000
0.960000
0.960000
0.960000
0.960000
0.960000
0.960000
0.960000
0.960000
0.960000
0.960000
0.960000
0.960000
0.960000
0.960000
0.960000
0.960000
0.960000
0.960000
0.960000
0.960000
0.960000
0.960000
0.960000
0.960000
0.960000
0.960000
0.960000
0.960000
0.960000
0.960000
0.960000
0.960000
0.960000
0.960000
0.960000
0.960000
0.960000
0.960000
0.960000
0.960000
0.960000
0.960000
0.960000
0.960000
0.960000
0.960000
0.960000
0.960000
0.960000
0.960000
0.960000
0.960000
0.960000
0.960000
0.960000
0.960000
0.960000
0.960000
0.960000
0.960000
0.960000
0.960000
0.960000
0.960000
0.960000
0.960000
0.960000
0.960000
0.960000
0.960000
0.960000
0.960000
0.960000
0.960000
0.960000
0.960000
0.960000
0.960000
0.960000
0.960000
0.960000
0.960000
0.960000
0.960000
0.960000
0.960000
0.960000
0.960000
0.960000
0.960000
0.960000
0.960000
0.960000
0.960000
0.960000
0.960000
0.960000
0.960000
0.960000
0.960000
0.960000
0.960000
0.960000
0.960000
0.960000
0.960000
0.960000
0.960000
0.960000
0.960000
0.960000
0.960000
0.960000
0.960000
0.960000
0.960000
0.960000
0.960000
0.960000
0.960000
0.960000
0.960000
0.960000
0.960000
0.961676
0.972740
0.986151
1.000568
1.016996
1.033760
1.050524
1.067287
1.084051
1.100480
1.114226
1.121602
1.131995
1.141383
1.151776
1.162840
1.176587
1.190333
1.207096
1.210449
1.211455
1.211455
1.211455
1.211455
1.211455
1.214472
1.214472
1.214472
1.228889
1.238612
1.236936
1.225872
1.212461
1.199050
1.199385
1.199050
1.199050
1.221513
1.223525
1.223525
1.226207
1.235259
1.241294
1.248000
1.254035
1.259064
1.261746
1.257052
1.240289
1.236936
1.235930
1.236265
1.236265
1.236265
1.236265
1.233248
1.233248
1.233248
1.218831
1.209108
1.209108
1.209108
1.209108
1.208102
1.191339
1.174910
1.158147
1.118920
1.100144
1.083716
1.067287
1.050859
1.034431
1.018338
1.001909
0.985816
0.969388
0.960335
0.960335
0.960335
0.960335
0.960000
0.960000
0.960000
0.960000
0.961006
0.961006
0.961006
0.961006
0.961006
0.961006
0.961006
0.961006
0.961006
0.961006
0.961006
0.961006
0.961006
0.961006
0.961006
0.961006
0.961006
0.961006
0.961006
0.961006
0.961006
0.961006
0.961006
0.961006
0.961006
0.961006
0.961006
0.971399
0.980452
0.980452
0.979446
0.979446
0.979446
0.979446
0.997215
1.011297
1.025378
1.039460
1.053541
1.067287
1.081369
1.095115
1.108861
1.122608
1.136354
1.150100
1.163846
1.171222
1.171222
1.171222
1.171222
1.171222
1.171222
1.171222
1.171222
1.171222
1.171222
1.160829
1.151776
1.151776
1.151776
1.151776
1.151776
1.151776
1.134007
1.119925
1.105844
1.091762
1.077681
1.063935
1.071981
1.060247
1.046501
1.032754
1.019343
1.005597
0.991851
0.984475
0.984475
0.984475
0.984475
0.984475
0.984475
0.984475
0.984475
0.984475
0.984475
0.984475
0.984475
0.998892
1.028396
1.069634
1.112214
1.154459
1.198044
1.262081
1.307008
1.311702
1.311702
1.311702
1.289574
1.289238
1.289238
1.289238
1.288903
1.288903
1.288903
1.288903
1.288903
1.288903
1.288903
1.288903
1.288903
1.288903
1.288903
1.288903
1.288903
1.288903
1.288903
1.274486
1.244982
1.203744
1.161164
1.118920
1.075334
1.011632
0.966705
0.962012
0.962012
0.962347
0.962347
0.960671
0.960671
0.960671
0.960671
0.960671
0.960671
0.960671
0.960671
0.960671
0.960671
0.960671
0.960671
0.960671
0.960671
0.960671
0.960671
0.960671
0.960671
0.960671
0.960671
0.960671
0.960671
0.960671
0.983804
0.985146
0.985146
0.985146
0.985146
0.984810
0.984810
0.984810
0.984810
0.984810
0.984810
0.984810
0.984810
0.984810
0.984810
0.984810
0.984810
0.984810
0.984810
0.984810
0.984810
0.984810
0.984810
0.984810
0.984810
0.984810
0.984810
0.984810
0.984810
0.984810
0.961676
0.960000
0.960000
0.960000
0.960000
0.960000
0.960000
0.960000
0.960000
0.960000
0.960000
0.960000
0.960000
0.960000
0.960000
0.960000
0.960000
0.960000
0.960000
0.960000
0.960000
0.960000
0.960000
0.960000
0.960000
0.960000
0.960000
0.960000
0.960000
0.960000
0.960000
0.960000
0.960000
0.960000
0.960000
0.960000
0.960000
0.960000
0.960000
0.960000
0.960000
0.960000
0.960000
0.960000
0.960000
0.960000
0.960000
0.960000
0.960000
0.963688
0.963688
0.963688
0.963688
0.963688
0.963688
0.963688
0.968717
0.984810
1.001239
1.012303
1.014650
1.028060
1.056894
1.078016
1.078016
1.078016
1.078016
1.078016
1.078016
1.078016
1.078016
1.078016
1.078016
1.078016
1.078016
1.078016
1.078016
1.078016
1.081704
1.078351
1.079022
1.079022
1.079022
1.079022
1.095786
1.112214
1.123613
1.123949
1.140712
1.131995
1.129648
1.116237
1.087404
1.066282
1.066282
1.066282
1.066282
1.066282
1.066282
1.066282
1.066282
1.066282
1.066282
1.066282
1.066282
1.066282
1.066282
1.066282
1.062594
1.062258
1.061588
1.061588
1.061588
1.061588
1.044824
1.028396
1.011967
0.995539
0.962347
0.960000
0.960000
0.960000
0.960000
0.960000
0.960000
0.960000
0.960000
0.960000
0.960000
0.960000
0.960000
0.960000
0.960000
0.960000
0.960000
0.960000
0.960000
0.960000
0.960000
0.960000
0.960000
0.968382
0.986822
1.001574
1.029737
1.047842
1.062258
1.078016
1.092768
1.106850
1.120596
1.134677
1.148424
1.169546
1.169546
1.169546
1.169546
1.169546
1.169546
1.169546
1.169546
1.169546
1.169546
1.169546
1.169546
1.169546
1.169546
1.169546
1.169546
1.169546
1.169546
1.161164
1.142724
1.127972
1.099809
1.081704
1.067287
1.051530
1.036778
1.022696
1.008950
0.994868
0.981122
0.960000
0.960000
0.960000
0.960000
0.960000
0.960000
0.960000
0.960000
0.960000
0.960000
0.960000
0.960000
0.960000
0.960000
0.960000
0.980116
0.980116
0.980116
0.980116
0.980116
0.980116
0.980116
0.980116
0.980116
0.980116
0.980116
0.980116
0.980116
0.980116
0.980116
0.980116
0.980116
0.980116
0.980116
0.980116
0.980116
0.980116
0.980116
0.980116
0.980116
0.980116
0.980116
0.980116
0.980116
0.980116
0.960000
0.960000
0.960000
0.960000
0.960000
0.960000
0.960000
0.960000
0.960000
0.960000
0.960000
0.960000
0.960000
0.960000
0.960000
0.960000
0.960000
0.960000
0.960000
0.960000
0.960000
0.960000
0.960000
0.960000
0.960000
0.960000
0.960000
0.960000
0.960000
0.962012
0.963353
0.963688
0.964694
0.964694
0.964694
0.964694
0.964694
0.964694
0.964694
0.964694
0.964694
0.964694
0.964694
0.964694
0.964694
0.964694
0.964694
0.964694
0.964694
0.964694
0.964694
0.964694
0.964694
0.964694
0.964694
0.964694
0.964694
0.964694
0.964694
0.962682
0.961341
0.961006
0.960000
0.960000
0.960000
0.960000
0.960000
0.960000
0.960000
0.960000
0.960000
0.960000
0.960000
0.960000
0.960000
0.970729
0.978775
0.978775
0.979111
0.979111
0.979111
0.988834
0.992186
0.992186
0.992186
0.992186
0.992186
0.992186
0.994198
0.996545
0.996545
0.996545
0.996545
0.996545
0.997805
0.999155
1.000605
1.002167
1.003854
1.005681
1.007667
1.009834
1.012207
1.014817
1.017702
1.003027
0.991358
0.993318
