0.960000
0.960000
0.960000
0.960000
0.960000
0.960000
0.960000
0.960000
0.960000
0.960000
0.960000
0.960000
0.960000
0.960000
0.960000
0.960000
0.960000
0.960000
0.960000
0.960000
0.960000
0.960000
0.960000
0.960000
0.960000
0.960000
0.960000
0.960000
0.960000
0.960000
0.960000
0.960000
0.960000
0.960000
0.960000
0.960000
0.960000
0.960000
0.960000
0.960000
0.960040
0.960040
0.960401
0.962203
0.962403
0.962443
0.962443
0.962483
0.962523
0.962523
0.962523
0.962563
0.962603
0.962603
0.962603
0.962603
0.962603
0.962603
0.962603
0.962603
0.962603
0.962603
0.962603
0.962603
0.962603
0.962603
0.962603
0.962603
0.962603
0.962603
0.962563
0.962563
0.962203
0.960401
0.960200
0.960160
0.960160
0.960120
0.960080
0.960080
0.960080
0.960040
0.960000
0.960000
0.960000
0.960000
0.960000
0.960000
0.960000
0.960000
0.960000
0.960000
0.960000
0.960000
0.960000
0.960000
0.960000
0.960000
0.960000
0.960000
0.960000
0.960000
0.960000
0.960000
0.960000
0.960000
0.960000
0.960000
0.960000
0.960000
0.960000
0.960000
0.960000
0.960000
0.960000
0.960000
0.960000
0.960000
0.960000
0.960000
0.960000
0.960000
0.960000
0.960000
0.960000
0.960000
0.960000
0.960000
0.960000
0.960000
0.960000
0.960000
0.960000
0.960000
0.960000
0.960000
0.960000
0.960000
0.960000
0.960000
0.960000
0.960000
0.960000
0.960000
0.960000
0.960000
0.960000
0.960000
0.960000
0.960000
0.960000
0.960000
0.960000
0.960000
0.960000
0.960000
0.960000
0.960000
0.960000
0.960000
0.960000
0.960000
0.960000
0.960000
0.960000
0.960000
0.960000
0.960000
0.960000
0.960000
0.960000
0.960000
0.960000
0.960000
0.960000
0.960000
0.960000
0.960000
0.960000
0.960000
0.960000
0.960000
0.960000
0.960000
0.960000
0.960000
0.960000
0.960000
0.960000
0.960000
0.960000
0.960000
0.960000
0.960000
0.960000
0.960000
0.960000
0.960000
0.960000
0.960000
0.960000
0.960000
0.960000
0.960000
0.960000
0.960000
0.960000
0.960000
0.960000
0.960000
0.960000
0.960000
0.960000
0.960000
0.960000
0.960000
0.960000
0.960000
0.960000
0.960000
0.960000
0.960000
0.960000
0.960000
0.960000
0.960000
0.960000
0.961121
0.961963
0.962043
0.962083
0.962283
0.964446
0.966969
0.969412
0.970734
0.970854
0.970894
0.970894
0.970934
0.970974
0.970974
0.970974
0.970974
0.971014
0.971054
0.971054
0.971054
0.971054
0.971054
0.971054
0.971054
0.971054
0.971054
0.971054
0.971054
0.971054
0.969933
0.969092
0.969012
0.968971
0.968771
0.966608
0.964085
0.961642
0.960320
0.960200
0.960160
0.960160
0.960120
0.960080
0.960080
0.960080
0.960080
0.960040
0.960000
0.960000
0.960000
0.960000
0.960000
0.960000
0.960000
0.960000
0.960000
0.960000
0.960000
0.960000
0.960000
0.960000
0.960000
0.960000
0.960000
0.960000
0.960000
0.960000
0.960000
0.960000
0.960000
0.960000
0.960000
0.960000
0.960000
0.960000
0.960000
0.960000
0.960000
0.960000
0.960000
0.960000
0.960000
0.960000
0.960000
0.960000
0.960000
0.960000
0.960000
0.960000
0.960000
0.960000
0.960000
0.960000
0.960000
0.960000
0.960000
0.960000
0.960000
0.960000
0.960000
0.960000
0.960000
0.960000
0.960000
0.960000
0.960000
0.960000
0.960000
0.960000
0.960000
0.960000
0.960000
0.960000
0.960000
0.960000
0.960000
0.960000
0.960000
0.960000
0.960000
0.960000
0.960000
0.960000
0.960000
0.960000
0.960000
0.960000
0.960000
0.960000
0.960000
0.960000
0.960000
0.960000
0.960000
0.960000
0.960000
0.960000
0.960000
0.960000
0.960000
0.960000
0.960000
0.960000
0.960000
0.960000
0.960000
0.960000
0.960000
0.960000
0.960000
0.960000
0.960000
0.961121
0.961963
0.962043
0.962083
0.962123
0.962163
0.962163
0.962163
0.962163
0.962163
0.962163
0.962163
0.962203
0.962203
0.962203
0.962203
0.962203
0.962203
0.962203
0.962203
0.962323
0.964085
0.964285
0.964366
0.964406
0.964406
0.964406
0.964406
0.964446
0.964486
0.963364
0.962523
0.962443
0.962403
0.962363
0.962323
0.962323
0.962323
0.962323
0.962323
0.962323
0.962323
0.962283
0.962283
0.962283
0.962283
0.962283
0.962283
0.962283
0.962283
0.962163
0.960401
0.960200
0.960120
0.960080
0.960080
0.960080
0.960080
0.960040
0.960000
0.960000
0.960000
0.960000
0.960000
0.960000
0.960000
0.960000
0.960000
0.960000
0.960000
0.960000
0.960000
0.960000
0.960000
0.960000
0.960000
0.960000
0.960000
0.961081
0.962083
0.962203
0.962243
0.962243
0.962323
0.962323
0.962323
0.962363
0.962363
0.962363
0.962403
0.962403
0.962403
0.962403
0.962403
0.962403
0.962403
0.962403
0.962403
0.962403
0.962403
0.962403
0.962924
0.964366
0.964446
0.964486
0.964566
0.966608
0.969132
0.971254
0.972376
0.973417
0.973457
0.973537
0.973497
0.973537
0.973537
0.973537
0.973577
0.973577
0.973537
0.973537
0.973537
0.973537
0.973537
0.973577
0.973577
0.973577
0.973577
0.973577
0.973577
0.973577
0.973057
0.971615
0.971535
0.971495
0.971415
0.969572
0.967049
0.964245
0.962203
0.961041
0.961402
0.963565
0.963925
0.963965
0.964005
0.963965
0.963925
0.963965
0.964005
0.964005
0.964005
0.964005
0.964005
0.963965
0.963965
0.963965
0.964005
0.964005
0.964005
0.964005
0.964005
0.964005
0.964005
0.964005
0.964005
0.963805
0.963805
0.963404
0.963324
0.963324
0.962884
0.960641
0.960240
0.960160
0.960120
0.960120
0.960120
0.960080
0.960040
0.960040
0.960040
0.960040
0.960040
0.960040
0.960040
0.960040
0.960000
0.960000
0.960000
0.960000
0.961842
0.962083
0.962123
0.962123
0.962163
0.962203
0.962203
0.962203
0.962203
0.962203
0.962203
0.962203
0.962203
0.962203
0.962203
0.962203
0.962203
0.962203
0.962203
0.962203
0.962203
0.962203
0.962203
0.962203
0.962203
0.962203
0.962203
0.962243
0.962283
0.962283
0.960441
0.960200
0.960160
0.960160
0.960120
0.960080
0.960080
0.960080
0.960080
0.960080
0.960080
0.960080
0.960080
0.960080
0.960080
0.960080
0.960080
0.960080
0.960080
0.960080
0.960080
0.960080
0.960080
0.960080
0.960080
0.960080
0.960080
0.960040
0.960000
0.960000
0.960000
0.960000
0.960000
0.960000
0.960000
0.960000
0.960000
0.960000
0.960000
0.960000
0.960000
0.960000
0.960000
0.960000
0.960000
0.960000
0.960000
0.960000
0.960000
0.960000
0.960000
0.960000
0.960000
0.960040
0.961762
0.962523
0.965888
0.966729
0.966809
0.966809
0.966809
0.966809
0.966849
0.966849
0.966889
0.966889
0.966889
0.966889
0.966889
0.966889
0.966889
0.966889
0.966889
0.966889
0.966889
0.966889
0.966889
0.966889
0.966889
0.966889
0.966889
0.966889
0.966889
0.966849
0.965127
0.964366
0.961001
0.960160
0.960080
0.960080
0.960080
0.960080
0.960040
0.960040
0.960040
0.961802
0.962123
0.962163
0.962203
0.962243
0.962243
0.962243
0.962243
0.962243
0.962243
0.962243
0.962243
0.962243
0.962283
0.962283
0.962283
0.962283
0.962283
0.962283
0.962283
0.962283
0.962283
0.962283
0.962283
0.962283
0.962283
0.962283
0.962283
0.962283
0.962243
0.960481
0.960160
0.960120
0.960080
0.960040
0.960040
0.960040
0.960040
0.960040
0.960040
0.960040
0.960040
0.960040
0.960000
0.960000
0.962003
0.962924
0.963004
0.963004
0.963004
0.963004
0.963044
0.963084
0.963084
0.963084
0.963084
0.963084
0.963084
0.963124
0.963124
0.963124
0.963124
0.963124
0.963124
0.963124
0.963124
0.963124
0.963124
0.963124
0.963124
0.963124
0.963124
0.963124
0.963164
0.963164
0.961161
0.960240
0.960160
0.960160
0.960160
0.960160
0.960120
0.960080
0.960080
0.960080
0.960080
0.960080
0.960080
0.960040
0.960040
0.960040
0.960040
0.960040
0.960040
0.960040
0.960040
0.960040
0.960040
0.960040
0.960040
0.960040
0.960040
0.960040
0.960000
0.960000
0.960000
0.960000
0.960000
0.960000
0.960000
0.960000
0.960000
0.960000
0.960000
0.960000
0.960000
0.960000
0.960000
0.960000
0.960000
0.960000
0.960000
0.960000
0.960000
0.960000
0.960000
0.960000
0.960000
0.960000
0.960000
0.960000
0.960000
0.960000
0.960000
0.960000
0.960000
0.960000
0.960000
0.960000
0.960000
0.960000
0.960000
0.960000
0.960000
0.960000
0.960000
0.960000
0.960000
0.960000
0.960000
0.960000
0.960000
0.960040
0.960040
0.960040
0.960040
0.960040
0.960040
0.960040
0.960040
0.960040
0.960040
0.960040
0.960040
0.960040
0.961562
0.962163
0.962243
0.962283
0.962323
0.962323
0.962363
0.962403
0.962403
0.962403
0.962403
0.962403
0.962403
0.962403
0.962443
0.962443
0.962443
0.962403
0.962403
0.962403
0.962403
0.962403
0.962403
0.962403
0.962403
0.962403
0.962403
0.962403
0.962403
0.962403
0.960881
0.960280
0.960200
0.960160
0.960120
0.960120
0.960080
0.960040
0.960040
0.960040
0.960040
0.960040
0.960040
0.960040
0.960000
0.960000
0.960000
0.960000
0.960000
0.960000
0.960000
0.960000
0.960000
0.960000
0.960000
0.960000
0.960000
0.960000
0.960000
0.960000
0.960000
0.960000
0.960000
0.960000
0.960000
0.960000
0.960000
0.960000
0.960000
0.960000
0.960000
0.960000
0.960000
0.960000
0.960000
0.960000
0.960000
0.960000
0.960000
0.960000
0.960040
0.960040
0.960040
0.960040
0.960040
0.960040
0.960040
0.960040
0.960040
0.960040
0.960040
0.960040
0.960040
0.960040
0.960040
0.960040
0.960040
0.960040
0.960040
0.960040
0.960040
0.960040
0.960040
0.960040
0.960040
0.960040
0.960040
0.960040
0.960040
0.960040
0.960000
0.960000
0.960000
0.960000
0.960000
0.960000
0.960000
0.960000
0.960000
0.960000
0.960000
0.960000
0.960000
0.960000
0.960000
0.960000
0.960000
0.960000
0.960000
0.960000
0.960200
0.961842
0.961963
0.962003
0.962003
0.962043
0.962083
0.962083
0.962083
0.962083
0.962083
0.962083
0.962083
0.962083
0.962083
0.962083
0.962083
0.962123
0.962123
0.962123
0.962123
0.962123
0.962123
0.962123
0.962123
0.962123
0.962123
0.962123
0.962123
0.962123
0.961922
0.960280
0.960160
0.960120
0.960120
0.960080
0.960040
0.960040
0.960040
0.960040
0.960040
0.960040
0.960040
0.960080
0.960080
0.960080
0.960080
0.960120
0.961922
0.962203
0.962243
0.962243
0.962243
0.962243
0.962243
0.962243
0.962243
0.962243
0.962243
0.962243
0.962243
0.962243
0.962243
0.962243
0.962243
0.962243
0.962243
0.962243
0.962243
0.962243
0.962243
0.962243
0.962243
0.962203
0.962203
0.962203
0.962203
0.962123
0.960320
0.960040
0.960000
0.960000
0.960000
0.960000
0.960000
0.960000
0.960000
0.960000
0.960000
0.960000
0.960000
0.960000
0.960000
0.960000
0.960000
0.960000
0.960000
0.960000
0.960000
0.960000
0.960000
0.960000
0.960000
0.960000
0.960000
0.960000
0.960000
0.960000
0.960000
0.960000
0.960000
0.960000
0.960000
0.960000
0.960040
0.960040
0.960040
0.960040
0.960040
0.960040
0.960080
0.960080
0.960080
0.960080
0.960080
0.960080
0.960080
0.960080
0.960080
0.960080
0.960080
0.960080
0.960080
0.960080
0.960080
0.960080
0.960080
0.960080
0.960080
0.960080
0.960080
0.960080
0.960080
0.960080
0.960040
0.960040
0.960040
0.960040
0.960040
0.960040
0.960000
0.960000
0.960000
0.960000
0.960000
0.960000
0.960000
0.960000
0.960000
0.960000
0.960000
0.960000
0.960000
0.960000
0.960000
0.960000
0.960000
0.960000
0.960000
0.960000
0.960000
0.960000
0.960000
0.960000
0.960000
0.960000
0.960000
0.960000
0.960000
0.960000
0.960000
0.960000
0.960000
0.960000
0.960000
0.960000
0.960000
0.960000
0.960000
0.960000
0.960000
0.960000
0.960000
0.960000
0.960000
0.960000
0.960000
0.960000
0.960000
0.960000
0.960000
0.960000
0.960000
0.960000
0.960000
0.960000
0.960000
0.960000
0.960000
0.960000
0.960200
0.963124
0.966528
0.969973
0.973417
0.976862
0.980266
0.983710
0.987115
0.990519
0.993963
0.997047
0.997448
0.997528
0.997568
0.997568
0.997608
0.997648
0.997648
0.997648
0.997648
0.997648
0.997648
0.997648
0.997688
0.997688
0.997688
0.997688
0.997688
0.997688
0.997488
0.994564
0.991160
0.987715
0.984271
0.980827
0.977422
0.973978
0.970574
0.967169
0.963725
0.960641
0.960240
0.960160
0.960120
0.960120
0.960080
0.960040
0.960040
0.960040
0.960040
0.960040
0.960040
0.960040
0.960000
0.960040
0.960040
0.960040
0.960040
0.960040
0.960040
0.960040
0.960040
0.960040
0.960040
0.960040
0.960040
0.960040
0.960040
0.960040
0.960040
0.960040
0.960040
0.960040
0.960040
0.960040
0.960040
0.960040
0.960040
0.960040
0.960040
0.960040
0.960040
0.960040
0.960040
0.960000
0.960000
0.960000
0.960000
0.960000
0.960000
0.960000
0.960000
0.960000
0.960000
0.960000
0.960000
0.960000
0.960000
0.960000
0.960000
0.960000
0.960000
0.960000
0.960000
0.960000
0.960000
0.960000
0.960000
0.960000
0.960000
0.960000
0.960000
0.960000
0.960000
0.960000
0.960000
0.960000
0.960000
0.960000
0.960000
0.960000
0.960000
0.960000
0.960000
0.960000
0.960000
0.960000
0.960000
0.960000
0.960000
0.960000
0.960000
0.960000
0.960000
0.960000
0.960000
0.960000
0.960080
0.960881
0.961081
0.961121
0.961121
0.961121
0.961121
0.961121
0.961362
0.962603
0.963044
0.963124
0.963124
0.963124
0.963124
0.963124
0.963124
0.964326
0.964846
0.964926
0.964966
0.964966
0.965046
0.965046
0.965046
0.965046
0.965046
0.965046
0.965046
0.965046
0.964966
0.964165
0.963965
0.963925
0.963925
0.963925
0.963925
0.963925
0.963685
0.962443
0.962003
0.961922
0.962443
0.962563
0.962563
0.962563
0.962924
0.963044
0.962764
0.962764
0.962723
0.962723
0.962643
0.962643
0.962643
0.962643
0.962643
0.962643
0.962643
0.962643
0.962643
0.962643
0.962643
0.962643
0.962643
0.962643
0.962643
0.962643
0.962643
0.962643
0.962643
0.962643
0.962123
0.964726
0.965087
0.965167
0.964846
0.963525
0.963284
0.963204
0.963204
0.963204
0.963204
0.963204
0.963204
0.963204
0.963204
0.963204
0.963204
0.963204
0.963204
0.963204
0.963204
0.963204
0.963204
0.963204
0.963204
0.963204
0.963204
0.963204
0.963204
0.963204
0.963204
0.960481
0.960120
0.960040
0.960000
0.960000
0.960000
0.960000
0.960000
0.960000
0.960000
0.960000
0.960000
0.960000
0.960000
0.960000
0.960000
0.960000
0.960000
0.960000
0.960000
0.960000
0.960000
0.960000
0.960000
0.960000
0.960000
0.960000
0.960000
0.960000
0.960000
0.960000
0.960000
0.960000
0.960000
0.960000
0.960000
0.960000
0.960000
0.960000
0.960000
0.960000
0.960000
0.960000
0.960000
0.960000
0.960000
0.960000
0.960000
0.960000
0.960000
0.960000
0.960000
0.960000
0.960000
0.960000
0.960000
0.960000
0.960000
0.960000
0.960000
0.960000
0.960000
0.960000
0.960000
0.960000
0.960000
0.960000
0.960000
0.960000
0.960000
0.960000
0.960000
0.960000
0.960000
0.960000
0.960000
0.960000
0.960000
0.960000
0.960000
0.960000
0.960000
0.960000
0.960000
0.960000
0.960000
0.960000
0.960000
0.960000
0.960000
0.960000
0.960000
0.960000
0.960000
0.960000
0.960000
0.960000
0.960000
0.960000
0.960000
0.960000
0.960000
0.960000
0.960000
0.960000
0.960000
0.960000
0.960000
0.960000
0.960000
0.960000
0.960000
0.960000
0.960000
0.960000
0.960000
0.960000
0.960000
0.960000
0.960000
0.960000
0.960000
0.960000
0.960000
0.960000
0.960000
0.960000
0.960000
0.960000
0.960000
0.960000
0.960000
0.960000
0.960000
0.960000
0.960000
0.960000
0.960000
0.960000
0.960000
0.960000
0.960000
0.960000
0.960000
0.960000
0.960000
0.960000
0.960000
0.960000
0.960000
0.960000
0.960000
0.960000
0.960000
0.960000
0.960000
0.960000
0.960000
0.960000
0.960000
0.960000
0.960000
0.960000
0.960000
0.960000
0.960000
0.960000
0.960000
0.960000
0.960000
0.960000
0.960000
0.960000
0.960000
0.960000
0.960000
0.960000
0.960000
0.960000
0.960000
0.960000
0.960000
0.960000
0.960000
0.960000
0.960000
0.960000
0.960000
0.960000
0.960000
0.960000
0.960000
0.960000
0.960000
0.960000
0.960000
0.960000
0.960000
0.960000
0.960000
0.960000
0.960000
0.960000
0.960000
0.960000
0.960000
0.960000
0.960000
0.960000
0.960000
0.960000
0.960000
0.960000
0.960000
0.960000
0.960000
0.960000
0.960000
0.960000
0.960000
0.960000
0.960000
0.960000
0.960000
0.960000
0.960000
0.960000
0.960000
0.960040
0.960040
0.960040
0.960040
0.960040
0.960040
0.960040
0.960040
0.960040
0.960040
0.960040
0.960040
0.960040
0.960040
0.960040
0.960040
0.960040
0.960040
0.960040
0.960040
0.960040
0.960040
0.960040
0.960040
0.960040
0.960040
0.960040
0.960040
0.960040
0.960040
0.960000
0.960000
0.960000
0.960000
0.960000
0.960000
0.960000
0.960000
0.960000
0.960000
0.960000
0.960000
0.960000
0.960000
0.960000
0.960000
0.960000
0.960000
0.960000
0.960000
0.960000
0.960000
0.960040
0.960040
0.960040
0.960040
0.960040
0.960040
0.960080
0.960080
0.960080
0.960080
0.960080
0.960080
0.960080
0.960080
0.960080
0.960080
0.960080
0.960080
0.960080
0.960080
0.960080
0.960080
0.960080
0.960080
0.960080
0.960080
0.960080
0.960080
0.960080
0.960080
0.960040
0.960040
0.960040
0.960040
0.960040
0.960040
0.960000
0.960000
0.960000
0.960000
0.960000
0.962083
0.966368
0.969853
0.973337
0.976822
0.980346
0.983830
0.987315
0.990839
0.994324
0.997808
1.001293
1.004777
1.008302
1.011786
1.015271
1.018755
1.022240
1.025724
1.029209
1.032693
1.036177
1.039702
1.043186
1.046671
1.050155
1.053640
1.057124
1.060609
1.064093
1.065535
1.064734
1.064734
1.064734
1.064734
1.064694
1.064694
1.064694
1.064614
1.064614
1.064614
1.064614
1.064614
1.064574
1.064574
1.064574
1.064534
1.064534
1.064534
1.064534
1.064494
1.064494
1.064454
1.064454
1.064454
1.064414
1.064414
1.064374
1.064374
1.064374
1.064293
1.064293
1.064253
1.064253
1.064213
1.064213
1.064654
1.066416
1.066616
1.066697
1.066777
1.066857
1.066937
1.067017
1.067097
1.067137
1.067257
1.067337
1.067377
1.067417
1.067498
1.067538
1.067578
1.067578
1.067618
1.067658
1.067618
1.067658
1.067658
1.067618
1.067658
1.067618
1.067618
1.067618
1.067618
1.067618
1.067177
1.065375
1.065175
1.065094
1.064974
1.064894
1.064774
1.064694
1.064574
1.064534
1.064454
1.064374
1.064334
1.064293
1.064253
1.064173
1.064133
1.064093
1.064053
1.064013
1.064013
1.063973
1.063933
1.063973
1.063613
1.060168
1.056724
1.053239
1.049795
1.046310
1.042826
1.039382
1.035937
1.032453
1.029008
1.025524
1.022079
1.018595
1.015151
1.011666
1.008182
1.004697
1.001213
0.997728
0.994244
0.990799
0.987315
0.983871
0.980386
0.976942
0.973497
0.970053
0.966608
0.963124
0.960000
0.960000
0.960000
0.960000
0.960000
0.960000
0.960000
0.960000
0.960000
0.960000
0.960000
0.960000
0.960000
0.960000
0.960000
0.960000
0.960000
0.960000
0.960000
0.960000
0.960000
0.960000
0.960000
0.960000
0.960000
0.960000
0.960000
0.960000
0.960000
0.960000
0.960000
0.960000
0.960000
0.960000
0.960040
0.960040
0.960040
0.960040
0.960040
0.960040
0.960040
0.960040
0.960040
0.960040
0.960040
0.960040
0.960040
0.960040
0.960040
0.960040
0.960040
0.960040
0.960040
0.960040
0.960040
0.960040
0.960040
0.960040
0.960040
0.960040
0.960040
0.960040
0.960040
0.960040
0.960000
0.960000
0.960040
0.960040
0.961562
0.962243
0.962363
0.962403
0.962483
0.962563
0.962603
0.962643
0.962723
0.962723
0.962804
0.962844
0.962844
0.962884
0.962884
0.962884
0.962884
0.962884
0.962884
0.962884
0.962884
0.962884
0.962884
0.962884
0.962884
0.962884
0.962884
0.962884
0.962844
0.962844
0.961322
0.960641
0.960521
0.960481
0.960401
0.960320
0.960280
0.960240
0.960160
0.960160
0.960080
0.960040
0.960040
0.960000
0.960000
0.960000
0.960000
0.960000
0.960000
0.960000
0.960000
0.960000
0.960000
0.960000
0.960000
0.960000
0.960000
0.960000
0.960000
0.960000
0.960000
0.960000
0.960000
0.960000
0.960000
0.960000
0.960000
0.960000
0.960000
0.960000
0.960000
0.960000
0.960000
0.960000
0.960000
0.960000
0.960000
0.960000
0.960000
0.960000
0.960000
0.960000
0.960000
0.960000
0.960000
0.960000
0.960000
0.960000
0.960000
0.960000
0.960000
0.960000
0.960000
0.960000
0.960000
0.960000
0.960000
0.960000
0.960000
0.960000
0.960000
0.960000
0.960000
0.960000
0.960000
0.960000
0.960000
0.960000
0.960000
0.960000
0.960000
0.960000
0.960000
0.960000
0.960000
0.960000
0.960000
0.960000
0.960000
0.960000
0.960000
0.960000
0.960000
0.960000
0.960000
0.960000
0.960000
0.960000
0.960000
0.960000
0.960000
0.960000
0.960000
0.960000
0.960000
0.960000
0.960000
0.960000
0.960000
0.960000
0.960000
0.960000
0.960040
0.962683
0.965807
0.969092
0.972376
0.975700
0.978984
0.982268
0.983550
0.983670
0.983750
0.983790
0.983830
0.983871
0.983951
0.983951
0.983991
0.983991
0.984031
0.984031
0.984031
0.984031
0.984031
0.984031
0.984031
0.984031
0.984031
0.984031
0.984031
0.984031
0.983991
0.981347
0.978223
0.974939
0.971655
0.968331
0.965046
0.961762
0.960481
0.960360
0.960280
0.960240
0.960200
0.960160
0.960080
0.960080
0.960040
0.960040
0.960000
0.960000
0.960000
0.960000
0.960000
0.960000
0.960000
0.960000
0.960000
0.960000
0.960000
0.960000
0.960000
0.960000
0.960000
0.960000
0.960000
0.960000
0.960000
0.960000
0.960000
0.960000
0.960000
0.960000
0.960000
0.960000
0.960000
0.960000
0.960000
0.960000
0.960000
0.960000
0.960000
0.960000
0.960000
0.960000
0.960000
0.960000
0.960000
0.960000
0.960000
0.960000
0.960000
0.960000
0.960000
0.960000
0.960000
0.960000
0.960000
0.960000
0.960000
0.960000
0.960000
0.960000
0.960000
0.960000
0.960000
0.960000
0.960000
0.960000
0.960000
0.960000
0.960000
0.960000
0.960000
0.960000
0.960000
0.960000
0.960000
0.960000
0.960000
0.960040
0.960080
0.960080
0.960080
0.960080
0.960080
0.960080
0.960080
0.960080
0.960080
0.960080
0.960080
0.960080
0.960080
0.960080
0.960080
0.960080
0.960080
0.960080
0.960080
0.960080
0.960080
0.960080
0.960080
0.960080
0.960080
0.960080
0.960080
0.960080
0.960080
0.960040
0.960000
0.960000
0.960000
0.960000
0.960000
0.960000
0.960000
0.960000
0.960000
0.960000
0.960000
0.960000
0.960000
0.960000
0.960000
0.960000
0.960000
0.960000
0.960000
0.960000
0.960000
0.960000
0.960000
0.960000
0.960000
0.960000
0.960040
0.960040
0.960040
0.960040
0.960040
0.960040
0.960040
0.960040
0.960040
0.960040
0.960040
0.960040
0.960040
0.960040
0.960040
0.960040
0.960040
0.960040
0.960040
0.960040
0.960040
0.960040
0.960040
0.960040
0.960040
0.960040
0.960040
0.960040
0.960040
0.960040
0.960000
0.960000
0.960000
0.960000
0.960000
0.960000
0.960000
0.960000
0.960000
0.960000
0.960000
0.960000
0.960000
0.960000
0.960000
0.960000
0.960000
0.960000
0.960000
0.960000
0.960000
0.960000
0.960000
0.960000
0.960000
0.960000
0.960000
0.960000
0.960000
0.960000
0.960000
0.960000
0.960000
0.960000
0.960000
0.960000
0.960000
0.960000
0.960000
0.960000
0.960000
0.960000
0.960000
0.960000
0.960000
0.960000
0.960000
0.960000
0.960000
0.960000
0.960000
0.960000
0.960000
0.960000
0.960000
0.960000
0.960000
0.960000
0.960000
0.960000
0.960000
0.960000
0.960000
0.960000
0.960000
0.960000
0.960000
0.960000
0.960000
0.960000
0.960000
0.960000
0.960000
0.960000
0.960000
0.960000
0.960000
0.960000
0.960000
0.960000
0.960000
0.960000
0.960000
0.960000
0.960000
0.960000
0.960000
0.960000
0.960000
0.960000
0.960000
0.960000
0.960000
0.960000
0.960000
0.960000
0.960000
0.960040
0.960040
0.960040
0.960040
0.960040
0.960040
0.960040
0.960040
0.960040
0.960040
0.960040
0.960040
0.960040
0.960040
0.960040
0.960040
0.960040
0.960040
0.960040
0.960040
0.960040
0.960040
0.960040
0.960040
0.960040
0.960040
0.960040
0.960040
0.960040
0.960040
0.960000
0.960000
0.960000
0.960000
0.960000
0.960000
0.960000
0.960000
0.960000
0.960000
0.960000
0.960000
0.960000
0.960000
0.960000
0.960000
0.960000
0.960000
0.960000
0.960000
0.960000
0.960000
0.960000
0.960000
0.960000
0.960000
0.960000
0.960000
0.960000
0.960000
0.960000
0.960000
0.960000
0.960000
0.960000
0.960000
0.960000
0.960000
0.960000
0.960000
0.960000
0.960000
0.960000
0.960000
0.960000
0.960000
0.960000
0.960000
0.960000
0.960000
0.960000
0.960040
0.960040
0.960040
0.960040
0.960040
0.960040
0.960040
0.960040
0.960040
0.960040
0.960040
0.960040
0.960040
0.960040
0.960040
0.960040
0.960040
0.960040
0.960040
0.960040
0.960040
0.960040
0.960040
0.960040
0.960040
0.960040
0.960040
0.960040
0.960040
0.960040
0.960000
0.960000
0.960000
0.960000
0.960000
0.960000
0.960000
0.960000
0.960000
0.960000
0.960000
0.960000
0.960000
0.960000
0.960000
0.960000
0.960000
0.960000
0.960000
0.960000
0.960000
0.960000
0.960000
0.960000
0.960000
0.960000
0.960000
0.960000
0.960000
0.960000
0.960000
0.960000
0.960000
0.960000
0.960000
0.960000
0.960000
0.960000
0.960000
0.960000
0.960000
0.960000
0.960000
0.960000
0.960000
0.960000
0.960000
0.960000
0.960000
0.960000
0.960000
0.960000
0.960000
0.960000
0.960000
0.960000
0.960000
0.960000
0.960000
0.960000
0.960000
0.960000
0.960000
0.960000
0.960000
0.960000
0.960000
0.960000
0.960000
0.960000
0.960000
0.960000
0.960000
0.960000
0.960000
0.960000
0.960000
0.960000
0.960000
0.960000
0.960000
0.960000
0.960000
0.960000
0.960000
0.960000
0.960000
0.960000
0.960000
0.960000
0.960000
0.960000
0.960000
0.960000
0.960000
0.960000
0.960240
0.962443
0.964806
0.967249
0.969732
0.972216
0.974258
0.974499
0.974539
0.974579
0.974619
0.974699
0.974739
0.974779
0.974819
0.974819
0.974859
0.974899
0.974899
0.974899
0.974899
0.974899
0.974899
0.974899
0.974899
0.974899
0.974899
0.974899
0.974899
0.974899
0.974659
0.972456
0.970093
0.967650
0.965167
0.962683
0.960641
0.960401
0.960360
0.960320
0.960280
0.960200
0.960160
0.960120
0.960080
0.960080
0.960040
0.960000
0.960000
0.960000
0.960000
0.960000
0.960000
0.960000
0.960000
0.960000
0.960000
0.960000
0.960000
0.960000
0.960000
0.960000
0.960000
0.960000
0.960000
0.960000
0.960000
0.960000
0.960000
0.960000
0.960000
0.960000
0.960000
0.960000
0.960000
0.960000
0.960000
0.960000
0.960000
0.960120
0.960240
0.960280
0.960320
0.960401
0.960441
0.960481
0.960521
0.960561
0.960561
0.960601
0.960641
0.960641
0.960641
0.960641
0.960641
0.960641
0.960641
0.960641
0.960641
0.960641
0.960641
0.960641
0.960641
0.960641
0.960641
0.960641
0.960641
0.960641
0.960641
0.960521
0.960401
0.960360
0.960320
0.960240
0.960200
0.960160
0.960120
0.960080
0.960080
0.960040
0.960000
0.960000
0.960000
0.960000
0.960000
0.960000
0.960000
0.960000
0.960000
0.960000
0.960000
0.960000
0.960000
0.960000
0.960000
0.960000
0.960000
0.960120
0.960841
0.961041
0.961081
0.961121
0.961202
0.961202
0.961282
0.961322
0.961362
0.961362
0.961362
0.961362
0.961362
0.961362
0.961362
0.961362
0.961362
0.961362
0.961362
0.961362
0.961362
0.961362
0.961362
0.961362
0.961362
0.961362
0.961362
0.961362
0.961362
0.961242
0.960521
0.960320
0.960280
0.960240
0.960160
0.960160
0.960080
0.960040
0.960000
0.960000
0.960040
0.960040
0.960080
0.960120
0.960160
0.960200
0.960240
0.960240
0.960280
0.960280
0.960320
0.960360
0.960360
0.960360
0.960360
0.960360
0.960360
0.960360
0.962443
0.962603
0.962643
0.962683
0.962884
0.962964
0.963004
0.963044
0.964085
0.966448
0.967970
0.968170
0.968170
0.968211
0.968251
0.968251
0.968251
0.968211
0.968211
0.968251
0.968211
0.968211
0.968211
0.968170
0.968170
0.968170
0.968170
0.968170
0.968170
0.968170
0.966088
0.965928
0.965888
0.965847
0.965647
0.965567
0.965527
0.965487
0.964446
0.962083
0.960561
0.960360
0.960320
0.960280
0.960200
0.960160
0.960120
0.960120
0.960080
0.960040
0.960040
0.960040
0.960000
0.960000
0.960000
0.960000
0.960000
0.960000
0.960000
0.960000
0.960000
0.960000
0.960000
0.960000
0.960000
0.960000
0.960000
0.960000
0.960000
0.960000
0.960000
0.960000
0.960000
0.960000
0.960000
0.960000
0.960000
0.960000
0.960000
0.960000
0.960040
0.960040
0.960040
0.960040
0.960040
0.960040
0.960040
0.960040
0.960040
0.960040
0.960040
0.960040
0.960040
0.960040
0.960040
0.960040
0.960040
0.960040
0.960040
0.960040
0.960040
0.960040
0.960040
0.960040
0.960040
0.960040
0.960040
0.960040
0.960040
0.960040
0.960000
0.960000
0.960000
0.960000
0.960000
0.960000
0.960000
0.960000
0.960000
0.960000
0.960000
0.960000
0.960000
0.960000
0.960000
0.960000
0.960000
0.960000
0.960000
0.960000
0.960000
0.960000
0.960000
0.960000
0.960000
0.960000
0.960000
0.960000
0.960000
0.960000
0.960000
0.960000
0.960000
0.960000
0.960000
0.960000
0.960000
0.960000
0.960000
0.960000
0.960000
0.960000
0.960000
0.960000
0.960000
0.960000
0.960000
0.960040
0.960040
0.960040
0.960040
0.960040
0.960040
0.960040
0.960040
0.960040
0.960040
0.960040
0.960040
0.960040
0.960040
0.960040
0.960040
0.960040
0.960040
0.960040
0.960040
0.960040
0.960040
0.960040
0.960040
0.960040
0.960040
0.960040
0.960040
0.960040
0.960040
0.960000
0.960000
0.960000
0.960000
0.960000
0.960000
0.960000
0.960000
0.960000
0.960000
0.960000
0.960000
0.960000
0.960000
0.960000
0.960000
0.960000
0.960000
0.960000
0.960000
0.960000
0.960000
0.960000
0.960000
0.960000
0.960000
0.960000
0.960000
0.960000
0.960000
0.960000
0.960000
0.960000
0.960000
0.960000
0.960000
0.960000
0.960000
0.960000
0.960000
0.960000
0.960000
0.960000
0.960000
0.960000
0.960000
0.960000
0.960000
0.960000
0.960000
0.960000
0.960000
0.960000
0.960000
0.960000
0.960000
0.960000
0.960000
0.960000
0.960000
0.960000
0.960000
0.960000
0.960000
0.960000
0.960000
0.960000
0.960000
0.960000
0.960000
0.960000
0.960000
0.960000
0.960000
0.960000
0.960000
0.960000
0.960000
0.960000
0.960000
0.960000
0.960000
0.960000
0.960000
0.960000
0.960000
0.960000
0.960000
0.960000
0.960000
0.960000
0.960000
0.960000
0.960000
0.960000
0.960000
0.960000
0.960000
0.960000
0.960000
0.960000
0.960000
0.960040
0.960040
0.960040
0.960040
0.960040
0.960040
0.960040
0.960040
0.960040
0.960040
0.960040
0.960040
0.960040
0.960040
0.960040
0.960040
0.960040
0.960040
0.960040
0.960040
0.960040
0.960040
0.960040
0.960040
0.960040
0.960040
0.960040
0.960040
0.960040
0.960040
0.960000
0.960000
0.960000
0.960000
0.960000
0.960000
0.960000
0.960000
0.960000
0.960000
0.960000
0.960000
0.960000
0.960000
0.960000
0.960000
0.960000
0.960000
0.960000
0.960000
0.960000
0.960000
0.960000
0.960000
0.960000
0.960000
0.960000
0.960000
0.960000
0.960040
0.960040
0.960040
0.960040
0.960040
0.960040
0.960040
0.960040
0.960040
0.960040
0.960040
0.960040
0.960040
0.960040
0.960040
0.960040
0.960040
0.960040
0.960040
0.960040
0.960040
0.960040
0.960040
0.960040
0.960040
0.960040
0.960040
0.960040
0.960040
0.960040
0.960000
0.960000
0.960000
0.960000
0.960000
0.960000
0.960000
0.960000
0.960000
0.960000
0.960000
0.960000
0.960000
0.960040
0.960040
0.960040
0.960040
0.960040
0.960040
0.960040
0.960040
0.960040
0.960040
0.960040
0.960040
0.960040
0.960040
0.960040
0.960040
0.960040
0.960040
0.960040
0.960040
0.960040
0.960040
0.960040
0.960040
0.960040
0.960040
0.960040
0.960040
0.960040
0.960040
0.960000
0.960000
0.960000
0.960000
0.960000
0.960000
0.960000
0.960000
0.960000
0.960000
0.960000
0.960000
0.960000
0.960000
0.960000
0.960000
0.960000
0.960000
0.960000
0.960000
0.960000
0.960000
0.960000
0.960000
0.960000
0.960000
0.960000
0.960000
0.960000
0.960000
0.960000
0.960000
0.960000
0.960000
0.960000
0.960000
0.960000
0.960000
0.960000
0.960000
0.960000
0.960000
0.960000
0.960000
0.960040
0.960040
0.960040
0.960040
0.960040
0.960040
0.960040
0.960040
0.960040
0.960040
0.960040
0.960040
0.960040
0.960040
0.960040
0.960040
0.960040
0.960040
0.960040
0.960040
0.960040
0.960040
0.960040
0.960040
0.960040
0.960040
0.960040
0.960040
0.960040
0.960040
0.960000
0.960000
0.960000
0.960000
0.960000
0.960000
0.960000
0.960000
0.960000
0.960000
0.960000
0.960000
0.960000
0.960000
0.960000
0.960000
0.960000
0.960000
0.960000
0.960000
0.960000
0.960000
0.960000
0.961282
0.961922
0.962003
0.962083
0.962123
0.962163
0.962203
0.962243
0.962243
0.962283
0.962323
0.962363
0.962363
0.962403
0.962403
0.962403
0.962403
0.962403
0.962403
0.962403
0.962403
0.962403
0.962403
0.962403
0.962403
0.962443
0.962443
0.962443
0.962443
0.962443
0.961161
0.960521
0.960441
0.960360
0.960320
0.960280
0.960240
0.960200
0.960200
0.960160
0.960120
0.960080
0.960080
0.960040
0.960040
0.960040
0.960040
0.960040
0.960040
0.960040
0.960040
0.960040
0.960040
0.960040
0.960040
0.960000
0.960000
0.960000
0.960000
0.960000
0.960000
0.960000
0.960000
0.960000
0.960000
0.960000
0.960000
0.960000
0.960000
0.960040
0.961602
0.963084
0.963204
0.963244
0.963284
0.963324
0.963404
0.963404
0.963484
0.963484
0.963484
0.963525
0.963565
0.963565
0.963565
0.963565
0.963605
0.963605
0.963605
0.963605
0.963605
0.963605
0.963605
0.963605
0.963605
0.963605
0.963605
0.963605
0.963605
0.963565
0.962003
0.960521
0.960401
0.960360
0.960320
0.960280
0.960200
0.960200
0.960120
0.960120
0.960120
0.960080
0.960040
0.960040
0.960040
0.960040
0.960000
0.960000
0.960000
0.960000
0.960000
0.960000
0.960000
0.960000
0.960000
0.960000
0.960000
0.960000
0.960000
0.960000
0.960000
0.960000
0.960000
0.960000
0.960000
0.960000
0.960000
0.960000
0.960000
0.960000
0.960000
0.960000
0.960000
0.960040
0.960040
0.960040
0.960080
0.960120
0.960120
0.960120
0.960120
0.960160
0.960200
0.960200
0.960200
0.960240
0.960280
0.962083
0.963044
0.963124
0.963164
0.963204
0.963244
0.963244
0.963244
0.963244
0.963284
0.963324
0.963324
0.963324
0.963324
0.963324
0.963324
0.963324
0.963324
0.963324
0.963284
0.963244
0.963244
0.963244
0.963244
0.963204
0.963164
0.963164
0.963164
0.963124
0.963084
0.961282
0.960320
0.960240
0.960200
0.960160
0.960120
0.960120
0.960120
0.960120
0.960080
0.960040
0.960040
0.960040
0.960040
0.960040
0.960040
0.960000
0.960000
0.960000
0.960000
0.960000
0.960000
0.960000
0.960000
0.960000
0.960000
0.960000
0.960000
0.960000
0.960000
0.960000
0.960000
0.960000
0.960000
0.960000
0.960000
0.960000
0.960000
0.960000
0.960000
0.960000
0.960000
0.960000
0.960000
0.960000
0.960000
0.960000
0.960000
0.960000
0.960000
0.960000
0.960000
0.960000
0.960000
0.960000
0.960000
0.960000
0.960000
0.960000
0.960000
0.960000
0.960000
0.960000
0.960000
0.960000
0.960000
0.960000
0.960000
0.960000
0.960000
0.960040
0.960040
0.960040
0.960040
0.960040
0.960040
0.960040
0.960040
0.960040
0.960040
0.960040
0.960040
0.960040
0.960040
0.960040
0.960040
0.960040
0.960040
0.960040
0.960040
0.960040
0.960040
0.960040
0.960040
0.960040
0.960040
0.960040
0.960040
0.960040
0.960040
0.960000
0.960000
0.960000
0.960000
0.960000
0.960000
0.960000
0.960000
0.960000
0.960000
0.960000
0.960000
0.960000
0.960000
0.960000
0.960000
0.960000
0.960000
0.960000
0.960000
0.960000
0.960000
0.960000
0.960000
0.960000
0.960000
0.960000
0.960000
0.960000
0.960000
0.960000
0.960000
0.960000
0.960000
0.960000
0.960000
0.960000
0.960000
0.960000
0.960000
0.960000
0.960000
0.960000
0.960000
0.960000
0.960000
0.960000
0.960000
0.960000
0.960000
0.960000
0.960000
0.960000
0.960000
0.960000
0.960000
0.960000
0.960000
0.960000
0.960000
0.960000
0.960000
0.960000
0.960000
0.960000
0.960000
0.960000
0.960000
0.960000
0.960000
0.960000
0.960000
0.960000
0.960000
0.960000
0.960000
0.960000
0.960000
0.960000
0.960000
0.960000
0.960000
0.960000
0.960000
0.960000
0.960000
0.960000
0.960000
0.960000
0.960000
0.960000
0.960000
0.960000
0.960000
0.960000
0.960000
0.960000
0.960000
0.960000
0.960000
0.960000
0.960000
0.960000
0.960000
0.960000
0.960000
0.960000
0.960000
0.960000
0.960000
0.960000
0.960000
0.960000
0.960000
0.960000
0.960000
0.960000
0.960000
0.960000
0.960000
0.960000
0.960000
0.960000
0.960000
0.960000
0.960000
0.960000
0.960000
0.960000
0.960000
0.960000
0.960000
0.960000
0.960000
0.960000
0.960000
0.960000
0.960000
0.960000
0.960000
0.960000
0.960000
0.960000
0.960040
0.960040
0.960040
0.960040
0.960040
0.960040
0.960040
0.960040
0.960040
0.960040
0.960040
0.960040
0.960040
0.960040
0.960040
0.960040
0.960040
0.960040
0.960040
0.960040
0.960040
0.960040
0.960040
0.960040
0.960040
0.960040
0.960040
0.960040
0.960040
0.960040
0.960000
0.960000
0.960000
0.960000
0.960000
0.960000
0.960000
0.960000
0.960000
0.960000
0.960000
0.960000
0.960000
0.960000
0.960000
0.960000
0.960000
0.960000
0.960000
0.960000
0.960000
0.960000
0.960000
0.960000
0.960000
0.960000
0.960000
0.960000
0.960000
0.960000
0.960000
0.960000
0.960000
0.960000
0.960000
0.960000
0.960000
0.960000
0.960000
0.960000
0.960000
0.960000
0.960000
0.960040
0.960040
0.960040
0.960040
0.960040
0.960040
0.960040
0.960040
0.960040
0.960040
0.960040
0.960040
0.960040
0.960040
0.960040
0.960040
0.960040
0.960040
0.960040
0.960040
0.960040
0.960040
0.960040
0.960040
0.960040
0.960040
0.960040
0.960040
0.960040
0.960040
0.960000
0.960000
0.960000
0.960000
0.960000
0.960000
0.960000
0.960000
0.960000
0.960000
0.960000
0.960000
0.960000
0.960000
0.960000
0.960000
0.960000
0.960000
0.960000
0.960000
0.960000
0.960000
0.960040
0.960040
0.960040
0.960040
0.960040
0.960040
0.960040
0.960040
0.960040
0.960040
0.960040
0.960040
0.960040
0.960040
0.960040
0.960040
0.960040
0.960040
0.960040
0.960040
0.960040
0.960040
0.960040
0.960040
0.960040
0.960040
0.960320
0.962203
0.962443
0.962483
0.962443
0.962483
0.962523
0.962523
0.962523
0.962523
0.962523
0.962523
0.962523
0.962523
0.962523
0.962523
0.962523
0.962523
0.962523
0.962523
0.962523
0.962523
0.962523
0.962523
0.962523
0.962563
0.962563
0.962563
0.962563
0.962563
0.962283
0.960401
0.960160
0.960120
0.960120
0.960080
0.960040
0.960040
0.960040
0.960040
0.960040
0.960040
0.960040
0.960040
0.960040
0.960040
0.960040
0.960040
0.960040
0.960040
0.960040
0.960040
0.960040
0.960040
0.960040
0.960000
0.960000
0.960000
0.960000
0.960040
0.960040
0.960040
0.960040
0.960040
0.960040
0.960040
0.960040
0.960040
0.960040
0.960040
0.960040
0.960040
0.960040
0.960040
0.960040
0.960040
0.960040
0.960040
0.960040
0.960040
0.960040
0.960040
0.960040
0.960040
0.960040
0.960040
0.960040
0.960040
0.960040
0.960000
0.960000
0.960000
0.960000
0.960000
0.960000
0.960000
0.960000
0.960000
0.960000
0.960000
0.960000
0.960000
0.960000
0.960000
0.960000
0.960000
0.960000
0.960000
0.960000
0.960000
0.960000
0.960000
0.960000
0.960000
0.960000
0.960000
0.960000
0.960000
0.960000
0.960000
0.960000
0.960000
0.960000
0.960000
0.960000
0.960000
0.960000
0.960000
0.960040
0.960040
0.960040
0.960040
0.960040
0.960040
0.960040
0.960360
0.960360
0.960360
0.960360
0.960360
0.960360
0.960360
0.960360
0.960641
0.963484
0.966729
0.970053
0.973417
0.976741
0.980066
0.981427
0.981548
0.981628
0.981668
0.981708
0.981788
0.981788
0.981828
0.981828
0.981868
0.981908
0.981908
0.981908
0.981908
0.981908
0.981588
0.981588
0.981588
0.981588
0.981588
0.981588
0.981588
0.981588
0.981307
0.978464
0.975219
0.971895
0.968531
0.965207
0.961882
0.960521
0.960401
0.960320
0.960280
0.960240
0.960160
0.960160
0.960120
0.960080
0.960040
0.960000
0.960000
0.960000
0.960000
0.960000
0.960000
0.960000
0.960000
0.960000
0.960000
0.960000
0.960000
0.960000
0.960000
0.960000
0.960000
0.960000
0.960000
0.960000
0.960000
0.960000
0.960000
0.960000
0.960000
0.960000
0.960000
0.960000
0.960000
0.960000
0.960000
0.960000
0.960000
0.960000
0.960000
0.960000
0.960000
0.960000
0.960000
0.960000
0.960000
0.960000
0.960000
0.960000
0.960000
0.960000
0.960000
0.960040
0.960040
0.960040
0.960040
0.960040
0.960040
0.960040
0.960040
0.960040
0.960040
0.960040
0.960040
0.960040
0.960040
0.960040
0.960040
0.960040
0.960040
0.960040
0.960040
0.960040
0.960040
0.960040
0.960040
0.960040
0.960040
0.960040
0.960040
0.960040
0.960040
0.960000
0.960000
0.960000
0.960000
0.960000
0.960000
0.960000
0.960000
0.960000
0.960000
0.960000
0.960000
0.960000
0.960000
0.960000
0.960000
0.960000
0.960000
0.960000
0.960000
0.960000
0.960000
0.960000
0.960000
0.960000
0.960000
0.960000
0.960000
0.960000
0.960000
0.960000
0.960000
0.960000
0.960000
0.960040
0.960040
0.960040
0.960040
0.960040
0.960040
0.960040
0.960040
0.960040
0.960040
0.960040
0.960040
0.960040
0.960040
0.960040
0.960040
0.960040
0.960040
0.960040
0.960040
0.960040
0.960040
0.960040
0.960040
0.960040
0.960040
0.960040
0.960040
0.960040
0.960040
0.960000
0.960000
0.960000
0.960000
0.960000
0.960000
0.960000
0.960000
0.960000
0.960000
0.960000
0.960000
0.960000
0.960000
0.960000
0.960000
0.960000
0.960000
0.960000
0.960000
0.960000
0.960000
0.960000
0.960000
0.960000
0.960000
0.960000
0.960000
0.960080
0.961482
0.961842
0.961922
0.961922
0.962003
0.962003
0.962003
0.962003
0.962003
0.962003
0.962003
0.962003
0.962003
0.962003
0.962003
0.962003
0.962003
0.962003
0.962003
0.962003
0.962003
0.962003
0.962003
0.962003
0.962003
0.962003
0.962003
0.962003
0.962003
0.961922
0.960521
0.960160
0.960080
0.960080
0.960000
0.960000
0.960000
0.960000
0.960000
0.960000
0.960000
0.960000
0.960000
0.960000
0.960000
0.960000
0.960000
0.960000
0.960000
0.960000
0.960000
0.960000
0.960000
0.960000
0.960000
0.960000
0.960000
0.960000
0.960000
0.960000
0.960000
0.960000
0.960000
0.960000
0.960000
0.960000
0.960000
0.960000
0.960000
0.960000
0.960000
0.960000
0.960000
0.960000
0.960000
0.960000
0.960000
0.960000
0.960000
0.960000
0.960000
0.960000
0.960881
0.962283
0.962363
0.962403
0.962643
0.962683
0.962723
0.962723
0.962723
0.962764
0.962804
0.962804
0.962804
0.962804
0.962804
0.962804
0.962804
0.962804
0.962804
0.962804
0.962804
0.962804
0.962804
0.962804
0.962804
0.962804
0.962804
0.962804
0.962804
0.962804
0.961922
0.960521
0.960441
0.960401
0.960160
0.960120
0.960080
0.960080
0.960080
0.960040
0.960000
0.960000
0.960000
0.960000
0.960000
0.960000
0.960000
0.960000
0.960000
0.960000
0.960000
0.960000
0.960000
0.960000
0.960000
0.960000
0.960000
0.960000
0.960000
0.960000
0.960000
0.960000
0.960000
0.960000
0.960000
0.960040
0.960040
0.960040
0.960040
0.960040
0.960040
0.960040
0.960040
0.960040
0.960040
0.960040
0.960040
0.960040
0.960040
0.960040
0.960040
0.960040
0.960040
0.960040
0.960040
0.960040
0.960040
0.960040
0.960040
0.960040
0.960040
0.960040
0.960040
0.960040
0.960040
0.960000
0.960000
0.960000
0.960000
0.960000
0.960000
0.960000
0.960000
0.960000
0.960000
0.960000
0.960000
0.960000
0.960000
0.960000
0.960000
0.960000
0.960000
0.960000
0.960000
0.960000
0.960000
0.960000
0.960000
0.960040
0.960040
0.960040
0.960040
0.960040
0.960040
0.960040
0.960040
0.960040
0.960040
0.960040
0.960040
0.960040
0.960040
0.960040
0.960040
0.960040
0.960040
0.960040
0.960040
0.960040
0.960040
0.960040
0.960040
0.960040
0.960040
0.960040
0.960040
0.960040
0.960040
0.960000
0.960000
0.960000
0.960000
0.960000
0.960000
0.960000
0.960000
0.960000
0.960000
0.960000
0.960000
0.960000
0.960000
0.960000
0.960000
0.960000
0.960000
0.960000
0.960000
0.960000
0.960000
0.960000
0.960000
0.960000
0.960000
0.960000
0.960000
0.960000
0.960000
0.960000
0.960000
0.960000
0.960000
0.960000
0.960000
0.960000
0.960000
0.960000
0.960000
0.960000
0.960000
0.960000
0.960000
0.960000
0.960000
0.960000
0.960000
0.960000
0.960000
0.960000
0.960000
0.960000
0.960000
0.960000
0.960000
0.960000
0.960000
0.960000
0.960000
0.960000
0.960000
0.960000
0.960000
0.960000
0.960000
0.960000
0.960000
0.960000
0.960000
0.960000
0.960000
0.960000
0.960000
0.960000
0.960000
0.960000
0.960000
0.960000
0.960000
0.960000
0.960000
0.960000
0.960000
0.960000
0.960000
0.960000
0.960000
0.960000
0.960000
0.960000
0.960000
0.960000
0.960000
0.960000
0.960000
0.960000
0.960000
0.960000
0.960000
0.960000
0.960000
0.960000
0.960000
0.960000
0.960000
0.960040
0.960040
0.960040
0.960040
0.960040
0.960040
0.960040
0.960040
0.960040
0.960040
0.960040
0.960040
0.960040
0.960040
0.960040
0.960040
0.960040
0.960040
0.960040
0.960040
0.965127
0.968611
0.972095
0.975580
0.979064
0.982549
0.986033
0.989518
0.993042
0.996527
0.999971
1.003456
1.006900
1.010384
1.013869
1.017313
1.020798
1.024242
1.027727
1.031211
1.034656
1.038140
1.041584
1.045069
1.048513
1.051958
1.055402
1.058887
1.062331
1.065815
1.064173
1.064133
1.064093
1.064093
1.064053
1.064053
1.064013
1.063973
1.063893
1.063893
1.063853
1.063813
1.063813
1.063773
1.063733
1.063733
1.063693
1.063693
1.063693
1.063653
1.063653
1.063613
1.063613
1.063573
1.063613
1.063613
1.063613
1.063573
1.063573
1.063532
1.063532
1.063532
1.063573
1.063532
1.063532
1.063492
1.063492
1.063532
1.063532
1.063492
1.063492
1.063492
1.063492
1.063532
1.063532
1.063532
1.063532
1.063532
1.063532
1.063532
1.063532
1.063532
1.063532
1.063532
1.063532
1.063532
1.063532
1.063532
1.063532
1.063532
1.063532
1.063573
1.063532
1.063532
1.063532
1.063532
1.063573
1.063532
1.063532
1.063532
1.063532
1.063532
1.063532
1.063492
1.063532
1.063532
1.063532
1.063532
1.063492
1.063492
1.063532
1.063532
1.063532
1.064213
1.065535
1.065655
1.065735
1.065855
1.065936
1.066016
1.063452
1.060048
1.056644
1.053239
1.049795
1.046351
1.043987
1.042025
1.039862
1.036858
1.033855
1.030490
1.027086
1.023722
1.020277
1.016913
1.013508
1.010144
1.006740
1.003335
0.999891
0.996527
0.993122
0.989037
0.984311
0.980747
0.977262
0.973738
0.970253
0.966769
0.965928
0.965847
0.965807
0.965767
0.965767
0.965767
0.967089
0.967209
0.966048
0.965687
0.965287
0.965247
0.965287
0.965247
0.965287
0.965247
0.965247
0.965207
0.965167
0.966649
0.969012
0.970093
0.970133
0.970173
0.970133
0.970213
0.970213
0.970253
0.970253
0.970253
0.970293
0.970333
0.970373
0.970413
0.970413
0.970453
0.968050
0.966448
0.966328
0.966248
0.966208
0.966168
0.966088
0.966048
0.965968
0.965968
0.965928
0.965888
0.965888
0.964366
0.961963
0.960801
0.960721
0.960641
0.960601
0.960521
0.960481
0.960401
0.960360
0.960320
0.960240
0.960200
0.960160
0.960120
0.960120
0.960080
0.960040
0.960040
0.960040
0.960040
0.960040
0.960040
0.960040
0.960040
0.960040
0.960000
0.960000
0.960000
0.960000
0.960000
0.960000
0.960000
0.960000
0.960000
0.960000
0.960000
0.960000
0.960000
0.960000
0.960000
0.960000
0.960000
0.960000
0.960000
0.960000
0.960000
0.960000
0.960000
0.960000
0.960000
0.960000
0.960000
0.960000
0.960000
0.960000
0.960000
0.960000
0.960000
0.960000
0.960000
0.960000
0.960000
0.960000
0.960000
0.960000
0.960000
0.960000
0.960000
0.960000
0.960000
0.960000
0.960000
0.960000
0.960000
0.960000
0.960000
0.960000
0.960521
0.962603
0.962884
0.963164
0.963244
0.963284
0.963324
0.963364
0.963404
0.963404
0.963404
0.963404
0.963404
0.963404
0.963404
0.963404
0.963404
0.963404
0.963444
0.963444
0.963444
0.963444
0.963444
0.963444
0.963444
0.963444
0.963444
0.963444
0.963444
0.963444
0.962924
0.960841
0.960561
0.960280
0.960200
0.960160
0.960120
0.960080
0.960040
0.960040
0.960040
0.960040
0.960040
0.960040
0.960040
0.960040
0.960040
0.960040
0.960000
0.960000
0.960000
0.960000
0.960000
0.960000
0.960000
0.960000
0.960000
0.960000
0.960000
0.960000
0.960000
0.960000
0.960000
0.960000
0.960000
0.960000
0.960000
0.960000
0.960000
0.960000
0.960000
0.960000
0.960000
0.960000
0.960000
0.960000
0.960000
0.960000
0.960000
0.960000
0.960000
0.960000
0.960000
0.960000
0.960000
0.960000
0.960000
0.960000
0.960000
0.960000
0.960000
0.960000
0.960000
0.960000
0.960000
0.960000
0.960000
0.960000
0.960000
0.960000
0.960000
0.960000
0.960000
0.960000
0.960000
0.960000
0.960000
0.960000
0.960000
0.960000
0.960000
0.960000
0.960000
0.960000
0.960000
0.960000
0.960000
0.960000
0.960000
0.960000
0.960000
0.960000
0.960000
0.960000
0.960000
0.960000
0.960000
0.960000
0.960000
0.960000
0.960000
0.960000
0.960000
0.960000
0.960000
0.960040
0.960040
0.960040
0.960120
0.960160
0.960521
0.960561
0.960601
0.960681
0.960681
0.960721
0.960761
0.960761
0.960761
0.960761
0.960761
0.960761
0.960761
0.960761
0.960761
0.960761
0.960761
0.960761
0.960761
0.960761
0.962844
0.965847
0.967530
0.967650
0.967690
0.967690
0.967690
0.967690
0.967610
0.967570
0.967249
0.967249
0.967209
0.967129
0.967129
0.967129
0.967089
0.967129
0.967129
0.969012
0.972055
0.972897
0.972977
0.973057
0.973057
0.973057
0.973457
0.975660
0.978063
0.979305
0.977342
0.974378
0.972696
0.972576
0.972536
0.972496
0.972496
0.972496
0.972496
0.972496
0.972496
0.972456
0.972456
0.972456
0.972456
0.972416
0.972416
0.972376
0.972376
0.970493
0.967450
0.966608
0.966528
0.966448
0.966448
0.966448
0.966048
0.963845
0.961442
0.960200
0.960080
0.960040
0.960040
0.960040
0.960040
0.960040
0.960040
0.960040
0.960040
0.960040
0.960000
0.960000
0.960000
0.960000
0.960000
0.960000
0.960000
0.960000
0.960000
0.960000
0.960000
0.960000
0.960000
0.960000
0.960000
0.960000
0.961041
0.961081
0.961081
0.961081
0.961081
0.961081
0.961081
0.961081
0.961081
0.961081
0.961081
0.961081
0.961081
0.961081
0.961882
0.964886
0.967770
0.970533
0.973297
0.976021
0.978704
0.981387
0.984071
0.986714
0.989318
0.992001
0.994644
0.997248
0.999851
1.002454
1.004016
1.006540
1.009103
1.011666
1.014189
1.016713
1.019236
1.021759
1.024242
1.026765
1.029249
1.031732
1.034215
1.036698
1.038340
1.037820
1.037379
1.037099
1.036778
1.036498
1.036258
1.036017
1.035817
1.035697
1.037499
1.037860
1.037780
1.037699
1.037619
1.037499
1.037419
1.037379
1.037299
1.035617
1.033094
1.030570
1.028047
1.025524
1.023041
1.020517
1.018034
1.015551
1.013068
1.010585
1.008142
1.005658
1.003215
1.000732
0.998289
0.995846
0.993403
0.990960
0.988476
0.985953
0.981548
0.978504
0.975940
0.973417
0.970894
0.968411
0.965888
0.963364
0.960881
0.960000
0.960000
0.960000
0.960000
0.960000
0.960000
0.960000
0.960000
0.960000
0.960000
0.960000
0.960000
0.960000
0.960000
0.960000
0.960000
0.960000
0.960000
0.960000
0.960000
0.960000
0.960000
0.960000
0.960000
0.960000
0.960000
0.960000
0.960000
0.960000
0.960000
0.960000
0.960000
0.960000
0.960000
0.960000
0.960000
0.960000
0.960000
0.960000
0.960000
0.960000
0.960000
0.960000
0.960000
0.960000
0.960000
0.960000
0.960000
0.960000
0.960000
0.960000
0.960000
0.960000
0.960000
0.960000
0.960000
0.960000
0.960000
0.960000
0.960000
0.960000
0.960000
0.960000
0.960000
0.960000
0.960000
0.960000
0.960000
0.960000
0.960000
0.960000
0.960000
0.960000
0.960000
0.960000
0.960000
0.960000
0.960000
0.960000
0.960000
0.960000
0.960000
0.960000
0.960000
0.960000
0.960000
0.960000
0.960000
0.960000
0.960000
0.960000
0.960000
0.960000
0.960000
0.960000
0.960000
0.960000
0.960000
0.960000
0.960000
0.960000
0.960000
0.960000
0.960000
0.960000
0.960000
0.960000
0.960000
0.960000
0.960000
0.960000
0.960000
0.960000
0.960000
0.960000
0.960000
0.960000
0.960000
0.960000
0.960000
0.960000
0.960000
0.960000
0.960000
0.960000
0.960000
0.960000
0.960000
0.960000
0.960000
0.960000
0.960000
0.960000
0.960000
0.960000
0.960000
0.960000
0.960000
0.960000
0.960000
0.960000
0.960000
0.960000
0.960000
0.960000
0.960000
0.960000
0.960000
0.960000
0.960000
0.960000
0.960000
0.960000
0.960000
0.960000
0.960000
0.960000
0.960000
0.960040
0.960040
0.960040
0.960040
0.960040
0.960040
0.960040
0.960040
0.960040
0.960040
0.960040
0.960040
0.960040
0.960040
0.960040
0.960040
0.960040
0.960040
0.962443
0.965767
0.969292
0.972816
0.976301
0.979825
0.982228
0.982429
0.982509
0.982549
0.982589
0.982589
0.982549
0.982589
0.982629
0.982629
0.982669
0.982709
0.982709
0.982709
0.982709
0.982749
0.982749
0.982749
0.982749
0.982749
0.982749
0.982749
0.982749
0.982749
0.980346
0.977022
0.973497
0.969973
0.966488
0.962964
0.960561
0.960360
0.960280
0.960240
0.960200
0.960200
0.960200
0.960160
0.960120
0.960120
0.960080
0.960040
0.960040
0.960040
0.960040
0.960000
0.960000
0.960000
0.960000
0.960000
0.960000
0.960000
0.960000
0.960000
0.960000
0.960000
0.960000
0.960000
0.960000
0.960000
0.960000
0.960000
0.960000
0.960000
0.960000
0.960000
0.960000
0.960000
0.960000
0.960000
0.960040
0.960040
0.960040
0.960040
0.960040
0.960040
0.960040
0.960080
0.960120
0.960120
0.960120
0.960120
0.960120
0.960120
0.960120
0.960120
0.960120
0.960120
0.960120
0.960120
0.960120
0.960120
0.960120
0.960120
0.960120
0.960120
0.960120
0.960120
0.960120
0.960160
0.960120
0.960120
0.960120
0.960120
0.960120
0.960120
0.960120
0.960080
0.960040
0.960040
0.960040
0.960040
0.960040
0.960040
0.960040
0.960040
0.960040
0.960040
0.960040
0.960040
0.960040
0.960040
0.960040
0.960040
0.960040
0.960040
0.960040
0.960040
0.960040
0.960000
0.960000
0.960000
0.960000
0.960000
0.960000
0.960000
0.960000
0.960000
0.960000
0.960000
0.960000
0.960000
0.960000
0.960000
0.960000
0.960000
0.960000
0.960000
0.960000
0.960000
0.960000
0.960000
0.960000
0.960000
0.960000
0.960000
0.960000
0.960000
0.960000
0.960000
0.960040
0.960040
0.960040
0.960040
0.960040
0.960040
0.960040
0.960040
0.960040
0.960040
0.960040
0.960040
0.960040
0.960040
0.960040
0.960040
0.960040
0.960040
0.960040
0.960040
0.960040
0.960040
0.960040
0.960040
0.960040
0.960040
0.960040
0.960040
0.960040
0.960040
0.960000
0.960000
0.960000
0.960000
0.960000
0.960000
0.960000
0.960000
0.960000
0.960000
0.960000
0.960000
0.960000
0.960000
0.960000
0.960000
0.960000
0.960000
0.960000
0.960000
0.960000
0.960000
0.960000
0.960000
0.960000
0.960000
0.960000
0.960000
0.960000
0.960000
0.960000
0.960000
0.960000
0.960000
0.960000
0.960000
0.960000
0.960000
0.960000
0.960000
0.960000
0.960000
0.960000
0.960000
0.960000
0.960000
0.960000
0.960000
0.960000
0.960000
0.960000
0.960000
0.960000
0.960000
0.960000
0.960000
0.960000
0.960000
0.960000
0.960000
0.960000
0.960000
0.960000
0.960000
0.960000
0.960000
0.960000
0.960000
0.960000
0.960000
0.960240
0.961562
0.962844
0.963885
0.964045
0.964085
0.964165
0.964165
0.964245
0.964245
0.964285
0.964326
0.964326
0.964326
0.964326
0.964326
0.964326
0.964326
0.964366
0.966608
0.966769
0.966809
0.966889
0.966969
0.967049
0.967089
0.967129
0.967129
0.967129
0.967169
0.966969
0.965647
0.964366
0.963324
0.963164
0.963124
0.963044
0.963044
0.962964
0.962964
0.962924
0.962884
0.962884
0.962884
0.962884
0.962884
0.962884
0.962884
0.962844
0.960601
0.960441
0.960401
0.960320
0.960240
0.960160
0.960120
0.960080
0.960080
0.960080
0.960040
0.960000
0.960000
0.960000
0.960000
0.960000
0.960000
0.960000
0.960000
0.960000
0.960000
0.960000
0.960000
0.960000
0.960000
0.960000
0.960000
0.960000
0.960000
0.960000
0.960000
0.960000
0.960000
0.960000
0.960000
0.960000
0.960000
0.960000
0.960000
0.960000
0.960000
0.960000
0.960000
0.960000
0.960000
0.960000
0.960000
0.960000
0.960000
0.960000
0.960000
0.960000
0.960000
0.960000
0.960000
0.960000
0.960000
0.960000
0.960000
0.960000
0.960000
0.960000
0.960000
0.960000
0.960000
0.960000
0.960000
0.960000
0.960000
0.960000
0.960000
0.960000
0.960000
0.960000
0.960000
0.960000
0.960000
0.960000
0.960000
0.960000
0.960000
0.960000
0.960000
0.960000
0.960000
0.960000
0.960000
0.960000
0.960000
0.960000
0.960000
0.960000
0.960000
0.960000
0.960000
0.960000
0.960000
0.960000
0.960000
0.960000
0.960000
0.960000
0.960000
0.960000
0.960000
0.960000
0.960000
0.960000
0.960000
0.960000
0.960000
0.960000
0.960000
0.960000
0.960000
0.960000
0.960000
0.960000
0.960000
0.960000
0.960000
0.960000
0.960000
0.960000
0.960000
0.960000
0.960000
0.960000
0.960000
0.960000
0.960000
0.960000
0.960000
0.960000
0.960000
0.960000
0.960000
0.960000
0.960000
0.960000
0.960000
0.960000
0.960000
0.960000
0.960000
0.960000
0.960000
0.960000
0.960000
0.960000
0.960000
0.960000
0.960000
0.960000
0.960000
0.960000
0.960000
0.960000
0.960000
0.960000
0.960000
0.960000
0.960000
0.960000
0.960000
0.960000
0.960000
0.960000
0.960000
0.960000
0.960000
0.960000
0.960000
0.960000
0.960000
0.960000
0.960000
0.960000
0.960000
0.960000
0.960000
0.960000
0.960000
0.960000
0.960000
0.960000
0.960000
0.960000
0.960000
0.960000
0.960000
0.960000
0.960000
0.960000
0.960000
0.960000
0.960000
0.960000
0.960000
0.960000
0.960000
0.960000
0.960000
0.960000
0.960000
0.960000
0.960000
0.960000
0.960000
0.960000
0.960000
0.960000
0.960000
0.960000
0.960000
0.960000
0.960000
0.960000
0.960000
0.960000
0.960000
0.960000
0.960000
0.960000
0.960000
0.960000
0.960000
0.960000
0.960000
0.960000
0.960000
0.960000
0.960000
0.960000
0.960000
0.960000
0.960000
0.960000
0.960000
0.960000
0.960000
0.960000
0.960000
0.960000
0.960000
0.960000
0.960000
0.960000
0.960000
0.960000
0.960000
0.960000
0.960000
0.960000
0.960000
0.960000
0.960000
0.960000
0.960000
0.960000
0.960000
0.960000
0.960000
0.960000
0.960000
0.960000
0.960000
0.960000
0.960000
0.960040
0.960040
0.960040
0.960040
0.960040
0.960040
0.960040
0.960040
0.960040
0.960040
0.960040
0.960040
0.960040
0.960040
0.960040
0.960040
0.960040
0.960040
0.960040
0.960040
0.960040
0.960040
0.960040
0.960040
0.960040
0.960040
0.960040
0.960040
0.960040
0.960040
0.960000
0.960000
0.960000
0.960000
0.960000
0.960000
0.960000
0.960000
0.960000
0.960000
0.960000
0.960000
0.960000
0.960000
0.960000
0.960000
0.960000
0.960000
0.960000
0.960000
0.960000
0.960000
0.960000
0.960000
0.960000
0.960000
0.960000
0.960000
0.960000
0.960000
0.960000
0.960000
0.960000
0.960000
0.960000
0.960000
0.960000
0.960000
0.960000
0.960000
0.960000
0.960000
0.960000
0.960000
0.960000
0.960000
0.960000
0.960000
0.960000
0.960000
0.960000
0.960000
0.960000
0.960000
0.960000
0.960000
0.960000
0.960000
0.960000
0.960000
0.960000
0.960000
0.960000
0.960000
0.960000
0.960000
0.960000
0.960000
0.960000
0.960000
0.960000
0.960000
0.960000
0.960000
0.960000
0.960000
0.960000
0.960040
0.960040
0.960040
0.960040
0.960040
0.960040
0.960040
0.960040
0.960040
0.960040
0.960040
0.960040
0.960040
0.960040
0.960040
0.960040
0.960040
0.960040
0.960040
0.960040
0.960040
0.960040
0.960040
0.960040
0.960040
0.960040
0.960040
0.960040
0.960040
0.960040
0.960000
0.960000
0.960000
0.960000
0.960000
0.960000
0.960000
0.960000
0.960000
0.960000
0.960000
0.960000
0.960000
0.960000
0.960000
0.960000
0.960000
0.960000
0.960000
0.960000
0.960000
0.960000
0.960000
0.960000
0.960000
0.960000
0.960000
0.960000
0.960000
0.960000
0.960000
0.960000
0.960000
0.960000
0.960000
0.960000
0.960000
0.960000
0.960000
0.960000
0.960000
0.960000
0.960000
0.961121
0.962043
0.962123
0.962163
0.962243
0.962243
0.980466
1.000492
1.020557
1.040623
1.060689
1.080755
1.100820
1.120886
1.140952
1.161057
1.181163
1.201229
1.221294
1.241400
1.261426
1.281531
1.301597
1.321663
1.341729
1.361794
1.381860
1.401886
1.421911
1.441977
1.462042
1.491600
1.517273
1.543026
1.568739
1.594572
1.602142
1.607909
1.613596
1.619284
1.624971
1.630658
1.636346
1.642073
1.647720
1.653327
1.658975
1.664662
1.670309
1.676036
1.681764
1.687531
1.693258
1.699066
1.704873
1.709679
1.689654
1.669668
1.649723
1.629697
1.608550
1.578111
1.552358
1.526565
1.500772
1.474939
1.449146
1.423353
1.397600
1.371847
1.346094
1.320341
1.294588
1.268795
1.243082
1.217369
1.191616
1.165863
1.140191
1.116080
1.090687
1.064894
1.039141
1.013348
0.987515
0.962723
0.962723
0.962764
0.962723
0.962723
0.962764
0.962764
0.962804
0.962804
0.962844
0.962884
0.962884
0.962884
0.962884
0.962884
0.962884
0.962884
0.962884
0.962884
0.962884
0.962884
0.962884
0.962884
0.962844
0.961121
0.960761
0.960681
0.960641
0.960561
0.960521
0.960441
0.960401
0.960320
0.960280
0.960240
0.960160
0.960120
0.960080
0.960080
0.960040
0.960000
0.960000
0.960000
0.960040
0.960040
0.960040
0.960040
0.960040
0.960040
0.960040
0.960040
0.960040
0.960040
0.960040
0.960040
0.960040
0.960040
0.960040
0.960040
0.960040
0.960040
0.960040
0.960040
0.960040
0.960040
0.960040
0.960040
0.960040
0.960040
0.960040
0.960040
0.960040
0.960040
0.960000
0.960000
0.960000
0.960000
0.960000
0.960000
0.960000
0.960000
0.960000
0.960000
0.960000
0.960000
0.960000
0.960000
0.960000
0.960000
0.960000
0.960000
0.960000
0.960000
0.960000
0.960000
0.960000
0.960000
0.960000
0.960000
0.960000
0.960000
0.960000
0.960000
0.960000
0.960040
0.960080
0.960120
0.960160
0.960160
0.960160
0.960160
0.960160
0.960160
0.960160
0.960160
0.960160
0.960160
0.960160
0.960160
0.960200
0.960200
0.960200
0.960200
0.960200
0.960200
0.960200
0.960200
0.960200
0.960200
0.960200
0.960200
0.960200
0.960200
0.960200
0.960160
0.960120
0.960080
0.960040
0.960040
0.960040
0.960040
0.960040
0.960040
0.960040
0.960040
0.960040
0.960040
0.960040
0.960040
0.960000
0.960000
0.960000
0.960000
0.960000
0.960000
0.960000
0.960000
0.960000
0.960000
0.960000
0.960000
0.960000
0.960000
0.960000
0.960000
0.960000
0.960000
0.960000
0.960000
0.960000
0.960000
0.960000
0.960000
0.960000
0.960000
0.960000
0.960000
0.960000
0.960000
0.960000
0.960000
0.960000
0.960000
0.960000
0.960000
0.960000
0.960000
0.960000
0.960000
0.960000
0.960000
0.960000
0.960040
0.960040
0.960080
0.960080
0.960080
0.960080
0.960080
0.960080
0.960080
0.960080
0.960080
0.960080
0.960080
0.960080
0.960080
0.960080
0.960080
0.960080
0.960080
0.960080
0.960080
0.960080
0.960080
0.960080
0.960080
0.960080
0.960080
0.960080
0.960080
0.960080
0.960040
0.960040
0.960000
0.960000
0.960000
0.960000
0.960000
0.960000
0.960000
0.960000
0.960000
0.960000
0.960000
0.960000
0.960000
0.960000
0.960000
0.960000
0.960000
0.960000
0.960000
0.960000
0.960000
0.960000
0.960000
0.960000
0.960000
0.960000
0.960000
0.960000
0.960000
0.960000
0.960000
0.960000
0.960000
0.960000
0.960000
0.960000
0.960000
0.960000
0.960000
0.960000
0.960000
0.960000
0.960000
0.960000
0.960000
0.960000
0.960521
0.962043
0.962163
0.962203
0.962243
0.962243
0.962243
0.962243
0.962243
0.962243
0.962283
0.962323
0.962323
0.962363
0.962403
0.962403
0.962403
0.962403
0.962403
0.962403
0.962403
0.962403
0.962403
0.962403
0.962403
0.962403
0.962403
0.962403
0.962403
0.962403
0.961882
0.960360
0.960240
0.960200
0.960160
0.960160
0.960160
0.960160
0.960160
0.960160
0.960120
0.960080
0.960080
0.960040
0.960000
0.960000
0.960000
0.960000
0.960000
0.960000
0.960000
0.960000
0.960000
0.960000
0.960000
0.960000
0.960000
0.960000
0.960000
0.960000
0.960000
0.960000
0.960000
0.960000
0.960000
0.960000
0.960000
0.960000
0.960000
0.960000
0.960000
0.960000
0.960000
0.960000
0.960000
0.960000
0.960000
0.960000
0.960000
0.960000
0.960000
0.960000
0.960000
0.960000
0.960000
0.960000
0.960000
0.960000
0.960000
0.960000
0.960000
0.960000
0.960000
0.960000
0.960000
0.960000
0.960000
0.960000
0.960000
0.960000
0.960000
0.960000
0.960000
0.960000
0.960000
0.960000
0.960000
0.960000
0.960000
0.960000
0.960000
0.960000
0.960000
0.960000
0.960000
0.960000
0.960000
0.960000
0.960000
0.960000
0.960000
0.960000
0.960000
0.960000
0.960000
0.960000
0.960000
0.960000
0.960000
0.960000
0.960000
0.960000
0.960000
0.960000
0.960000
0.960000
0.960000
0.960000
0.960000
0.960000
0.960000
0.960000
0.960000
0.960000
0.960000
0.960000
0.960000
0.960000
0.960000
0.960000
0.960000
0.960000
0.960000
0.960000
0.960000
0.960000
0.960000
0.960000
0.960000
0.960000
0.960000
0.960000
0.960000
0.960000
0.960000
0.960000
0.960000
0.960000
0.960000
0.960000
0.960000
0.960000
0.960000
0.960000
0.960000
0.960000
0.960000
0.960000
0.960000
0.960000
0.960000
0.960040
0.960040
0.960040
0.960040
0.960040
0.960040
0.960040
0.960040
0.960040
0.960040
0.960040
0.960040
0.960040
0.960040
0.960040
0.960040
0.960040
0.960040
0.960040
0.960040
0.960040
0.960040
0.960040
0.960040
0.960040
0.960040
0.960040
0.960040
0.960040
0.960040
0.960000
0.960000
0.960000
0.960000
0.960000
0.960000
0.960000
0.960000
0.960000
0.960000
0.960000
0.960000
0.960000
0.960000
0.960000
0.960000
0.960000
0.960000
0.960000
0.960000
0.960000
0.960000
0.960000
0.960000
0.960040
0.960040
0.960040
0.960040
0.960040
0.960040
0.960040
0.960040
0.960040
0.960040
0.960040
0.960040
0.960040
0.960040
0.960040
0.960040
0.960040
0.960040
0.960040
0.960040
0.960040
0.960040
0.960040
0.960040
0.960040
0.960040
0.960040
0.960040
0.960040
0.960040
0.960000
0.960000
0.960000
0.960000
0.960000
0.960000
0.960000
0.960000
0.960000
0.960000
0.960000
0.960000
0.960000
0.960000
0.960000
0.960000
0.960000
0.960000
0.960000
0.960000
0.960000
0.960000
0.960000
0.960000
0.960000
0.960000
0.960000
0.960000
0.960000
0.960000
0.960000
0.960000
0.960000
0.960000
0.960000
0.960000
0.960000
0.960000
0.960000
0.960000
0.960000
0.960000
0.960000
0.960000
0.960000
0.960000
0.960000
0.960000
0.960000
0.960000
0.960000
0.960000
0.960000
0.960000
0.960000
0.960000
0.960000
0.960000
0.960000
0.960000
0.960000
0.960000
0.960000
0.960000
0.960000
0.960000
0.960000
0.960000
0.960000
0.960000
0.960000
0.960000
0.960000
0.960000
0.960000
0.960000
0.960000
0.960000
0.960000
0.960000
0.960000
0.960000
0.960000
0.960000
0.960000
0.960000
0.960000
0.960000
0.960000
0.960000
0.960000
0.960000
0.960000
0.960000
0.960000
0.960000
0.960000
0.960000
0.960000
0.960000
0.960000
0.960000
0.960000
0.960000
0.960000
0.960000
0.960000
0.960000
0.960000
0.960000
0.960000
0.960040
0.960040
0.960040
0.960040
0.960040
0.960040
0.960040
0.960040
0.960040
0.960040
0.960040
0.960040
0.960080
0.960080
0.962123
0.965247
0.968491
0.971775
0.975019
0.978263
0.981508
0.984752
0.987996
0.988997
0.989117
0.989157
0.989197
0.989277
0.989318
0.989318
0.989318
0.989358
0.989398
0.989438
0.989438
0.989438
0.989438
0.989478
0.989478
0.989518
0.989518
0.989518
0.989478
0.989478
0.987435
0.984311
0.981067
0.977783
0.974539
0.971294
0.968050
0.964806
0.961562
0.960561
0.960481
0.960441
0.960401
0.960320
0.960280
0.960280
0.960240
0.960200
0.960160
0.960120
0.960120
0.960120
0.960120
0.960080
0.960080
0.960040
0.960040
0.960040
0.960040
0.960040
0.960040
0.960040
0.960040
0.960040
0.960040
0.960040
0.960040
0.960040
0.960080
0.960080
0.960040
0.960040
0.960040
0.960040
0.960040
0.960040
0.960040
0.960040
0.960040
0.960040
0.960040
0.960040
0.960040
0.960040
0.960040
0.960040
0.960040
0.960040
0.960040
0.960040
0.960040
0.960040
0.960040
0.960040
0.960040
0.960040
0.960040
0.960040
0.960000
0.960000
0.960000
0.960000
0.960000
0.960000
0.960000
0.960000
0.960000
0.960000
0.960000
0.960000
0.960000
0.960000
0.960000
0.960000
0.960000
0.960000
0.960000
0.960000
0.960000
0.960000
0.960000
0.960000
0.960000
0.960000
0.960000
0.960000
0.960000
0.960000
0.960000
0.960000
0.960000
0.960000
0.960000
0.960000
0.960000
0.960000
0.960000
0.960000
0.960000
0.960000
0.960000
0.960000
0.960000
0.960000
0.960000
0.960000
0.960160
0.961922
0.962563
0.962643
0.962723
0.962723
0.962804
0.962884
0.962884
0.962964
0.962964
0.963004
0.963044
0.963084
0.964606
0.965807
0.965928
0.966008
0.967650
0.968691
0.968811
0.968851
0.968931
0.968971
0.968971
0.968971
0.968971
0.968971
0.969012
0.969052
0.968891
0.967169
0.966568
0.966488
0.966408
0.967089
0.967770
0.968010
0.968491
0.968531
0.968571
0.968571
0.968571
0.968571
0.967089
0.965888
0.965767
0.965687
0.964045
0.963044
0.962924
0.962924
0.962844
0.962844
0.962844
0.962844
0.962844
0.962844
0.962804
0.962764
0.962764
0.962723
0.962683
0.962683
0.962683
0.962003
0.961242
0.960921
0.960441
0.960320
0.960280
0.960240
0.960200
0.960160
0.960120
0.960120
0.960120
0.960120
0.960120
0.960080
0.960080
0.960040
0.960040
0.960000
0.960000
0.960000
0.960000
0.960000
0.960000
0.960000
0.960000
0.960000
0.960000
0.960000
0.960000
0.960000
0.960000
0.960000
0.960000
0.960000
0.960000
0.960000
0.960040
0.960040
0.960040
0.960040
0.962203
0.962363
0.962363
0.962363
0.962483
0.962523
0.962523
0.962523
0.962523
0.962523
0.962523
0.962523
0.962523
0.962523
0.962563
0.962603
0.962603
0.962643
0.962643
0.962643
0.962643
0.962643
0.962643
0.962643
0.962643
0.962643
0.962603
0.962603
0.962603
0.962603
0.960441
0.960280
0.960280
0.960280
0.960160
0.960120
0.960120
0.960120
0.960120
0.960120
0.960120
0.960120
0.960120
0.960120
0.960080
0.960040
0.960040
0.960000
0.960000
0.960000
0.960000
0.960000
0.960000
0.960000
0.960000
0.960000
0.960000
0.960000
0.960000
0.960000
0.960000
0.960000
0.960000
0.960000
0.960000
0.960000
0.960000
0.960000
0.960000
0.960000
0.960000
0.960000
0.960000
0.960000
0.960000
0.960000
0.960000
0.960000
0.960000
0.960000
0.960000
0.960040
0.960040
0.960040
0.960040
0.960040
0.960040
0.960040
0.960040
0.960040
0.960040
0.960040
0.960040
0.960040
0.960040
0.960040
0.960040
0.960040
0.960040
0.960040
0.960040
0.960040
0.960040
0.960040
0.960040
0.960040
0.960040
0.960040
0.960040
0.960040
0.960040
0.960000
0.960000
0.960000
0.960000
0.960000
0.960000
0.960000
0.960000
0.960000
0.960000
0.960000
0.960000
0.960000
0.960000
0.960000
0.960000
0.960000
0.960000
0.960000
0.960000
0.960000
0.960000
0.960000
0.960000
0.960000
0.960000
0.960000
0.960000
0.960000
0.960000
0.960000
0.960000
0.960000
0.960000
0.960000
0.960000
0.960000
0.960000
0.960000
0.960000
0.960000
0.960000
0.960000
0.960000
0.960000
0.960000
0.960000
0.960000
0.960000
0.960000
0.960000
0.960000
0.960000
0.960000
0.960000
0.960000
0.960000
0.960000
0.960000
0.960000
0.960000
0.960000
0.960000
0.960000
0.960000
0.960000
0.960000
0.960000
0.960000
0.960000
0.960000
0.960000
0.960000
0.960000
0.960000
0.960000
0.960000
0.960000
0.960000
0.960000
0.960000
0.960000
0.960000
0.960000
0.960000
0.960000
0.960000
0.960000
0.960040
0.960040
0.960040
0.960040
0.960040
0.960040
0.960040
0.960040
0.960040
0.960040
0.960040
0.960040
0.960040
0.960040
0.960040
0.960040
0.960040
0.960040
0.960040
0.960040
0.960040
0.960040
0.960040
0.960040
0.960040
0.960040
0.960040
0.960040
0.960040
0.960040
0.960000
0.960000
0.960000
0.960000
0.960000
0.960000
0.960000
0.960000
0.960000
0.960000
0.960000
0.960000
0.960000
0.960000
0.960000
0.960000
0.960000
0.960000
0.960000
0.960000
0.960000
0.960000
0.960000
0.960000
0.960000
0.960040
0.961362
0.962003
0.962083
0.962123
0.962163
0.962203
0.962203
0.962243
0.962323
0.962363
0.962363
0.962363
0.962363
0.962363
0.962363
0.962363
0.962363
0.962363
0.962363
0.962363
0.962363
0.962363
0.962363
0.962363
0.962363
0.962363
0.962363
0.962363
0.962363
0.962323
0.961001
0.960360
0.960280
0.960240
0.960200
0.960160
0.960160
0.960120
0.960040
0.960000
0.960000
0.960000
0.960000
0.960000
0.960000
0.960000
0.960000
0.960000
0.960000
0.960000
0.960000
0.960000
0.960000
0.960000
0.960000
0.960000
0.960000
0.960000
0.960000
0.960000
0.960000
0.960000
0.960000
0.960000
0.960000
0.960000
0.960000
0.960000
0.960000
0.960000
0.960000
0.960000
0.964045
0.967530
0.971014
0.974499
0.977983
0.981467
0.984952
0.988436
0.991921
0.995405
0.998890
1.002374
1.005859
1.009343
1.012828
1.016312
1.019756
1.023241
1.026685
1.030170
1.033654
1.037099
1.040583
1.044028
1.047472
1.050956
1.054401
1.057845
1.061330
1.064774
1.064213
1.064173
1.064133
1.064133
1.064093
1.064093
1.064053
1.064013
1.064013
1.063973
1.063933
1.063933
1.063893
1.063853
1.063813
1.063733
1.063773
1.063733
1.063733
1.063693
1.063653
1.063653
1.063613
1.063613
1.063613
1.063573
1.063573
1.063573
1.063532
1.063532
1.063492
1.063492
1.063492
1.063452
1.063452
1.063412
1.063412
1.063412
1.063372
1.063372
1.063372
1.063372
1.063372
1.063372
1.063372
1.063412
1.063372
1.063412
1.063412
1.063412
1.063412
1.063412
1.063412
1.063412
1.063452
1.063412
1.063412
1.063412
1.063412
1.063412
1.063412
1.063412
1.063412
1.063412
1.063412
1.063412
1.063452
1.063452
1.063452
1.063452
1.063452
1.063412
1.063412
1.063412
1.063412
1.063412
1.063412
1.063372
1.063372
1.063372
1.063372
1.063372
1.063372
1.063372
1.063292
1.063332
1.063332
1.063332
1.073305
1.094012
1.092690
1.089245
1.085801
1.082357
1.078912
1.075468
1.071983
1.068579
1.065135
1.061690
1.058246
1.054801
1.051357
1.047913
1.044468
1.041024
1.037579
1.034135
1.030690
1.027246
1.023802
1.020357
1.016913
1.013468
1.010064
1.006620
1.003175
0.999731
0.986314
0.962163
0.960040
0.960040
0.960040
0.960040
0.960080
0.960080
0.960080
0.960040
0.960040
0.960040
0.960040
0.960040
0.960040
0.960040
0.960040
0.960040
0.960040
0.960040
0.960040
0.960040
0.960040
0.960040
0.960040
0.960040
0.960040
0.960040
0.960040
0.960040
0.960040
0.960040
0.960040
0.960040
0.960040
0.960040
0.960000
0.960000
0.960000
0.960000
0.960000
0.960000
0.960000
0.960000
0.960000
0.960000
0.960000
0.960000
0.960000
0.960000
0.960000
0.960000
0.960000
0.960000
0.960000
0.960040
0.960040
0.960040
0.960040
0.960040
0.960040
0.960040
0.960040
0.960040
0.960040
0.960040
0.960040
0.960040
0.960040
0.960040
0.960040
0.960040
0.960040
0.960080
0.960120
0.960120
0.960160
0.960160
0.960160
0.960160
0.960160
0.960160
0.960160
0.960160
0.960160
0.960120
0.960120
0.960120
0.960120
0.960120
0.960120
0.960120
0.960120
0.961802
0.962243
0.962403
0.962523
0.962603
0.962683
0.962764
0.962844
0.962884
0.962924
0.962964
0.962924
0.962964
0.962964
0.963004
0.963004
0.963044
0.963044
0.963044
0.963044
0.963044
0.963044
0.963044
0.963044
0.963044
0.963044
0.963044
0.963044
0.963044
0.963044
0.961362
0.960921
0.960761
0.960641
0.960561
0.960481
0.960401
0.960320
0.960280
0.960240
0.960160
0.960160
0.960120
0.960080
0.960040
0.960040
0.960000
0.960000
0.960000
0.960000
0.960000
0.960000
0.960000
0.960000
0.960000
0.960000
0.960000
0.960000
0.960000
0.960000
0.960000
0.960000
0.960000
0.960000
0.960000
0.960000
0.960000
0.960000
0.960000
0.960000
0.960000
0.960000
0.960000
0.984111
1.012107
1.040022
1.067938
1.095814
1.123850
1.151846
1.179841
1.207917
1.235913
1.263869
1.291785
1.319660
1.347656
1.375812
1.405250
1.434407
1.463564
1.492602
1.521679
1.550876
1.579993
1.609071
1.638148
1.667265
1.696422
1.725580
1.754697
1.783894
1.813012
1.817978
1.819099
1.820341
1.821503
1.823345
1.828111
1.831115
1.834119
1.837042
1.840247
1.843411
1.846535
1.849739
1.852903
1.855826
1.857549
1.859311
1.861233
1.863476
1.865759
1.864317
1.861514
1.858710
1.855907
1.853023
1.850139
1.847336
1.844612
1.841768
1.838965
1.836281
1.833518
1.830674
1.827871
1.824546
1.818058
1.813372
1.808526
1.803880
1.799034
1.794308
1.789582
1.784856
1.780090
1.775884
1.774002
1.771238
1.768274
1.765190
1.761986
1.762467
1.764389
1.766312
1.768274
1.770277
1.772239
1.774082
1.775964
1.778728
1.783133
1.787098
1.789141
1.791104
1.793146
1.795509
1.794908
1.793707
1.792706
1.791464
1.790263
1.788981
1.787819
1.786578
1.785336
1.783574
1.779449
1.776445
1.773441
1.770357
1.767313
1.764189
1.761065
1.757981
1.754897
1.751773
1.748649
1.745565
1.742441
1.738396
1.732268
1.701950
1.673593
1.645357
1.617081
1.588364
1.562651
1.537539
1.512387
1.487275
1.462123
1.437010
1.411858
1.386746
1.361594
1.336482
1.311330
1.286177
1.261065
1.235953
1.210841
1.185729
1.160617
1.135505
1.110352
1.085240
1.060128
1.035016
1.009864
0.984792
0.960200
0.960160
0.960120
0.960080
0.960040
0.960000
0.960000
0.960000
0.960000
0.960000
0.960000
0.960000
0.960000
0.960000
0.960000
0.960000
0.960000
0.960000
0.960000
0.960000
0.960000
0.960000
0.960000
0.960000
0.960000
0.960000
0.960000
0.960000
0.960000
0.960000
0.960000
0.960000
0.960000
0.960000
0.960000
0.960000
0.960000
0.960000
0.960000
0.960000
0.960000
0.960000
0.960000
0.960000
0.960000
0.960000
0.960000
0.960000
0.960000
0.960000
0.960000
0.960000
0.960000
0.960000
0.960000
0.960000
0.960000
0.960000
0.960000
0.960000
0.960000
0.960000
0.960000
0.960000
0.960000
0.960000
0.960000
0.960000
0.960000
0.960000
0.960000
0.960000
0.960000
0.960000
0.960000
0.960000
0.960000
0.960000
0.960000
0.960000
0.960000
0.960000
0.960000
0.960000
0.960000
0.960000
0.960000
0.960000
0.960000
0.960000
0.960000
0.960000
0.960000
0.960000
0.960000
0.960000
0.960000
0.960000
0.960000
0.960000
0.960000
0.960000
0.960000
0.960000
0.960000
0.960000
0.960000
0.960000
0.960000
0.960000
0.960000
0.960000
0.960000
0.960000
0.960000
0.960000
0.960000
0.960000
0.960000
0.960000
0.960000
0.960000
0.960000
0.960000
0.960000
0.960000
0.960000
0.960000
0.960000
0.960000
0.960000
0.960000
0.960040
0.960040
0.960040
0.960040
0.960080
0.960080
0.960080
0.960080
0.960080
0.960080
0.960080
0.960080
0.960080
0.960080
0.960080
0.960080
0.960080
0.960080
0.960080
0.960080
0.960080
0.960080
0.960080
0.960080
0.960080
0.960080
0.960080
0.960080
0.960080
0.960080
0.960040
0.960040
0.960040
0.960040
0.960000
0.960000
0.960000
0.960000
0.960000
0.960000
0.960000
0.960000
0.960000
0.960000
0.960000
0.960000
0.960000
0.960000
0.960000
0.960000
0.960000
0.960000
0.960000
0.960000
0.960000
0.960000
0.960000
0.960000
0.960000
0.960000
0.960000
0.960000
0.960000
0.960000
0.962123
0.962283
0.962363
0.962443
0.962483
0.962563
0.962643
0.962683
0.962723
0.962723
0.962723
0.962723
0.962723
0.962723
0.962764
0.962764
0.962764
0.962764
0.962764
0.962764
0.962764
0.962764
0.962764
0.962764
0.962764
0.962764
0.962764
0.962764
0.962764
0.962764
0.960641
0.960481
0.960401
0.960320
0.960280
0.960200
0.960120
0.960080
0.960040
0.960040
0.960040
0.960040
0.960040
0.960040
0.960000
0.960000
0.960000
0.960000
0.960000
0.960000
0.960000
0.960000
0.960000
0.960000
0.960000
0.960000
0.960000
0.960000
0.960000
0.960000
0.960000
0.960000
0.960000
0.960000
0.960000
0.960000
0.960000
0.960000
0.960000
0.960000
0.960000
0.960000
0.960000
0.960000
0.960000
0.960000
0.960000
0.960000
0.960000
0.960000
0.960000
0.960000
0.960000
0.960000
0.960000
0.960000
0.960000
0.960000
0.960000
0.960000
0.960000
0.960000
0.960000
0.960000
0.960000
0.960000
0.960000
0.960000
0.960000
0.960000
0.960000
0.960000
0.960000
0.960000
0.960000
0.960000
0.960000
0.960040
0.960040
0.960040
0.960040
0.960040
0.960040
0.960040
0.960040
0.960040
0.960040
0.960040
0.960040
0.960040
0.960040
0.960040
0.960040
0.960040
0.960040
0.960040
0.960040
0.960040
0.960040
0.960040
0.960040
0.960040
0.960040
0.960040
0.960040
0.960040
0.960040
0.960000
0.960000
0.960000
0.960000
0.960000
0.960000
0.960000
0.960000
0.960000
0.960000
0.960000
0.960000
0.960000
0.960000
0.960000
0.960000
0.960000
0.960000
0.960000
0.960000
0.960000
0.960000
0.960000
0.960000
0.960000
0.960000
0.960000
0.960000
0.960000
0.960000
0.961442
0.963805
0.966208
0.968691
0.971134
0.971695
0.971815
0.971855
0.971935
0.971975
0.972055
0.972095
0.972095
0.972136
0.972176
0.972176
0.972216
0.972256
0.972256
0.972256
0.972256
0.972256
0.972256
0.972296
0.972296
0.972296
0.972296
0.972296
0.972296
0.972296
0.970854
0.968491
0.966088
0.963605
0.961161
0.960601
0.960481
0.960441
0.960360
0.960320
0.960240
0.960200
0.960200
0.960160
0.960120
0.960120
0.960080
0.960040
0.960040
0.960040
0.960040
0.960040
0.960040
0.960000
0.960000
0.960000
0.960000
0.960000
0.960000
0.960000
0.960000
0.960000
0.960000
0.960000
0.960000
0.960000
0.960000
0.960000
0.960000
0.960000
0.960000
0.960000
0.960000
0.960040
0.960360
0.960401
0.960481
0.960521
0.960561
0.960601
0.960641
0.960681
0.960681
0.960681
0.960681
0.960681
0.960721
0.960721
0.960721
0.960721
0.960721
0.960721
0.960721
0.960721
0.960721
0.960721
0.960721
0.960721
0.960721
0.960721
0.960721
0.960721
0.960721
0.960681
0.960360
0.960320
0.960240
0.960200
0.960160
0.960120
0.960080
0.960040
0.960521
0.960721
0.960801
0.960841
0.960881
0.960921
0.960921
0.960961
0.961001
0.961001
0.961001
0.961041
0.961041
0.961041
0.961041
0.961041
0.961041
0.961041
0.961041
0.961041
0.961041
0.961041
0.961041
0.961041
0.961081
0.961081
0.961081
0.961081
0.961121
0.961121
0.960641
0.960441
0.960360
0.960320
0.960240
0.960200
0.960200
0.960160
0.960120
0.960120
0.960120
0.960080
0.960080
0.961842
0.962003
0.962083
0.962203
0.962283
0.962363
0.962443
0.962483
0.962563
0.962603
0.962683
0.963244
0.964926
0.965046
0.966448
0.979625
0.987235
0.993122
0.998850
1.004577
1.010264
1.015912
1.021559
1.027206
1.032853
1.038460
1.044108
1.049715
1.055322
1.060929
1.064734
1.070141
1.075628
1.081075
1.086562
1.092049
1.097496
1.103063
1.110352
1.116160
1.121727
1.126693
1.130618
1.136105
1.140271
1.132621
1.130578
1.130258
1.130098
1.129937
1.129817
1.129697
1.129577
1.129457
1.129337
1.129257
1.129096
1.129016
1.128896
1.128776
1.128696
1.128616
1.128496
1.128416
1.128295
1.128215
1.128175
1.128015
1.126133
1.125732
1.125572
1.125452
1.125332
1.125171
1.125091
1.124971
1.124891
1.124771
1.124651
1.124571
1.124491
1.124410
1.124370
1.124290
1.124250
1.124170
1.124170
1.124090
1.124050
1.124010
1.123970
1.123930
1.123730
1.118243
1.112796
1.107309
1.101821
1.096375
1.090888
1.085441
1.079954
1.074507
1.069020
1.063573
1.058086
1.052639
1.047152
1.041705
1.036258
1.030851
1.025444
1.020077
1.014670
1.009263
1.003856
0.998449
0.993002
0.987555
0.982108
0.976661
0.971214
0.965767
0.960521
0.960521
0.960521
0.960521
0.960521
0.960521
0.960521
0.960521
0.960521
0.960521
0.960521
0.961963
0.990759
1.018034
1.045389
1.073345
1.101982
1.129457
1.156852
1.184247
1.211602
1.238957
1.266272
1.293667
1.321102
1.348377
1.376052
1.405050
1.433686
1.462203
1.490799
1.519436
1.547952
1.576549
1.605146
1.633702
1.662299
1.690895
1.719492
1.748049
1.776765
1.804000
1.803840
1.805202
1.806563
1.807204
1.807845
1.812411
1.815535
1.818699
1.821863
1.825147
1.828351
1.831555
1.834479
1.837763
1.840647
1.842129
1.844011
1.846094
1.848057
1.850179
1.848577
1.845774
1.842930
1.840247
1.839085
1.836642
1.833958
1.831395
1.828632
1.825788
1.823024
1.820181
1.817337
1.814654
1.811289
1.805082
1.800396
1.795669
1.790943
1.786177
1.781451
1.776645
1.772119
1.767473
1.763268
1.761305
1.758422
1.755458
1.752454
1.748970
1.749731
1.751373
1.753175
1.754897
1.754977
1.756459
1.758181
1.759743
1.761466
1.763268
1.764990
1.766833
1.768595
1.770357
1.772480
1.771839
1.770557
1.769276
1.767994
1.766672
1.765471
1.764309
1.763108
1.761866
1.760184
1.756379
1.753415
1.750452
1.747568
1.744844
1.741720
1.738837
1.735753
1.732709
1.729705
1.726621
1.723497
1.720453
1.717289
1.713805
1.686249
1.658654
1.631059
1.603423
1.575428
1.550155
1.525524
1.500892
1.476301
1.451709
1.427038
1.402366
1.377695
1.353023
1.328351
1.303640
1.278968
1.254297
1.229625
1.205074
1.180522
1.155971
1.131499
1.106948
1.082437
1.057885
1.033374
1.008863
0.984351
0.960200
0.960200
0.960160
0.960120
0.960080
0.960040
0.960040
0.960040
0.960040
0.960040
0.960040
0.960040
0.960040
0.960040
0.960040
0.960040
0.960040
0.960040
0.960040
0.960040
0.960040
0.960040
0.960040
0.960040
0.960040
0.960040
0.960040
0.960040
0.960040
0.960040
0.961442
0.989758
1.017153
1.044548
1.071943
1.099298
1.126653
1.154008
1.181403
1.208758
1.236153
1.263589
1.290944
1.318299
1.345734
1.373329
1.402206
1.430762
1.459399
1.487996
1.516592
1.545189
1.573826
1.602502
1.631179
1.659695
1.688332
1.716889
1.745485
1.774082
1.801237
1.801477
1.802678
1.803680
1.804921
1.806684
1.811289
1.814453
1.817577
1.820782
1.823946
1.826990
1.830234
1.833478
1.836562
1.839526
1.841128
1.843050
1.844772
1.846535
1.848697
1.846615
1.843571
1.840847
1.839646
1.837002
1.834119
1.831275
1.828391
1.825508
1.822584
1.819740
1.816817
1.814213
1.811289
1.807925
1.801757
1.796991
1.792185
1.787379
1.782613
1.777847
1.773040
1.768154
1.763348
1.759023
1.756860
1.753816
1.750932
1.748049
1.744684
1.745525
1.747328
1.748769
1.748769
1.750371
1.752054
1.753856
1.755618
1.757421
1.759263
1.761105
1.762827
1.764470
1.766232
1.768395
1.767674
1.766432
1.765231
1.763829
1.762547
1.761386
1.760144
1.758983
1.757781
1.756059
1.752254
1.749330
1.746366
1.743403
1.740439
1.737555
1.734631
1.731668
1.728624
1.725580
1.722576
1.719492
1.716448
1.713324
1.709920
1.682405
1.655049
1.627654
1.600219
1.572304
1.547272
1.522760
1.498249
1.473898
1.449386
1.424835
1.400283
1.375732
1.351221
1.326709
1.302198
1.277687
1.253175
1.228664
1.204233
1.179761
1.155290
1.130859
1.106427
1.081996
1.057565
1.033134
1.008702
0.984311
0.960240
0.960160
0.960120
0.960080
0.960040
0.960040
0.960000
0.960000
0.960000
0.960000
0.960000
0.960000
0.960000
0.960000
0.960000
0.960000
0.960040
0.960040
0.960040
0.960040
0.960040
0.960040
0.960040
0.960040
0.960040
0.960040
0.960040
0.960040
0.960040
0.960040
0.960040
0.960040
0.960040
0.960040
0.960040
0.960040
0.961402
0.962443
0.962563
0.962643
0.962723
0.962764
0.962844
0.962924
0.962964
0.963004
0.963004
0.963044
0.963044
0.963084
0.963084
0.963084
0.963084
0.963084
0.963084
0.963084
0.963084
0.963084
0.963084
0.963084
0.963084
0.963084
0.963084
0.963084
0.963084
0.963084
0.961722
0.960681
0.960561
0.960481
0.960401
0.960360
0.960280
0.960200
0.960160
0.960120
0.960080
0.960040
0.960040
0.960000
0.960000
0.960000
0.960000
0.960000
0.960000
0.960000
0.960000
0.960000
0.960000
0.960000
0.960040
0.960040
0.960040
0.960040
0.960040
0.960040
0.960040
0.960040
0.960040
0.960040
0.960040
0.960040
0.960040
0.960040
0.960040
0.960040
0.960040
0.960040
0.960040
0.960040
0.960040
0.960040
0.960040
0.960040
0.960040
0.960040
0.960040
0.960040
0.960040
0.960040
0.960000
0.960280
0.961963
0.962123
0.962163
0.962243
0.962323
0.962403
0.962443
0.962483
0.962563
0.962563
0.962603
0.962643
0.962643
0.962804
0.964646
0.964886
0.964966
0.965046
0.965127
0.965167
0.965247
0.965287
0.965327
0.965407
0.965447
0.965487
0.965487
0.965527
0.965527
0.965247
0.963605
0.963484
0.963444
0.963364
0.963324
0.963244
0.963204
0.963164
0.963084
0.963084
0.963044
0.963004
0.963004
0.962844
0.961001
0.960761
0.960681
0.960601
0.960521
0.960481
0.960401
0.960360
0.960320
0.960240
0.960200
0.960160
0.960160
0.960120
0.960160
0.960160
0.960120
0.960080
0.960080
0.960080
0.960040
0.960040
0.960040
0.960040
0.960040
0.960040
0.960040
0.960040
0.960040
0.960040
0.960040
0.960040
0.960040
0.960040
0.960040
0.960040
0.960040
0.960040
0.960040
0.960040
0.960040
0.961522
0.962083
0.962323
0.962363
0.962443
0.962523
0.962563
0.962643
0.962683
0.962723
0.962804
0.962804
0.962844
0.962884
0.962884
0.962924
0.962924
0.962924
0.962924
0.962924
0.962924
0.962924
0.962924
0.962924
0.962924
0.962924
0.962924
0.962924
0.962924
0.962924
0.961442
0.960881
0.960641
0.960561
0.960481
0.960401
0.960360
0.960280
0.960240
0.960200
0.960120
0.960120
0.960080
0.960040
0.960040
0.960000
0.960000
0.960000
0.960000
0.960000
0.960200
0.961722
0.962283
0.962403
0.962443
0.962523
0.963124
0.965447
0.967930
0.969132
0.969252
0.969332
0.969332
0.969372
0.969412
0.969412
0.969452
0.969492
0.969492
0.969572
0.969572
0.969612
0.969652
0.969652
0.969652
0.969652
0.969652
0.971815
0.974859
0.976381
0.976301
0.974859
0.974338
0.974298
0.974258
0.974218
0.973657
0.971335
0.968891
0.967730
0.967610
0.967530
0.967530
0.967530
0.967530
0.967530
0.967490
0.967490
0.967490
0.967450
0.967450
0.967409
0.967369
0.967369
0.967369
0.967369
0.967730
0.968411
0.968090
0.966889
0.966849
0.966809
0.966809
0.966769
0.966809
0.966809
0.966809
0.966849
0.966849
0.966809
0.967369
0.969612
0.972015
0.973577
0.973938
0.974018
0.974018
0.974018
0.974058
0.974058
0.974098
0.974098
0.974138
0.974178
0.974178
0.974178
0.973818
0.970974
0.968291
0.967970
0.967890
0.967850
0.967810
0.967810
0.967770
0.969612
0.972656
0.973818
0.973898
0.973938
0.973417
0.971214
0.968811
0.967249
0.966889
0.966809
0.966809
0.966769
0.966729
0.966689
0.966689
0.966689
0.966689
0.966649
0.966649
0.966649
0.966649
0.966649
0.966608
0.966608
0.966608
0.966608
0.966608
0.966568
0.968090
0.969252
0.967329
0.966208
0.966128
0.966128
0.966128
0.966168
0.966208
0.966208
0.966168
0.966168
0.966168
0.966809
0.969092
0.971495
0.973297
0.973497
0.973537
0.973577
0.973617
0.973617
0.973698
0.973698
0.973698
0.973698
0.973698
0.973698
0.973698
0.973738
0.972256
0.969212
0.968050
0.969652
0.970734
0.970774
0.970814
0.970734
0.970694
0.970654
0.970654
0.970694
0.970734
0.970133
0.967890
0.965487
0.963645
0.963444
0.963364
0.963324
0.963284
0.963284
0.963204
0.963204
0.963204
0.963244
0.963244
0.963244
0.963244
0.963204
0.963164
0.963164
0.963164
0.961482
0.960360
0.960280
0.960200
0.960200
0.960200
0.960200
0.960200
0.960160
0.960120
0.960080
0.960040
0.960040
0.960040
0.960040
0.960040
0.960040
0.960040
0.960040
0.960040
0.960040
0.960040
0.960000
0.960000
0.960000
0.960000
0.960000
0.960000
0.960000
0.960000
0.960000
0.960000
0.960000
0.960000
0.960000
0.960000
0.960000
0.960000
0.960000
0.960000
0.960000
0.960000
0.960000
0.960000
0.960000
0.960000
0.960000
0.960000
0.960000
0.960000
0.960000
0.960120
0.961882
0.962163
0.962203
0.962243
0.962283
0.962283
0.962323
0.964846
0.966088
0.966608
0.967169
0.967289
0.967329
0.967329
0.967329
0.967369
0.968571
0.970253
0.970413
0.970453
0.970453
0.970533
0.970614
0.970614
0.970614
0.970614
0.970774
0.971174
0.971254
0.971134
0.969412
0.969172
0.969132
0.969132
0.969132
0.969132
0.969132
0.966608
0.967169
0.969532
0.970774
0.970814
0.970814
0.970814
0.987075
1.012307
1.037099
1.035457
1.035296
1.035256
1.035256
1.035176
1.036818
1.039221
1.041144
1.041304
1.041224
1.040863
1.041705
1.042666
1.042666
1.042626
1.042626
1.042586
1.042546
1.042586
1.042586
1.042586
1.040783
1.037900
1.036097
1.035937
1.035897
1.035897
1.019636
0.994364
0.968371
0.968331
0.968331
0.968331
0.968331
0.968331
0.966608
0.964205
0.962283
0.962123
0.962043
0.962003
0.961081
0.960120
0.960080
0.960080
0.960080
0.960080
0.960080
0.960040
0.960000
0.960000
0.960000
0.960000
0.960000
0.960000
0.960000
0.960000
0.960320
0.962603
0.965087
0.967650
0.970213
0.972296
0.972536
0.972576
0.972616
0.972656
0.972696
0.974939
0.976101
0.976902
0.977342
0.977462
0.977863
0.977943
0.977943
0.977983
0.978023
0.978023
0.978023
0.978023
0.978023
0.978063
0.978103
0.978103
0.978103
0.978103
0.977783
0.975500
0.973057
0.970533
0.967970
0.965888
0.965647
0.965607
0.965607
0.965567
0.965527
0.963284
0.963204
0.964526
0.964245
0.964165
0.964446
0.964446
0.964566
0.964566
0.964566
0.964606
0.964646
0.964646
0.964806
0.966809
0.968571
0.968771
0.968811
0.969372
0.969452
0.969532
0.969532
0.969532
0.969532
0.969532
0.969572
0.969612
0.969572
0.969612
0.969652
0.969652
0.968571
0.966448
0.966288
0.966248
0.965567
0.965487
0.965367
0.965327
0.965287
0.965247
0.965207
0.965207
0.965046
0.963004
0.961202
0.961001
0.960961
0.960401
0.960320
0.960280
0.960240
0.960200
0.960200
0.961482
0.964366
0.967289
0.967810
0.967850
0.967850
0.967850
0.967890
0.967930
0.967930
0.967930
0.967970
0.968010
0.968010
0.968050
0.968090
0.968130
0.968130
0.968170
0.969813
0.972136
0.972376
0.972416
0.972416
0.972456
0.972616
0.974659
0.976541
0.976741
0.976822
0.975580
0.972656
0.969692
0.969172
0.969092
0.969092
0.969132
0.969092
0.969092
0.969132
0.969172
0.969132
0.969132
0.969132
0.969092
0.969052
0.969012
0.969012
0.968971
0.967329
0.965006
0.964766
0.964726
0.964726
0.964686
0.964526
0.962443
0.960561
0.960360
0.960280
0.960240
0.960240
0.960240
0.960240
0.960240
0.960200
0.960160
0.960160
0.960120
0.960080
0.960040
0.960040
0.960000
0.960000
0.960000
0.960000
0.960000
0.960000
0.960000
0.960000
0.960000
0.960000
0.960000
0.960000
0.960000
0.960000
0.960000
0.960000
0.960000
0.960000
0.960000
0.960000
0.960000
0.960000
0.961362
0.962123
0.962203
0.962243
0.962243
0.962243
0.962243
0.962283
0.962283
0.962323
0.962323
0.962323
0.962323
0.962323
0.962323
0.962363
0.962363
0.962363
0.962363
0.962363
0.962363
0.962363
0.962363
0.962363
0.962363
0.963084
0.964205
0.964326
0.964326
0.964326
0.963004
0.962283
0.962243
0.962203
0.962243
0.962243
0.962243
0.962203
0.962243
0.962203
0.962203
0.962243
0.962243
0.962243
0.962243
0.962203
0.962203
0.962203
0.962203
0.962203
0.962203
0.962203
0.962203
0.962203
0.962203
0.961482
0.960360
0.960240
0.960240
0.960240
0.960200
0.960160
0.960120
0.960120
0.960080
0.960080
0.960080
0.960080
0.960040
0.960040
0.960040
0.960000
0.960000
0.960000
0.960000
0.960000
0.960000
0.960000
0.960000
0.960000
0.960040
0.961242
0.962764
0.963044
0.963124
0.963244
0.963284
0.963284
0.963284
0.963444
0.963565
0.963645
0.963725
0.963805
0.963845
0.963845
0.963845
0.963845
0.963845
0.963885
0.963925
0.963925
0.963965
0.963965
0.964005
0.964005
0.964005
0.964005
0.964005
0.964005
0.963965
0.962764
0.961242
0.960961
0.960881
0.960761
0.960721
0.960761
0.960761
0.960601
0.960481
0.960401
0.960320
0.960240
0.960200
0.960200
0.960200
0.960200
0.960200
0.960160
0.960120
0.960120
0.960080
0.960080
0.960040
0.960040
0.960040
0.960040
0.960040
0.960040
0.960040
0.960040
0.960040
0.960040
0.960040
0.960040
0.960040
0.960000
0.960000
0.960000
0.960000
0.960000
0.960000
0.960000
0.960000
0.960000
0.960000
0.960000
0.960000
0.960000
0.960000
0.960000
0.960000
0.960000
0.960000
0.960000
0.960000
0.960000
0.960000
0.960040
0.961762
0.962443
0.964085
0.966128
0.966408
0.966448
0.966448
0.966488
0.966568
0.967970
0.969252
0.970093
0.970213
0.970213
0.970213
0.970213
0.970213
0.970213
0.970213
0.970213
0.970213
0.970253
0.970293
0.970293
0.970293
0.970293
0.970293
0.970293
0.970293
0.970253
0.968531
0.967850
0.966208
0.964165
0.963885
0.963845
0.963845
0.963805
0.963725
0.962323
0.961041
0.960200
0.960080
0.960080
0.960080
0.960080
0.960080
0.960080
0.960080
0.960080
0.960080
0.960040
0.960000
0.960000
0.960000
0.960000
0.960000
0.960000
0.960000
0.960000
0.960000
0.960000
0.960000
0.960000
0.960000
0.960000
0.960000
0.960000
0.960000
0.960000
0.960000
0.960000
0.960000
0.960000
0.960000
0.960000
0.960000
0.960000
0.960000
0.960000
0.960000
0.960000
0.960000
0.960000
0.960000
0.960000
0.960000
0.960000
0.960000
0.960000
0.960000
0.960000
0.960000
0.960000
0.960000
0.960000
0.960040
0.960040
0.960040
0.960040
0.960040
0.960040
0.960040
0.960040
0.960040
0.960040
0.960040
0.960040
0.960040
0.960040
0.960040
0.960040
0.960040
0.960040
0.960040
0.960040
0.960040
0.960040
0.960040
0.960040
0.960040
0.960040
0.960040
0.960040
0.960040
0.960040
0.960000
0.960000
0.960000
0.960000
0.960000
0.960000
0.960000
0.960000
0.960000
0.960000
0.960000
0.960000
0.960000
0.960000
0.960000
0.960000
0.960000
0.960000
0.960000
0.960000
0.960000
0.960000
0.960000
0.960000
0.960000
0.960000
0.960000
