1.455445
1.456824
1.456806
1.456584
1.456515
1.456453
1.458868
1.463982
1.468705
1.473138
1.476968
1.480552
1.484008
1.487128
1.490119
1.492786
1.496697
1.500732
1.504561
1.508513
1.512383
1.516418
1.520494
1.524570
1.528604
1.532516
1.536344
1.540461
1.544331
1.547996
1.551619
1.554789
1.558659
1.562652
1.566564
1.570475
1.572163
1.571010
1.569692
1.568334
1.567263
1.566069
1.564834
1.563599
1.562282
1.561129
1.559976
1.558535
1.557424
1.556065
1.554871
1.553554
1.552154
1.550795
1.549354
1.548078
1.548819
1.547502
1.546225
1.544949
1.543673
1.542438
1.541203
1.539885
1.538609
1.537291
1.538403
1.542026
1.545855
1.548984
1.552730
1.556847
1.560717
1.564464
1.567799
1.570104
1.573645
1.576362
1.579656
1.582867
1.586449
1.590319
1.593901
1.596947
1.600035
1.603864
1.605922
1.609792
1.613786
1.617656
1.621032
1.624820
1.628690
1.632601
1.636553
1.640506
1.641205
1.639353
1.637871
1.637130
1.635894
1.634412
1.633013
1.631860
1.631160
1.631448
1.630583
1.630666
1.630089
1.629554
1.628690
1.627578
1.626878
1.626590
1.626096
1.625314
1.623914
1.622596
1.620826
1.619797
1.619303
1.618109
1.616750
1.615639
1.614445
1.613621
1.611275
1.603246
1.594848
1.586325
1.577556
1.568828
1.560141
1.551454
1.542685
1.533833
1.525023
1.516130
1.507196
1.498715
1.490686
1.481752
1.472695
1.463802
1.455033
1.445770
1.437165
1.429548
1.421150
1.412175
1.403117
1.394307
1.385496
1.376562
1.367628
1.358324
1.346261
1.333292
1.320241
1.307231
1.294262
1.281211
1.268202
1.255151
1.242141
1.229213
1.216162
1.203194
1.190225
1.176968
1.163094
1.150084
1.137115
1.124105
1.111178
1.098250
1.085117
1.070995
1.058027
1.045017
1.032048
1.019080
1.006193
0.993225
0.980256
0.967328
0.960000
0.960000
0.960000
0.960000
0.960000
0.960000
0.960000
0.960000
0.960000
0.960000
0.960000
0.960000
0.960000
0.960000
0.960000
0.960000
0.960000
0.960000
0.960000
0.960000
0.960000
0.960000
0.960000
0.960000
0.960000
0.960000
0.960000
0.960000
0.960000
0.960000
0.960000
0.960000
0.960000
0.960000
0.960000
0.960000
0.960000
0.960000
0.960000
0.960000
0.960000
0.960000
0.960000
0.960000
0.960000
0.960000
0.960000
0.960000
0.960000
0.960000
0.960000
0.960000
0.960000
0.960000
0.960000
0.960000
0.960000
0.960000
0.960000
0.960000
0.960000
0.960000
0.960000
0.961523
0.961523
0.961523
0.961523
0.961523
0.961523
0.961523
0.961523
0.961523
0.961523
0.961523
0.961523
0.961523
0.961523
0.961523
0.961523
0.961523
0.961523
0.961523
0.961523
0.961523
0.961523
0.961523
0.961523
0.961523
0.961523
0.961523
0.961523
0.961523
0.961523
0.960000
0.960000
0.960988
0.961194
0.961194
0.961194
0.961194
0.961194
0.961194
0.961194
0.961194
0.961194
0.961194
0.961194
0.961194
0.961194
0.961194
0.961194
0.961194
0.961194
0.961194
0.961194
0.961194
0.961194
0.961194
0.961194
0.961194
0.961194
0.961194
0.961194
0.961194
0.961194
0.960206
0.960000
0.960000
0.960000
0.960000
0.960000
0.960000
0.960000
0.960000
0.960000
0.960000
0.960000
0.960000
0.960000
0.960000
0.960000
0.960000
0.960000
0.960000
0.960000
0.960000
0.960000
0.960000
0.960000
0.960000
0.960000
0.960000
0.960000
0.960000
0.960000
0.960000
0.960000
0.960000
0.960000
0.960000
0.960000
0.960000
0.960000
0.960000
0.960000
0.960000
0.960000
0.960000
0.960000
0.960000
0.960000
0.960000
0.961564
0.961564
0.961564
0.961564
0.961564
0.961564
0.961564
0.961564
0.961564
0.961564
0.961564
0.961564
0.961564
0.961564
0.961564
0.961564
0.961564
0.961564
0.961564
0.961564
0.961564
0.961564
0.961564
0.961564
0.961564
0.961564
0.961564
0.961564
0.961564
0.961564
0.960000
0.960000
0.960000
0.960000
0.960000
0.960000
0.960000
0.960000
0.960000
0.960000
0.960000
0.960000
0.960000
0.960000
0.960000
0.960000
0.960000
0.960000
0.960000
0.960000
0.960000
0.960000
0.960000
0.960000
0.960000
0.960000
0.960000
0.960000
0.960000
0.960000
0.960000
0.960000
0.960000
0.960000
0.961235
0.961235
0.961235
0.961235
0.961235
0.961235
0.961235
0.961235
0.962264
0.966752
0.969593
0.974286
0.976056
0.976056
0.976056
0.976056
0.976056
0.976056
0.976056
0.976056
0.976056
0.976056
0.976056
0.976056
0.976056
0.976056
0.976056
0.976056
0.976056
0.976056
0.974821
0.974821
0.974821
0.974821
0.974821
0.974821
0.974821
0.974821
0.973792
0.969305
0.966464
0.961770
0.960000
0.960000
0.960000
0.960000
0.960000
0.960000
0.960000
0.960000
0.960000
0.960000
0.960000
0.960000
0.960000
0.960000
0.960000
0.960000
0.960000
0.960000
0.960000
0.960000
0.960000
0.960000
0.960000
0.960000
0.960000
0.960000
0.960000
0.960000
0.960000
0.960000
0.960000
0.960000
0.960000
0.960000
0.960000
0.960823
0.963335
0.965929
0.966011
0.966011
0.966011
0.966011
0.966011
0.966011
0.966011
0.966011
0.966011
0.968069
0.968069
0.968069
0.968069
0.968069
0.968069
0.968069
0.968069
0.968069
0.968069
0.968069
0.968069
0.968069
0.968069
0.968069
0.968069
0.968069
0.968069
0.967246
0.964735
0.962141
0.962059
0.962059
0.962059
0.962059
0.962059
0.962059
0.962059
0.962059
0.962059
0.960000
0.960000
0.960000
0.960000
0.960000
0.960000
0.960000
0.960000
0.960000
0.960000
0.960000
0.960000
0.960000
0.960000
0.960000
0.960000
0.960000
0.960000
0.960000
0.960000
0.960000
0.960000
0.960000
0.960000
0.960000
0.960000
0.960000
0.960000
0.960000
0.960000
0.960000
0.960000
0.960000
0.960000
0.960000
0.960000
0.960000
0.960000
0.960000
0.960000
0.960000
0.960000
0.960000
0.960000
0.960000
0.960000
0.960000
0.961523
0.961811
0.961811
0.962017
0.962017
0.962017
0.962017
0.962017
0.963376
0.963376
0.963376
0.966011
0.968234
0.968234
0.968358
0.968728
0.968728
0.968728
0.968728
0.968728
0.968728
0.968728
0.968728
0.968728
0.968728
0.968728
0.968728
0.968728
0.968728
0.968728
0.967205
0.966917
0.966917
0.966711
0.966711
0.966711
0.966711
0.966711
0.965352
0.965352
0.965352
0.962717
0.960494
0.960494
0.960371
0.960000
0.960000
0.961564
0.961564
0.961564
0.961564
0.961564
0.961564
0.961564
0.961564
0.961564
0.961564
0.961564
0.961564
0.961564
0.961564
0.961564
0.961564
0.961564
0.961564
0.963294
0.963294
0.963294
0.963294
0.963417
0.964158
0.964158
0.964817
0.964817
0.965311
0.966011
0.966011
0.964446
0.964940
0.969140
0.969140
0.969140
0.969140
0.969140
0.969140
0.969140
0.969140
0.969222
0.969222
0.969263
0.969716
0.969716
0.969716
0.969716
0.969716
0.970169
0.970416
0.970416
0.972475
0.975727
0.975233
0.975233
0.974574
0.974574
0.980338
0.986431
0.993183
1.001911
1.004629
1.001664
1.001953
1.001953
1.001953
1.003352
1.003517
1.003517
1.003517
1.005123
1.005123
1.005082
1.006276
1.006276
1.007469
1.014263
1.021056
1.025626
1.029249
1.029249
1.027190
1.023814
1.025255
1.025255
1.027025
1.028960
1.022703
1.015909
1.010804
1.002076
0.998865
0.998412
0.998206
0.998206
0.998206
0.996806
0.996642
0.996642
0.996642
0.994954
0.994954
0.994954
0.995036
0.995036
0.993842
0.987049
0.980256
0.973504
0.969634
0.969634
0.969634
0.969634
0.967946
0.967987
0.966464
0.964529
0.964529
0.964529
0.962882
0.962882
0.962882
0.962100
0.962017
0.962017
0.962017
0.962017
0.962017
0.962017
0.962017
0.962017
0.962017
0.962141
0.960453
0.960576
0.960576
0.960576
0.960576
0.960576
0.960576
0.960576
0.960576
0.960576
0.960576
0.960535
0.960288
0.960288
0.960288
0.960288
0.960288
0.960288
0.960288
0.960494
0.962594
0.962594
0.962594
0.962594
0.962594
0.965434
0.971240
0.972228
0.972228
0.972104
0.972475
0.973627
0.976303
0.981038
0.986143
0.989231
0.991454
0.991454
0.991454
0.991454
0.991454
0.991454
0.994171
0.997630
1.001170
1.004670
1.008169
1.011669
1.015374
1.018668
1.020068
1.023567
1.027190
1.029084
1.029084
1.026243
1.020438
1.020809
1.021509
1.021509
1.021097
1.019821
1.017145
1.012410
1.007305
1.004217
1.001994
1.001994
1.001994
1.001994
1.001994
1.001994
0.999277
0.995818
0.992278
0.988778
0.985279
0.981820
0.978115
0.974615
0.971116
0.967987
0.964858
0.963458
0.963911
0.964323
0.964652
0.963541
0.963088
0.963623
0.963623
0.963623
0.963623
0.963664
0.963705
0.966217
0.966834
0.966834
0.966834
0.966834
0.966834
0.966834
0.966834
0.966834
0.966834
0.966834
0.966834
0.966793
0.966793
0.966793
0.966793
0.966423
0.965929
0.965434
0.964982
0.964570
0.964241
0.963994
0.963747
0.963211
0.963211
0.963211
0.963211
0.963170
0.963129
0.960618
0.960000
0.960000
0.960000
0.960000
0.960000
0.960000
0.960000
0.960000
0.960000
0.960000
0.960000
0.960000
0.960000
0.960165
0.963664
0.965682
0.965682
0.965682
0.965682
0.965723
0.965846
0.965846
0.967987
0.967987
0.967987
0.967987
0.967987
0.968069
0.968069
0.968069
0.968069
0.968069
0.968069
0.968069
0.968069
0.968069
0.968069
0.968069
0.968069
0.968069
0.968069
0.969552
0.976303
0.982932
0.986184
0.988078
0.988078
0.988078
0.988078
0.988037
0.987914
0.987914
0.985773
0.985773
0.986678
0.988325
0.988902
0.989025
0.990672
0.990672
0.994171
1.000965
1.009075
1.015827
1.017680
1.017680
1.017680
1.017680
1.019327
1.019327
1.021385
1.021591
1.014839
1.008046
1.002941
0.999030
0.999030
1.001994
1.002900
1.002900
1.002900
1.002900
1.002900
1.002900
1.001994
1.000388
0.999812
0.999606
0.997959
0.997959
0.994460
0.987667
0.979556
0.972804
0.970951
0.970951
0.970951
0.970951
0.969305
0.969305
0.967246
0.965558
0.965558
0.967081
0.965434
0.965434
0.965434
0.962470
0.961564
0.961564
0.961564
0.961564
0.961564
0.961564
0.961564
0.961523
0.961523
0.961523
0.964488
0.967740
0.967740
0.967740
0.968893
0.968893
0.968893
0.969099
0.969099
0.969099
0.969099
0.969099
0.969099
0.969099
0.969099
0.967575
0.967575
0.967575
0.967575
0.967575
0.967575
0.967575
0.967575
0.967575
0.968069
0.968934
0.969016
0.969469
0.969469
0.969469
0.966505
0.963252
0.963252
0.963335
0.962182
0.962182
0.962182
0.964652
0.964652
0.967328
0.973339
0.973669
0.973792
0.973916
0.973916
0.974739
0.976592
0.976592
0.976592
0.976592
0.976592
0.976592
0.976592
0.976592
0.976098
0.975233
0.975151
0.974698
0.974698
0.974698
0.974698
0.974698
0.974698
0.974615
0.974615
0.974615
0.975315
0.973257
0.973257
0.970581
0.964570
0.964241
0.964117
0.963994
0.963994
0.963170
0.961317
0.961317
0.962841
0.962964
0.962964
0.962964
0.962964
0.962964
0.962964
0.962964
0.962964
0.962964
0.962964
0.962964
0.962964
0.962964
0.962964
0.962964
0.962964
0.963088
0.962388
0.961770
0.961770
0.961770
0.961770
0.961770
0.961770
0.961770
0.961770
0.961770
0.961770
0.961770
0.960247
0.960124
0.960124
0.960124
0.960124
0.960124
0.960124
0.960124
0.960124
0.960124
0.960124
0.961688
0.961729
0.961729
0.961729
0.961729
0.961729
0.961606
0.961606
0.961606
0.961606
0.961606
0.961606
0.961606
0.961606
0.961606
0.961606
0.961606
0.961606
0.961606
0.961606
0.961606
0.961606
0.961606
0.961606
0.961606
0.961606
0.961606
0.961606
0.961606
0.961606
0.960041
0.960000
0.960000
0.960041
0.960041
0.960041
0.960041
0.960041
0.960041
0.960041
0.960041
0.960041
0.961564
0.961564
0.961564
0.961564
0.961564
0.961564
0.961564
0.961564
0.961606
0.961606
0.961606
0.961606
0.961606
0.961606
0.962100
0.964446
0.965723
0.965723
0.965723
0.965723
0.965723
0.965682
0.965682
0.965682
0.965682
0.965682
0.965682
0.965682
0.965682
0.965682
0.964158
0.964158
0.964158
0.967328
0.967905
0.967905
0.967905
0.967905
0.967864
0.967864
0.967864
0.967864
0.967864
0.967864
0.967370
0.965023
0.963747
0.963747
0.963747
0.963747
0.963747
0.963747
0.963747
0.963747
0.963747
0.963747
0.964940
0.966093
0.966093
0.966176
0.970992
0.970992
0.970992
0.968687
0.968893
0.968893
0.968893
0.968893
0.969469
0.969469
0.969469
0.969469
0.969469
0.969469
0.969552
0.969552
0.969552
0.969881
0.969881
0.969881
0.969881
0.969881
0.969881
0.969922
0.969922
0.970046
0.969305
0.968687
0.968728
0.968646
0.963829
0.963829
0.963829
0.962964
0.962182
0.962182
0.962182
0.962182
0.961647
0.961647
0.961647
0.961647
0.963705
0.963705
0.963623
0.963623
0.963623
0.963294
0.963294
0.963294
0.963294
0.963294
0.963294
0.963252
0.963417
0.964570
0.964117
0.963582
0.963541
0.963541
0.963623
0.963623
0.963623
0.963623
0.963623
0.963623
0.963623
0.963623
0.963582
0.963582
0.963582
0.963582
0.961523
0.962347
0.963005
0.963005
0.963005
0.963005
0.963005
0.963005
0.963294
0.963582
0.963582
0.963582
0.963417
0.962141
0.962141
0.962141
0.962141
0.964323
0.966628
0.966628
0.966834
0.969263
0.971775
0.973545
0.974327
0.976303
0.976551
0.977580
0.977580
0.977580
0.977580
0.976756
0.976098
0.976098
0.977621
0.977621
0.977621
0.977621
0.977333
0.977209
0.978280
0.978280
0.978280
0.978280
0.978280
0.978280
0.978280
0.976098
0.973710
0.973710
0.973504
0.971075
0.968563
0.966793
0.966011
0.966217
0.968234
0.967534
0.967534
0.967905
0.967905
0.968234
0.968275
0.968275
0.966752
0.966999
0.967287
0.968646
0.968810
0.968646
0.967575
0.967575
0.967740
0.968399
0.970787
0.972310
0.972310
0.972310
0.972310
0.972310
0.972310
0.972310
0.972310
0.972310
0.972310
0.970128
0.967864
0.967534
0.967534
0.967164
0.967164
0.966834
0.966793
0.966793
0.966793
0.966546
0.966258
0.964899
0.964735
0.964735
0.964735
0.964735
0.964570
0.963911
0.961523
0.960000
0.960000
0.960000
0.960000
0.960000
0.960000
0.960000
0.960000
0.962100
0.962100
0.962100
0.962100
0.962100
0.962100
0.962100
0.962100
0.962100
0.962100
0.962100
0.962100
0.962100
0.962100
0.962100
0.962100
0.962100
0.964282
0.966176
0.966176
0.966176
0.966176
0.966176
0.966176
0.966176
0.966176
0.966176
0.966176
0.966176
0.966176
0.964076
0.964076
0.964076
0.964076
0.965599
0.965599
0.965599
0.965599
0.965599
0.965599
0.965599
0.965599
0.965599
0.965599
0.965599
0.965599
0.965599
0.963417
0.961523
0.961523
0.961523
0.961523
0.961523
0.961523
0.961523
0.961523
0.961523
0.961523
0.961523
0.961523
0.961523
0.961523
0.961523
0.961523
0.960000
0.960000
0.960000
0.960000
0.960000
0.961523
0.961523
0.961523
0.961894
0.962758
0.962758
0.962758
0.962758
0.962758
0.962758
0.962758
0.962758
0.962758
0.962758
0.962758
0.962758
0.962758
0.962758
0.962758
0.962758
0.962758
0.962758
0.962758
0.962758
0.962758
0.962758
0.962758
0.962758
0.962758
0.962758
0.961235
0.961235
0.961235
0.960865
0.960000
0.960000
0.960000
0.960000
0.960000
0.960000
0.960000
0.960000
0.960000
0.960000
0.960000
0.960000
0.960000
0.962100
0.962100
0.962100
0.962100
0.962100
0.962100
0.962100
0.962100
0.962100
0.962100
0.962100
0.962100
0.962100
0.962100
0.962100
0.962100
0.962100
0.962100
0.962100
0.962100
0.962100
0.962100
0.962100
0.962100
0.962100
0.962100
0.962100
0.962100
0.962100
0.962100
0.960000
0.960000
0.960000
0.960000
0.960823
0.961523
0.961523
0.961523
0.961523
0.961523
0.961523
0.961523
0.961523
0.961523
0.961523
0.961523
0.961523
0.961523
0.961523
0.961523
0.961523
0.961523
0.961523
0.961523
0.961523
0.961523
0.961523
0.961523
0.961523
0.961523
0.961523
0.961523
0.961523
0.961523
0.960700
0.960000
0.960000
0.960000
0.960000
0.960000
0.960000
0.960000
0.960000
0.960000
0.960000
0.960000
0.960000
0.960000
0.960000
0.960000
0.960000
0.960000
0.962100
0.962100
0.962100
0.962100
0.962100
0.962100
0.962100
0.962100
0.962100
0.962100
0.962100
0.962100
0.962100
0.962100
0.962100
0.962100
0.962100
0.962100
0.962100
0.962100
0.962100
0.962100
0.962100
0.962100
0.962100
0.962100
0.962100
0.962100
0.962100
0.962100
0.960000
0.960000
0.960000
0.960000
0.960000
0.961523
0.961523
0.961523
0.961523
0.961523
0.961523
0.961523
0.961523
0.961523
0.961523
0.961523
0.961523
0.961523
0.961523
0.961523
0.961523
0.961523
0.961523
0.961523
0.961523
0.961523
0.961523
0.961523
0.961523
0.961523
0.961523
0.961523
0.961523
0.961523
0.961523
0.960000
0.960000
0.960000
0.960000
0.960000
0.960000
0.960000
0.960000
0.960000
0.960000
0.960000
0.960000
0.960000
0.960000
0.960000
0.960000
0.960000
0.960000
0.960000
0.962100
0.962100
0.962100
0.962100
0.962100
0.962100
0.962100
0.962100
0.963829
0.963829
0.963829
0.963829
0.963829
0.963829
0.963829
0.963829
0.963829
0.963829
0.963829
0.963829
0.963829
0.963829
0.963829
0.963829
0.963829
0.963829
0.963829
0.963829
0.963829
0.964035
0.964282
0.965887
0.965887
0.965887
0.965887
0.967411
0.967411
0.967411
0.965682
0.965682
0.965682
0.965682
0.965682
0.965682
0.965682
0.965682
0.965682
0.965682
0.965682
0.965682
0.965682
0.965682
0.965682
0.965682
0.965682
0.965682
0.965682
0.965682
0.965682
0.965476
0.963129
0.961523
0.961523
0.961523
0.961523
0.960000
0.960000
0.960000
0.960000
0.960000
0.960000
0.961523
0.961523
0.961523
0.961523
0.961523
0.961523
0.961523
0.961523
0.961523
0.961523
0.961523
0.961523
0.961523
0.961523
0.961523
0.961523
0.961523
0.961523
0.961523
0.961523
0.961523
0.961523
0.961523
0.961523
0.961523
0.961523
0.961523
0.961523
0.961523
0.961523
0.960000
0.960000
0.960000
0.960000
0.960000
0.960000
0.960000
0.960000
0.960000
0.960000
0.960000
0.960000
0.960000
0.960000
0.960000
0.960000
0.960000
0.960000
0.960000
0.962100
0.962100
0.962100
0.962100
0.962100
0.962100
0.962100
0.962100
0.962100
0.962100
0.962100
0.962100
0.962100
0.962100
0.962100
0.962100
0.962100
0.962100
0.962100
0.962100
0.962100
0.962100
0.962100
0.962100
0.962100
0.962100
0.962100
0.962100
0.962100
0.963047
0.963211
0.964858
0.965311
0.965599
0.965764
0.965764
0.966217
0.967246
0.967246
0.967246
0.967246
0.967246
0.967246
0.967246
0.967246
0.967246
0.967246
0.967246
0.967246
0.967246
0.967246
0.967246
0.967246
0.967246
0.967246
0.967246
0.967246
0.967246
0.967246
0.966299
0.964035
0.962388
0.961935
0.961647
0.961482
0.961482
0.961029
0.960000
0.960000
0.960000
0.960000
0.960000
0.960000
0.961523
0.961523
0.961523
0.961523
0.961523
0.961523
0.961523
0.961523
0.961523
0.961523
0.961523
0.961523
0.961523
0.961523
0.961523
0.961523
0.961523
0.961523
0.961770
0.961770
0.961770
0.961770
0.961770
0.961770
0.962017
0.962264
0.962553
0.962553
0.962553
0.963376
0.961853
0.961853
0.961853
0.961853
0.961853
0.961853
0.961853
0.962800
0.962841
0.962841
0.963294
0.963870
0.964446
0.964446
0.964446
0.964446
0.964446
0.964446
0.964199
0.964199
0.965640
0.966299
0.966299
0.966299
0.966052
0.965805
0.965517
0.965517
0.965517
0.964735
0.965187
0.966176
0.966217
0.966711
0.966958
0.968069
0.968563
0.969305
0.969263
0.969263
0.968810
0.968234
0.967658
0.967658
0.967658
0.967658
0.968728
0.969387
0.969387
0.969387
0.967946
0.967287
0.967287
0.967287
0.967287
0.967287
0.967287
0.969634
0.975851
0.975974
0.975521
0.974780
0.974739
0.974245
0.973998
0.972886
0.972392
0.970704
0.970704
0.970704
0.970704
0.970704
0.970704
0.970704
0.970704
0.970704
0.969634
0.969469
0.969469
0.969963
0.969963
0.969963
0.969963
0.969963
0.970540
0.970540
0.970540
0.968481
0.962264
0.962100
0.962100
0.961853
0.963376
0.963376
0.963376
0.963376
0.963376
0.963376
0.963376
0.963376
0.963376
0.963376
0.964158
0.965105
0.965105
0.965105
0.965105
0.964611
0.964611
0.964117
0.964117
0.964282
0.965352
0.965846
0.965270
0.965270
0.965270
0.964982
0.964982
0.964982
0.964982
0.964982
0.963458
0.963458
0.963458
0.963458
0.963458
0.965023
0.967946
0.970251
0.970251
0.970251
0.969469
0.968522
0.968522
0.968522
0.968522
0.968522
0.968522
0.968522
0.968522
0.968358
0.967287
0.966793
0.966793
0.966793
0.966793
0.966793
0.966793
0.966793
0.966999
0.966999
0.968563
0.968563
0.968563
0.968563
0.968563
0.966999
0.964076
0.961770
0.961770
0.961770
0.961770
0.961770
0.961770
0.961770
0.961770
0.966052
0.970416
0.972228
0.972228
0.974410
0.977539
0.977539
0.977539
0.977539
0.977539
0.977539
0.977539
0.977539
0.978897
0.978897
0.977333
0.977333
0.977333
0.977333
0.977333
0.977333
0.977333
0.977333
0.977333
0.977333
0.977333
0.977333
0.977333
0.977333
0.977333
0.973051
0.968687
0.966875
0.966875
0.964693
0.961564
0.961564
0.961564
0.961564
0.961564
0.961564
0.961564
0.963047
0.961564
0.961564
0.961564
0.961564
0.961564
0.961564
0.961564
0.961564
0.961564
0.961564
0.961564
0.961564
0.961564
0.961564
0.961564
0.961564
0.961564
0.961564
0.961564
0.961564
0.961564
0.961564
0.961564
0.961564
0.961564
0.961564
0.961564
0.961564
0.961564
0.960082
0.960000
0.960000
0.960000
0.960000
0.960000
0.960041
0.960247
0.960247
0.960576
0.960576
0.961976
0.962676
0.962923
0.963335
0.963335
0.963335
0.963335
0.963541
0.963829
0.964158
0.965146
0.965146
0.965146
0.965146
0.966176
0.966176
0.966176
0.966176
0.966176
0.966176
0.966505
0.966505
0.966505
0.966999
0.966999
0.967493
0.967287
0.967287
0.966958
0.966958
0.965558
0.964858
0.965187
0.965887
0.965887
0.965929
0.965970
0.965764
0.965476
0.965146
0.964158
0.964158
0.964158
0.964158
0.963129
0.964199
0.964446
0.965970
0.966011
0.966011
0.965887
0.966217
0.966217
0.965723
0.965723
0.965187
0.965187
0.965187
0.965187
0.965187
0.965187
0.965187
0.964611
0.963499
0.964323
0.966423
0.966628
0.966628
0.966628
0.969963
0.972104
0.972104
0.972104
0.972104
0.972104
0.971034
0.970787
0.969263
0.969222
0.969222
0.971981
0.977292
0.982603
0.984826
0.988984
0.988984
0.989519
0.989519
0.989519
0.991701
0.997877
1.002282
1.006646
1.011010
1.013398
1.011257
1.011010
1.011010
1.011010
1.007675
1.005534
1.005534
1.005534
1.005534
1.005534
1.005534
1.005534
1.005534
1.005534
1.005534
1.002570
0.999030
0.993719
0.991495
0.987337
0.987543
0.987667
0.987667
0.987667
0.985484
0.979309
0.974904
0.970540
0.966176
0.962964
0.962964
0.962964
0.962964
0.962964
0.962964
0.962964
0.963335
0.963335
0.963335
0.963335
0.963335
0.963335
0.963335
0.963335
0.963335
0.963335
0.961235
0.961235
0.961235
0.961235
0.961029
0.960371
0.961894
0.961894
0.961935
0.961935
0.961935
0.961935
0.961935
0.968316
0.968481
0.968481
0.968481
0.968481
0.968481
0.968605
0.968234
0.968234
0.968234
0.968234
0.968234
0.968234
0.968234
0.968234
0.968234
0.968234
0.968646
0.968646
0.968646
0.968646
0.968646
0.968646
0.967122
0.967122
0.967081
0.967081
0.967081
0.967081
0.967081
0.960700
0.960535
0.960535
0.960535
0.960535
0.960535
0.960412
0.960412
0.960412
0.960412
0.960412
0.960412
0.960412
0.960412
0.960412
0.960412
0.960412
0.960000
0.960000
0.960000
0.960000
0.960000
0.960000
0.960782
0.961564
0.961564
0.961564
0.961564
0.961564
0.961564
0.962429
0.962717
0.962717
0.962717
0.962717
0.962717
0.962717
0.962717
0.962717
0.962717
0.962717
0.962717
0.962717
0.962717
0.962717
0.962717
0.962717
0.962717
0.962717
0.962717
0.962717
0.962717
0.962717
0.961935
0.961153
0.961153
0.963088
0.967699
0.968111
0.968111
0.967246
0.966958
0.966958
0.966958
0.966958
0.966958
0.966958
0.966958
0.966958
0.966958
0.966958
0.966958
0.966958
0.966958
0.966958
0.966958
0.966958
0.966958
0.966958
0.966958
0.966958
0.966958
0.966958
0.966958
0.966958
0.966958
0.965023
0.960412
0.960000
0.960000
0.960000
0.960000
0.960000
0.960000
0.960000
0.960000
0.960000
0.960000
0.960000
0.962059
0.962059
0.962059
0.962059
0.962059
0.962059
0.962059
0.962059
0.962059
0.962059
0.962059
0.962059
0.962059
0.962059
0.962059
0.962059
0.962059
0.962059
0.962059
0.962059
0.962059
0.962059
0.963664
0.967040
0.967452
0.967452
0.967452
0.967452
0.967452
0.967452
0.965393
0.965393
0.965393
0.965393
0.965393
0.965393
0.965393
0.965393
0.965393
0.965393
0.965393
0.965393
0.965393
0.965393
0.965393
0.965393
0.965393
0.965393
0.965393
0.965393
0.965393
0.965393
0.963788
0.960412
0.960000
0.960000
0.960000
0.960000
0.960000
0.960000
0.960206
0.961564
0.961564
0.961564
0.961564
0.961564
0.961564
0.961564
0.961564
0.961647
0.961647
0.961729
0.961729
0.961729
0.961729
0.961729
0.961729
0.961770
0.962100
0.962553
0.962923
0.963294
0.963664
0.963870
0.964158
0.964817
0.964817
0.964817
0.964817
0.964817
0.964735
0.963376
0.963376
0.963911
0.963911
0.963911
0.963911
0.963911
0.964035
0.963952
0.963952
0.963870
0.963870
0.963870
0.963870
0.963870
0.963870
0.964858
0.966834
0.967164
0.966793
0.966423
0.966052
0.965846
0.965599
0.964940
0.967575
0.971487
0.980709
0.985073
0.988572
0.992154
0.995736
0.998783
1.002364
1.005905
1.009487
1.013069
1.016856
1.017474
1.017474
1.017474
1.017639
1.017886
1.017886
1.018215
1.018215
1.017186
1.014880
1.014098
1.014098
1.014098
1.014098
1.014098
1.014057
1.014057
1.011422
1.007511
0.998288
0.993924
0.990301
0.986720
0.983138
0.979556
0.975974
0.972433
0.968852
0.965270
0.961359
0.960741
0.960741
0.960741
0.960576
0.960329
0.960329
0.960000
0.961153
0.961153
0.961153
0.961153
0.963252
0.963252
0.963252
0.963252
0.963252
0.963252
0.963252
0.963252
0.963252
0.963252
0.963252
0.963252
0.963252
0.963252
0.963252
0.963252
0.963252
0.963252
0.963252
0.963252
0.963252
0.963252
0.963252
0.963252
0.963252
0.963252
0.962100
0.962100
0.962100
0.962100
0.960000
0.960000
0.960000
0.960000
0.960000
0.960000
0.960000
0.960000
0.960000
0.961523
0.961523
0.961523
0.961523
0.961523
0.961523
0.961523
0.961523
0.961523
0.961523
0.961523
0.961523
0.961523
0.961523
0.961523
0.961523
0.961523
0.961523
0.961523
0.961523
0.961523
0.961523
0.961523
0.961523
0.961523
0.961523
0.961523
0.961523
0.961523
0.961523
0.960000
0.960000
0.960000
0.960000
0.960000
0.960000
0.960000
0.960000
0.960000
0.960000
0.960000
0.961523
0.961523
0.961523
0.961523
0.961523
0.961523
0.961523
0.961523
0.961523
0.961523
0.961523
0.961523
0.961523
0.961523
0.961523
0.961523
0.961523
0.961523
0.961523
0.961523
0.961523
0.961523
0.961770
0.966134
0.970704
0.975686
0.980091
0.984579
0.989643
0.995242
0.998865
1.004423
1.009693
1.017803
1.021262
1.022250
1.024226
1.026408
1.026614
1.029743
1.034436
1.038965
1.043494
1.048063
1.048969
1.049093
1.049093
1.049257
1.049257
1.049504
1.049504
1.049504
1.049257
1.044893
1.040323
1.035342
1.030937
1.026449
1.021961
1.017721
1.012575
1.007017
1.002117
0.994007
0.990548
0.989560
0.988202
0.986925
0.986720
0.983591
0.978897
0.974368
0.969840
0.965270
0.964364
0.964241
0.964241
0.964076
0.964076
0.963829
0.963829
0.963829
0.963829
0.963829
0.963829
0.963829
0.963829
0.963829
0.963252
0.961894
0.961894
0.961894
0.961523
0.961523
0.961523
0.961523
0.960906
0.960000
0.960000
0.960000
0.961523
0.961523
0.961523
0.961523
0.961523
0.961523
0.961523
0.961523
0.961523
0.961523
0.961523
0.961523
0.961523
0.961523
0.961523
0.961523
0.961523
0.961523
0.961523
0.961523
0.966299
0.992236
1.018585
1.044770
1.070831
1.096645
1.122870
1.148972
1.175198
1.201176
1.224643
1.245187
1.266925
1.287469
1.306655
1.325840
1.345067
1.366064
1.387596
1.409869
1.433130
1.455650
1.479776
1.499456
1.518229
1.540832
1.567757
1.593983
1.620044
1.646269
1.668172
1.658497
1.648410
1.638612
1.628813
1.619303
1.609422
1.599747
1.589907
1.580356
1.571833
1.567593
1.562117
1.557959
1.554912
1.551783
1.548943
1.544331
1.538815
1.533051
1.526134
1.519753
1.511642
1.508060
1.505796
1.499044
1.488010
1.478006
1.468290
1.458038
1.448281
1.446799
1.445523
1.445481
1.446140
1.449393
1.450381
1.453427
1.455939
1.457997
1.459932
1.460467
1.463473
1.464584
1.466355
1.467466
1.469443
1.470842
1.473889
1.475824
1.476647
1.476400
1.476236
1.477306
1.477553
1.480394
1.481835
1.484223
1.482782
1.482823
1.484305
1.486816
1.487310
1.486528
1.488710
1.486611
1.484305
1.481629
1.477471
1.473724
1.470801
1.470060
1.463802
1.462238
1.461332
1.463143
1.462567
1.462691
1.461620
1.461373
1.462402
1.465243
1.467343
1.468578
1.470595
1.470636
1.470595
1.469443
1.472160
1.474012
1.474671
1.475042
1.477306
1.480064
1.481011
1.482329
1.485746
1.487599
1.493321
1.495503
1.496080
1.495421
1.500320
1.503449
1.506208
1.508966
1.512136
1.512795
1.514359
1.513207
1.513783
1.510736
1.511272
1.514401
1.516871
1.516047
1.516665
1.516212
1.516665
1.520617
1.520123
1.519876
1.516047
1.513248
1.512301
1.512630
1.514524
1.515924
1.513948
1.517571
1.521070
1.525064
1.527740
1.528769
1.528893
1.527328
1.526340
1.528728
1.530704
1.532433
1.533504
1.537950
1.538156
1.537044
1.535192
1.537580
1.542067
1.545155
1.546061
1.545608
1.548490
1.544208
1.543343
1.540832
1.534821
1.528646
1.521317
1.514236
1.508719
1.501226
1.494680
1.488257
1.480600
1.473395
1.466478
1.459232
1.452274
1.444370
1.435889
1.430084
1.423208
1.416045
1.410404
1.402952
1.396571
1.389243
1.379815
1.372527
1.366393
1.357994
1.348731
1.336380
1.323329
1.310319
1.297227
1.284299
1.271289
1.258321
1.245352
1.232301
1.219291
1.206281
1.193354
1.180467
1.167499
1.154571
1.141561
1.128510
1.115459
1.102491
1.089522
1.076553
1.063502
1.050534
1.037524
1.024555
1.011587
0.998783
0.985937
0.972969
0.960782
0.960000
0.960000
0.960000
0.960000
0.960000
0.961523
0.961523
0.961523
0.961523
0.961523
0.961523
0.961523
0.961523
0.961523
0.961523
0.961523
0.961523
0.961523
0.961523
0.961523
0.961523
0.961523
0.961523
0.961523
0.961523
0.961523
0.961523
0.961523
0.961523
0.961523
0.961523
0.961523
0.961523
0.961523
0.961523
0.960000
0.960041
0.961153
0.961153
0.961153
0.961153
0.961153
0.961153
0.961153
0.961153
0.961153
0.961153
0.961153
0.961153
0.961153
0.961153
0.961153
0.961153
0.962553
0.963294
0.963294
0.963294
0.963294
0.963294
0.963294
0.963294
0.963294
0.963294
0.963294
0.963294
0.963294
0.963252
0.962141
0.962141
0.962141
0.962141
0.962141
0.962141
0.962141
0.962141
0.962141
0.962141
0.962141
0.962141
0.962141
0.962141
0.962141
0.962141
0.960741
0.960000
0.960000
0.960000
0.960000
0.960000
0.961523
0.961523
0.961523
0.961523
0.961523
0.961523
0.961523
0.961523
0.961523
0.961523
0.961523
0.961523
0.961523
0.961523
0.961523
0.961523
0.961523
0.961523
0.961523
0.961523
0.961523
0.961523
0.961523
0.961523
0.961523
0.961523
0.961523
0.961523
0.961523
0.961523
0.960000
0.960000
0.960000
0.960000
0.960000
0.960000
0.961564
0.961564
0.961564
0.961564
0.961564
0.961564
0.961564
0.961564
0.961564
0.961564
0.961564
0.961564
0.961564
0.961564
0.961564
0.961564
0.961564
0.961564
0.961564
0.961564
0.961564
0.961564
0.961564
0.961564
0.961564
0.961564
0.961564
0.961564
0.961564
0.961564
0.960000
0.960000
0.960000
0.960000
0.960000
0.960000
0.960000
0.960000
0.960000
0.960000
0.960000
0.960000
0.960000
0.960000
0.960000
0.960000
0.960000
0.960000
0.960000
0.960041
0.963252
0.964405
0.966711
0.967370
0.967370
0.967370
0.967370
0.967370
0.967370
0.967370
0.967370
0.967370
0.967370
0.967370
0.967370
0.967370
0.967370
0.967370
0.967370
0.967370
0.967370
0.967370
0.967370
0.967370
0.967370
0.967370
0.967370
0.967370
0.967370
0.967328
0.964117
0.962964
0.960659
0.960000
0.960000
0.960000
0.960000
0.960000
0.960000
0.960000
0.960000
0.960000
0.960000
0.960000
0.960000
0.960000
0.960000
0.960000
0.960000
0.961564
0.962100
0.962100
0.962100
0.962100
0.962100
0.962100
0.962100
0.962100
0.962100
0.962100
0.962100
0.962100
0.962100
0.962100
0.962100
0.962100
0.962100
0.962100
0.962470
0.967411
0.971528
0.973339
0.975151
0.976756
0.976756
0.976756
0.976756
0.976756
0.976756
0.975192
0.974657
0.974657
0.974698
0.974698
0.974698
0.974698
0.976221
0.976221
0.976262
0.976262
0.976262
0.976262
0.976262
0.976262
0.976262
0.976262
0.976262
0.976262
0.975892
0.970951
0.966834
0.965064
0.963252
0.961647
0.961647
0.961647
0.961647
0.961647
0.961647
0.961647
0.961647
0.961647
0.961606
0.961606
0.961606
0.961606
0.960082
0.960082
0.960041
0.960041
0.960041
0.960041
0.960041
0.961564
0.961564
0.961564
0.961564
0.961564
0.961564
0.961564
0.961564
0.961523
0.961523
0.961523
0.961523
0.961523
0.963170
0.966464
0.966958
0.966958
0.967699
0.968028
0.968646
0.969510
0.969840
0.969840
0.971240
0.971240
0.971240
0.971240
0.971240
0.971240
0.971240
0.969716
0.969716
0.969716
0.969716
0.969716
0.969716
0.969716
0.969716
0.969716
0.969716
0.969716
0.969716
0.969716
0.968069
0.964776
0.964282
0.964282
0.963541
0.963211
0.962841
0.962841
0.963788
0.963994
0.962594
0.962594
0.962841
0.962841
0.962841
0.962841
0.962841
0.962841
0.962841
0.962841
0.963170
0.963211
0.963211
0.963211
0.963211
0.963211
0.963211
0.963211
0.963211
0.963211
0.963211
0.963211
0.963211
0.963211
0.963211
0.963211
0.962964
0.962100
0.960823
0.960618
0.960947
0.963294
0.964488
0.964488
0.964488
0.966011
0.967534
0.971034
0.972804
0.974204
0.973874
0.973833
0.973833
0.973833
0.973833
0.973833
0.973833
0.973833
0.973833
0.973833
0.974163
0.974410
0.974410
0.974410
0.974410
0.974410
0.974410
0.974410
0.974410
0.974410
0.974080
0.971734
0.970293
0.970293
0.970293
0.968769
0.967246
0.963747
0.961976
0.960576
0.961400
0.961770
0.962182
0.963623
0.963623
0.963623
0.963623
0.963623
0.967164
0.970663
0.978197
0.983014
0.987008
0.990425
0.993801
0.997136
0.997136
0.997136
0.997136
0.997136
0.997136
0.997136
0.997136
0.997136
0.997136
0.997136
0.997136
0.997136
0.997136
0.997136
0.996312
0.995942
0.995530
0.994089
0.994089
0.994089
0.994089
0.994089
0.990548
0.987049
0.979185
0.974121
0.970128
0.966711
0.963335
0.960000
0.960000
0.960000
0.960000
0.960000
0.960000
0.960000
0.960000
0.960000
0.960000
0.960000
0.960000
0.960000
0.960000
0.960000
0.960000
0.960000
0.960000
0.960000
0.960124
0.960124
0.960124
0.960124
0.960124
0.960124
0.960124
0.960124
0.960124
0.960124
0.960124
0.960124
0.960124
0.960124
0.960453
0.961647
0.961647
0.961647
0.961647
0.961647
0.961647
0.961647
0.961647
0.961647
0.961647
0.961647
0.961647
0.961688
0.961688
0.961688
0.961564
0.961564
0.961564
0.961564
0.961564
0.961564
0.961564
0.961688
0.965187
0.967164
0.967164
0.967164
0.967164
0.967205
0.966875
0.966134
0.966134
0.966134
0.966134
0.966134
0.966134
0.966134
0.966134
0.966299
0.966505
0.966505
0.966505
0.966464
0.966464
0.966464
0.966464
0.966464
0.966464
0.966464
0.966464
0.966464
0.966464
0.972063
0.968646
0.966670
0.966670
0.966670
0.966670
0.966628
0.966628
0.966176
0.966381
0.966423
0.966423
0.966423
0.966423
0.966423
0.966464
0.967987
0.967781
0.967781
0.967905
0.967905
0.967905
0.967905
0.967905
0.967905
0.968193
0.968563
0.969016
0.969469
0.969716
0.964199
0.964158
0.964158
0.965517
0.965805
0.965805
0.965805
0.965805
0.966875
0.967740
0.967699
0.967699
0.967699
0.967699
0.967699
0.967658
0.965970
0.965970
0.965970
0.965846
0.965846
0.965846
0.965846
0.965846
0.965846
0.967081
0.966711
0.966258
0.965805
0.965558
0.965352
0.965311
0.965311
0.963952
0.963664
0.963664
0.963664
0.963664
0.962594
0.961523
0.961523
0.961523
0.961523
0.961523
0.961523
0.961523
0.961523
0.961523
0.962017
0.963664
0.963664
0.963664
0.963664
0.963664
0.963664
0.962141
0.962141
0.962141
0.962141
0.962141
0.962141
0.962141
0.962141
0.962141
0.962141
0.962141
0.963664
0.963664
0.963664
0.963664
0.963664
0.963664
0.963664
0.963664
0.963664
0.963664
0.963664
0.963664
0.963170
0.961523
0.961523
0.961523
0.961523
0.961523
0.961523
0.961523
0.961523
0.962717
0.962717
0.964817
0.964817
0.964817
0.964817
0.964817
0.964817
0.964817
0.965517
0.967617
0.967617
0.967617
0.967617
0.967617
0.967617
0.967617
0.967617
0.967617
0.967617
0.969140
0.969140
0.969140
0.969140
0.969140
0.969140
0.969140
0.969140
0.969140
0.969140
0.967946
0.967946
0.965846
0.965846
0.965846
0.965846
0.965846
0.965846
0.965846
0.963623
0.961523
0.961523
0.961523
0.961523
0.963664
0.964652
0.968069
0.968975
0.968975
0.968975
0.967452
0.967452
0.967452
0.967452
0.967452
0.967452
0.967452
0.967452
0.967493
0.967493
0.967493
0.967493
0.969057
0.969057
0.969057
0.969057
0.969057
0.969057
0.969099
0.969099
0.969099
0.969099
0.969099
0.969099
0.966958
0.965970
0.962553
0.961647
0.961647
0.961647
0.963170
0.963170
0.963170
0.963170
0.963170
0.963170
0.963170
0.963170
0.963129
0.963129
0.963129
0.963129
0.961564
0.961564
0.961564
0.961564
0.961564
0.961564
0.963047
0.963047
0.963047
0.963047
0.963047
0.963047
0.963047
0.963047
0.963047
0.963047
0.963047
0.963047
0.961523
0.961523
0.961523
0.961523
0.961523
0.961564
0.961564
0.961564
0.961564
0.961564
0.961564
0.961564
0.961564
0.963705
0.963705
0.963705
0.963705
0.963705
0.962182
0.962182
0.962182
0.962182
0.962182
0.962182
0.962182
0.962182
0.962182
0.962182
0.962182
0.962182
0.962182
0.962511
0.963705
0.963705
0.963705
0.963664
0.963664
0.963664
0.963664
0.963664
0.963664
0.963664
0.963664
0.961523
0.961523
0.961523
0.961523
0.961523
0.961523
0.962676
0.966052
0.966875
0.966875
0.966875
0.966875
0.966875
0.966875
0.969057
0.969057
0.969057
0.969057
0.968728
0.967534
0.967534
0.967534
0.967534
0.967534
0.967534
0.967534
0.967534
0.967534
0.967534
0.967534
0.967534
0.967534
0.967534
0.969099
0.969099
0.969099
0.967946
0.964570
0.963747
0.963747
0.963747
0.963747
0.963747
0.963870
0.962717
0.962923
0.962923
0.962923
0.962923
0.962923
0.962923
0.962923
0.964488
0.964488
0.964488
0.964488
0.964488
0.964488
0.964488
0.964488
0.964488
0.964488
0.964488
0.962923
0.962923
0.962923
0.962923
0.962923
0.962923
0.962923
0.962923
0.962923
0.962923
0.962800
0.961770
0.961564
0.961564
0.961564
0.963705
0.963705
0.963705
0.963705
0.962141
0.962141
0.962141
0.962141
0.962141
0.962141
0.962141
0.962141
0.962141
0.962141
0.962141
0.962141
0.962141
0.962141
0.962141
0.963705
0.963705
0.963705
0.963705
0.964117
0.964117
0.964117
0.964117
0.964117
0.964117
0.964117
0.961976
0.961976
0.961976
0.961976
0.961976
0.961976
0.961976
0.961976
0.961976
0.963499
0.963499
0.963499
0.963499
0.963499
0.963499
0.963499
0.963499
0.963499
0.963499
0.961935
0.961935
0.961935
0.961935
0.961523
0.961523
0.961523
0.961523
0.961523
0.961523
0.961523
0.961523
0.961523
0.961523
0.961523
0.961523
0.962635
0.963664
0.963664
0.963664
0.962141
0.962141
0.962141
0.962141
0.962141
0.962141
0.962141
0.962141
0.962141
0.962141
0.962141
0.962141
0.962141
0.962141
0.962141
0.962141
0.963294
0.963705
0.963705
0.963705
0.963705
0.963705
0.963705
0.963705
0.963705
0.963705
0.962594
0.961564
0.961564
0.961564
0.961564
0.961564
0.961564
0.961564
0.961564
0.961564
0.962182
0.963129
0.963129
0.963129
0.963129
0.963129
0.963129
0.963129
0.963129
0.963129
0.961976
0.961564
0.961564
0.962635
0.966011
0.969305
0.970004
0.970004
0.970004
0.970004
0.970004
0.970004
0.970004
0.970004
0.970004
0.970004
0.970004
0.971775
0.972104
0.972104
0.971487
0.970540
0.970540
0.970540
0.970540
0.970540
0.970540
0.970540
0.970540
0.970540
0.970540
0.970540
0.970540
0.969469
0.966093
0.962800
0.962100
0.962100
0.962100
0.962100
0.962100
0.962100
0.962100
0.962964
0.963911
0.966011
0.966011
0.964241
0.963911
0.963911
0.963911
0.963911
0.965229
0.968563
0.969263
0.969263
0.969263
0.969263
0.969263
0.969263
0.969263
0.969263
0.969263
0.969263
0.969263
0.971157
0.971157
0.971157
0.971157
0.971157
0.971157
0.971198
0.971198
0.970334
0.969387
0.967287
0.967287
0.967287
0.967287
0.967287
0.967287
0.967287
0.965970
0.962635
0.962429
0.967122
0.968810
0.968810
0.968810
0.968810
0.968810
0.968810
0.968810
0.968810
0.968810
0.966917
0.966917
0.966917
0.966917
0.966917
0.966917
0.966875
0.966875
0.966875
0.966875
0.966875
0.966875
0.966875
0.966875
0.966875
0.966875
0.966875
0.968975
0.968975
0.972557
0.972516
0.977827
0.986678
0.991578
0.996148
1.000718
1.005329
1.009899
1.012698
1.012698
1.012698
1.012698
1.012698
1.012698
1.012698
1.012698
1.012698
1.012698
1.012698
1.012698
1.012698
1.012698
1.012698
1.012698
1.012698
1.012698
1.012698
1.010598
1.010598
1.006523
1.001870
0.994871
0.986020
0.981120
0.976551
0.971981
0.967370
0.962800
0.960000
0.960000
0.960000
0.960000
0.960000
0.960782
0.964158
0.967493
0.968111
0.968111
0.968111
0.968111
0.968111
0.968111
0.968111
0.968111
0.968111
0.968111
0.968152
0.968152
0.968152
0.968152
0.968152
0.968152
0.968152
0.968399
0.968399
0.968399
0.968646
0.968646
0.968646
0.968646
0.968646
0.968646
0.968646
0.967864
0.964611
0.961276
0.960659
0.960659
0.962470
0.962676
0.963129
0.966176
0.967205
0.967205
0.968934
0.971734
0.972310
0.972310
0.972310
0.972310
0.972310
0.972310
0.972310
0.972063
0.972063
0.972063
0.971816
0.971816
0.971816
0.971816
0.971816
0.971816
0.971816
0.971816
0.971692
0.971692
0.971692
0.971692
0.969881
0.969675
0.969222
0.966176
0.965146
0.965146
0.963417
0.960618
0.960000
0.960000
0.960000
0.960000
0.960000
0.960000
0.961359
0.961770
0.961770
0.961770
0.961770
0.961770
0.961770
0.961770
0.961770
0.961770
0.961770
0.961770
0.961770
0.961770
0.961770
0.961770
0.961770
0.961770
0.961770
0.961770
0.961770
0.961770
0.961770
0.961770
0.961770
0.961770
0.961770
0.961770
0.961770
0.961770
0.961935
0.961523
0.961523
0.961523
0.961523
0.961523
0.961523
0.961523
0.961523
0.961523
0.961523
0.961523
0.961523
0.961523
0.961523
0.961523
0.961523
0.961523
0.961523
0.961523
0.962017
0.963294
0.963294
0.963294
0.963294
0.963294
0.963294
0.963294
0.963294
0.963294
0.961770
0.961770
0.961770
0.961770
0.961770
0.961770
0.961770
0.961770
0.961770
0.961770
0.961770
0.961770
0.961770
0.961770
0.961770
0.961770
0.961770
0.961770
0.961770
0.961770
0.961276
0.960000
0.960000
0.960000
0.960000
0.960000
0.960000
0.960000
0.960000
0.960000
0.960000
0.960000
0.960000
0.960000
0.960000
0.960000
0.960000
0.960000
0.960000
0.960000
0.960000
0.960000
0.960000
0.961523
0.962264
0.963335
0.963335
0.963335
0.963335
0.963335
0.963335
0.963335
0.963335
0.963335
0.963335
0.963335
0.963335
0.963335
0.963335
0.963335
0.963335
0.963335
0.963335
0.963335
0.963335
0.963335
0.963335
0.963335
0.963335
0.963335
0.963335
0.963335
0.963335
0.961811
0.961070
0.960000
0.960000
0.960000
0.960000
0.960000
0.960000
0.960000
0.960000
0.960000
0.960000
0.960000
0.960000
0.960000
0.960000
0.960000
0.960000
0.960000
0.960000
0.960000
0.960000
0.960000
0.960000
0.960000
0.960000
0.960000
0.960000
0.960000
0.960000
0.960000
0.960000
0.960000
0.960000
0.960000
0.961029
0.961811
0.961811
0.961811
0.961811
0.961811
0.961811
0.961811
0.961811
0.961811
0.961811
0.961811
0.961811
0.961811
0.961811
0.961811
0.961853
0.961853
0.961853
0.961853
0.961853
0.962223
0.964529
0.965970
0.965970
0.965970
0.965970
0.965970
0.965970
0.965970
0.964940
0.964158
0.964158
0.964158
0.964158
0.964158
0.964158
0.964158
0.964158
0.964158
0.966217
0.966217
0.966217
0.966217
0.966217
0.966217
0.966176
0.966176
0.966176
0.966176
0.966176
0.965805
0.963499
0.962059
0.962059
0.962059
0.962059
0.962059
0.962059
0.962059
0.962059
0.962059
0.962059
0.962100
0.963294
0.964117
0.964117
0.964117
0.964117
0.964117
0.962059
0.962059
0.962059
0.962059
0.962059
0.962059
0.962059
0.962059
0.962059
0.962059
0.962059
0.962059
0.962059
0.962059
0.962059
0.962059
0.962059
0.962059
0.962059
0.962059
0.962059
0.962059
0.962059
0.962017
0.960823
0.960000
0.960000
0.960000
0.960000
0.960000
0.960000
0.960000
0.960000
0.960000
0.960000
0.960000
0.960000
0.960000
0.960000
0.960000
0.960000
0.960000
0.960000
0.960000
0.960000
0.960000
0.960000
0.960000
0.960000
0.961194
0.961194
0.961194
0.961194
0.962717
0.962717
0.962717
0.962717
0.962717
0.962717
0.962717
0.962717
0.962717
0.962717
0.962717
0.962717
0.962717
0.962717
0.962717
0.962717
0.962717
0.962717
0.962717
0.962717
0.962717
0.962717
0.962717
0.962717
0.962717
0.962717
0.961523
0.961523
0.961523
0.961523
0.960000
0.960000
0.960000
0.960000
0.960000
0.960000
0.960000
0.960000
0.960000
0.960000
0.960000
0.960000
0.960000
0.960000
0.960000
0.960000
0.960000
0.960000
0.960000
0.960000
0.960000
0.960000
0.960000
0.960000
0.961235
0.961235
0.961235
0.961235
0.961235
0.961235
0.961235
0.961235
0.961235
0.961235
0.961235
0.961235
0.961235
0.961235
0.961235
0.961235
0.961235
0.961235
0.961235
0.961235
0.961235
0.961235
0.961235
0.961235
0.961235
0.961235
0.961235
0.961235
0.961235
0.961235
0.960000
0.960000
0.960000
0.960000
0.960000
0.960000
0.960000
0.960000
0.960041
0.960041
0.960041
0.960041
0.960041
0.960041
0.960041
0.960041
0.960041
0.960041
0.960041
0.960041
0.960041
0.960041
0.960041
0.960041
0.960041
0.960041
0.960041
0.960041
0.962923
0.967699
0.968687
0.970869
0.973092
0.975315
0.977497
0.979721
0.981944
0.984167
0.984538
0.984538
0.984538
0.984538
0.984538
0.984538
0.984538
0.984538
0.984538
0.984538
0.984538
0.984538
0.984538
0.984538
0.984538
0.984538
0.984538
0.984538
0.984538
0.984538
0.981656
0.976880
0.975892
0.973710
0.971487
0.969263
0.967081
0.964858
0.962635
0.960412
0.960000
0.960000
0.960000
0.960000
0.960000
0.960000
0.960000
0.960000
0.960000
0.960000
0.960000
0.960000
0.960000
0.960000
0.960000
0.960000
0.960000
0.960000
0.960000
0.960000
0.960000
0.960000
0.960000
0.960000
0.960000
0.960000
0.960000
0.960000
0.960000
0.960000
0.960000
0.960000
0.960000
0.960000
0.960000
0.960000
0.960000
0.960000
0.960000
0.960000
0.960000
0.960000
0.960000
0.960000
0.960000
0.960000
0.960000
0.960000
0.961194
0.961523
0.961523
0.961523
0.961523
0.961523
0.961523
0.961523
0.961523
0.961523
0.961523
0.961523
0.961523
0.961523
0.961523
0.961523
0.961523
0.961523
0.961523
0.961523
0.961523
0.961523
0.961523
0.961523
0.961523
0.961523
0.961523
0.961523
0.961523
0.961523
0.960329
0.960000
0.960000
0.960000
0.960000
0.960000
0.960000
0.960000
0.960000
0.960000
0.960000
0.960000
0.960000
0.960000
0.960000
0.960000
0.960000
0.960000
0.960000
0.960000
0.960000
0.960000
0.960000
0.960000
0.960000
0.960000
0.960000
0.960000
0.960000
0.960000
0.960000
0.960000
0.960000
0.960000
0.960000
0.960000
0.960000
0.960000
0.960000
0.960000
0.960000
0.960000
0.960000
0.960000
0.963417
0.965352
0.965352
0.965352
0.965352
0.965352
0.965352
0.965352
0.965352
0.965352
0.965352
0.965352
0.965352
0.965352
0.965352
0.966875
0.966875
0.966875
0.966875
0.966875
0.966875
0.966875
0.966875
0.966875
0.966875
0.966875
0.966875
0.966875
0.966875
0.966875
0.963458
0.961523
0.961523
0.961523
0.961523
0.961564
0.961564
0.961564
0.961564
0.961564
0.961564
0.961564
0.961564
0.961564
0.961606
0.960741
0.965064
0.965064
0.965887
0.965887
0.965887
0.965887
0.965887
0.966258
0.966258
0.966258
0.966258
0.966258
0.966258
0.966258
0.966258
0.966258
0.966258
0.966258
0.966258
0.966217
0.966217
0.968810
0.971610
0.971610
0.973463
0.973874
0.973874
0.973874
0.973833
0.973257
0.968934
0.968934
0.968111
0.968111
0.968111
0.968111
0.968111
0.967740
0.967740
0.967740
0.967740
0.967740
0.967740
0.967740
0.967740
0.967740
0.967740
0.967740
0.967740
0.967740
0.967740
0.965146
0.962347
0.962347
0.960494
0.962182
0.962182
0.962182
0.962182
0.962100
0.962100
0.962100
0.962100
0.962100
0.962100
0.962100
0.962100
0.962100
0.962100
0.962100
0.962100
0.962100
0.962100
0.962100
0.962100
0.962100
0.964364
0.966176
0.968769
0.968769
0.968893
0.968893
0.969016
0.969181
0.969181
0.967081
0.967081
0.967081
0.967081
0.967081
0.967164
0.967452
0.967452
0.967452
0.967452
0.967452
0.967452
0.967452
0.967452
0.967452
0.967534
0.967534
0.969057
0.969057
0.969057
0.969057
0.966793
0.964982
0.962388
0.962388
0.962264
0.963005
0.963047
0.963211
0.963211
0.963211
0.963705
0.963994
0.964529
0.964529
0.964693
0.964735
0.964735
0.964899
0.964899
0.965229
0.967205
0.967575
0.967946
0.968275
0.968440
0.968687
0.967328
0.967493
0.967493
0.967493
0.967493
0.967493
0.967493
0.967493
0.967493
0.966752
0.966587
0.966258
0.966258
0.966258
0.965764
0.965476
0.964940
0.964940
0.964693
0.964364
0.964364
0.964199
0.964199
0.963911
0.962059
0.961688
0.961317
0.962223
0.962882
0.962635
0.962470
0.962306
0.962306
0.962306
0.962306
0.962306
0.962306
0.962306
0.962306
0.962306
0.962306
0.962306
0.962306
0.962306
0.962306
0.962306
0.962306
0.962306
0.962306
0.962306
0.962306
0.962306
0.963829
0.963788
0.963664
0.963664
0.963664
0.962429
0.961523
0.961523
0.961523
0.961523
0.961523
0.961523
0.961523
0.961729
0.963829
0.965970
0.965970
0.965970
0.965970
0.965970
0.965970
0.965970
0.967246
0.969552
0.970375
0.971898
0.971898
0.971981
0.971981
0.971981
0.970457
0.970457
0.970457
0.970457
0.970457
0.970457
0.970457
0.970457
0.970457
0.970457
0.970457
0.970457
0.970457
0.970251
0.968152
0.966011
0.966011
0.966011
0.966011
0.966011
0.966011
0.966011
0.964735
0.962429
0.961606
0.960165
0.960165
0.960082
0.960082
0.960453
0.964035
0.964035
0.964035
0.964035
0.964035
0.964035
0.964035
0.964035
0.964035
0.964035
0.964035
0.964035
0.964035
0.964035
0.964035
0.964035
0.964035
0.964035
0.964035
0.964035
0.967205
0.969428
0.969428
0.969428
0.969428
0.970869
0.970869
0.970869
0.970869
0.970498
0.966917
0.966917
0.966917
0.969387
0.976262
0.980626
0.983961
0.987255
0.990590
0.994007
0.997300
1.000635
1.003929
1.007222
1.007428
1.007428
1.007428
1.007428
1.007428
1.007428
1.004258
1.002035
1.002035
1.002364
1.002364
1.000841
1.000841
1.000841
1.000841
1.001294
1.001706
1.001706
1.001706
0.999235
0.992360
0.987996
0.984661
0.981367
0.978033
0.974615
0.971322
0.967987
0.964693
0.961400
0.961194
0.961194
0.961194
0.961194
0.961194
0.961194
0.961194
0.961194
0.961194
0.960865
0.960865
0.962264
0.962429
0.962429
0.962429
0.961976
0.961564
0.961564
0.961564
0.961564
0.961564
0.961564
0.961564
0.961564
0.961564
0.961564
0.961564
0.961564
0.961564
0.961564
0.961564
0.961564
0.961564
0.961564
0.961564
0.961564
0.961564
0.961564
0.961564
0.961564
0.961564
0.960165
0.960000
0.960000
0.960000
0.960000
0.960000
0.960000
0.960000
0.960000
0.960000
0.960000
0.960000
0.960000
0.960000
0.960000
0.960000
0.960000
0.960000
0.960000
0.960000
0.963458
0.969099
0.974739
0.975192
0.976715
0.976756
0.978774
0.984002
0.989190
0.991248
0.991248
0.996065
1.000759
1.000882
1.000882
1.006276
1.013027
1.019779
1.026490
1.026696
1.026696
1.026696
1.026696
1.026696
1.026696
1.028919
1.032131
1.032131
1.032131
1.032131
1.028672
1.023032
1.017392
1.016939
1.017103
1.017062
1.015045
1.011504
1.006317
1.004752
1.011504
1.013439
1.015498
1.020026
1.020026
1.014633
1.007881
1.002776
0.996065
0.997589
0.999565
0.999565
0.999565
1.001212
1.001212
0.998988
0.995777
0.995777
0.995777
0.995777
0.995777
0.995777
0.995777
0.995777
0.994089
0.994089
0.994089
0.992401
0.992401
0.991907
0.985155
0.978403
0.971651
0.966999
0.966999
0.967040
0.967040
0.965393
0.965393
0.963664
0.963829
0.963829
0.963829
0.962182
0.962182
0.962182
0.962182
0.962182
0.962182
0.962635
0.968563
0.975274
0.981944
0.988655
0.989396
0.989396
0.989396
0.989396
0.989396
0.989396
0.989396
0.989396
0.989396
0.989396
0.989396
0.989354
0.989354
0.989354
0.989354
0.989354
0.987214
0.987214
0.988613
0.988860
0.988860
0.990260
0.990507
0.990507
0.997095
1.003311
1.004052
1.003517
1.000306
0.994624
0.993883
0.995530
0.995530
0.996642
0.999194
0.999194
0.999194
1.000841
1.000841
1.000841
1.000841
1.000841
1.000841
1.000841
1.002364
1.002364
1.002364
1.002364
1.004999
1.009404
1.017103
1.022703
1.027478
1.031884
1.029660
1.026202
1.019532
1.013357
1.010722
1.015168
1.020109
1.022785
1.027108
1.026284
1.023732
1.023732
1.023732
1.022744
1.025873
1.029043
1.029043
1.029043
1.030772
1.030772
1.029249
1.029249
1.030566
1.030772
1.026737
1.022085
1.014386
1.007387
1.002364
0.997959
0.993595
0.990384
0.990384
0.990384
0.989560
0.986184
0.981244
0.976921
0.972598
0.972310
0.972310
0.972310
0.972310
0.971651
0.970046
0.966875
0.966875
0.966875
0.965146
0.965146
0.965146
0.965146
0.963829
0.965146
0.965146
0.965146
0.965146
0.965146
0.965146
0.965146
0.965146
0.965146
0.965352
0.966670
0.966670
0.964570
0.964570
0.964570
0.964570
0.964570
0.964570
0.964570
0.964570
0.964570
0.963047
0.965187
0.965187
0.965187
0.965187
0.965187
0.965187
0.965187
0.965187
0.963664
0.964611
0.966217
0.966628
0.968605
0.973669
0.976962
0.977662
0.977827
0.978321
0.977003
0.977003
0.977003
0.977003
0.977003
0.977003
0.977003
0.977086
0.977209
0.978033
0.979968
0.979968
0.977827
0.978156
0.978156
0.978156
0.978156
0.978156
0.978197
0.978197
0.979144
0.980585
0.979968
0.979556
0.977580
0.972516
0.969222
0.968810
0.968646
0.967946
0.967946
0.967946
0.967946
0.967946
0.967946
0.967946
0.967946
0.967864
0.967740
0.966917
0.964982
0.964982
0.964982
0.964652
0.964652
0.964652
0.964652
0.964652
0.964611
0.964611
0.963664
0.961276
0.960288
0.960288
0.960288
0.961811
0.961811
0.961523
0.961523
0.961523
0.961523
0.961523
0.961523
0.961523
0.961523
0.961523
0.961523
0.961523
0.961523
0.961523
0.961523
0.961523
0.961523
0.961523
0.961523
0.961523
0.961523
0.961523
0.961523
0.961523
0.961523
0.961523
0.961523
0.961523
0.961523
0.960000
0.960000
0.960000
0.960000
0.960124
0.960165
0.960741
0.961853
0.962017
0.962017
0.962017
0.962017
0.962017
0.962017
0.962017
0.962017
0.962017
0.962306
0.963417
0.963788
0.963788
0.963788
0.963788
0.963788
0.963788
0.963788
0.963788
0.963911
0.964611
0.965064
0.965105
0.965105
0.965105
0.965105
0.964982
0.964940
0.964364
0.963252
0.963088
0.963088
0.963088
0.963088
0.963088
0.963088
0.963088
0.963088
0.963088
0.962800
0.961688
0.961317
0.961317
0.961317
0.961317
0.961317
0.961317
0.962470
0.963417
0.963294
0.962594
0.962141
0.962100
0.962100
0.962100
0.962100
0.962100
0.962100
0.962100
0.962100
0.962100
0.962100
0.962100
0.962100
0.984167
1.011587
1.038677
1.065108
1.091169
1.117230
1.143167
1.169187
1.194959
1.220444
1.246258
1.272401
1.298915
1.323329
1.347825
1.373598
1.399494
1.425514
1.451286
1.477018
1.502008
1.527822
1.553924
1.579326
1.604975
1.631242
1.657262
1.683529
1.709589
1.735939
1.733633
1.722023
1.709137
1.697033
1.684599
1.670642
1.657591
1.644540
1.633136
1.623132
1.612098
1.599335
1.585831
1.574674
1.564052
1.553142
1.543096
1.531198
1.516871
1.501597
1.489163
1.476483
1.461620
1.446305
1.432472
1.418968
1.405176
1.390519
1.377344
1.362935
1.357047
1.353218
1.350254
1.346672
1.344161
1.343049
1.341650
1.340126
1.336997
1.332674
1.328516
1.326334
1.325634
1.322752
1.320365
1.316742
1.311883
1.310195
1.311389
1.314395
1.312748
1.310237
1.309866
1.310936
1.311966
1.310607
1.310854
1.310031
1.308219
1.307231
1.304637
1.303608
1.302497
1.301797
1.300850
1.300191
1.299326
1.298174
1.297144
1.296280
1.295621
1.294551
1.292245
1.291916
1.291545
1.293727
1.295992
1.297062
1.300026
1.301220
1.304761
1.308013
1.309660
1.310031
1.308796
1.310442
1.310648
1.312254
1.313818
1.313860
1.319500
1.324646
1.329381
1.332057
1.336833
1.341608
1.347290
1.351819
1.357500
1.362111
1.367175
1.371992
1.375739
1.377509
1.379568
1.379609
1.382655
1.383726
1.383973
1.384220
1.384673
1.386155
1.387884
1.392207
1.394965
1.396118
1.397188
1.397971
1.398671
1.401429
1.389448
1.373351
1.358488
1.345767
1.330822
1.315712
1.299409
1.284587
1.268696
1.253792
1.238765
1.223820
1.210069
1.197100
1.182979
1.169516
1.153213
1.138638
1.122788
1.107884
1.092980
1.077624
1.063379
1.047528
1.033160
1.018956
1.005205
0.992031
0.978691
0.964940
0.960000
0.960000
0.960000
0.960000
0.960000
0.960000
0.960000
0.960000
0.960000
0.960000
0.960000
0.960000
0.960000
0.960000
0.960000
0.960000
0.960000
0.960000
0.960000
0.960000
0.960000
0.960000
0.960000
0.960000
0.960000
0.960000
0.960000
0.960000
0.960000
0.960000
0.962100
0.962100
0.962100
0.962100
0.962100
0.962100
0.962100
0.962100
0.962100
0.962100
0.962100
0.962100
0.962100
0.962100
0.962100
0.962100
0.962100
0.962100
0.962100
0.962100
0.962100
0.962100
0.962100
0.962100
0.962100
0.962100
0.962100
0.962100
0.962100
0.962100
0.960000
0.960000
0.960000
0.960000
0.960000
0.960000
0.960000
0.960000
0.960000
0.960000
0.960000
0.960000
0.960000
0.960000
0.960000
0.960000
0.960000
0.960000
0.960000
0.960000
0.960000
0.960000
0.960041
0.960041
0.960041
0.960041
0.960041
0.960041
0.960041
0.960041
0.960041
0.960041
0.960041
0.960041
0.960041
0.960041
0.960041
0.960041
0.960041
0.960041
0.960041
0.960082
0.961523
0.961523
0.961523
0.961523
0.961523
0.961523
0.961523
0.961523
0.961523
0.961523
0.961482
0.961482
0.961482
0.961482
0.961482
0.961482
0.961482
0.961482
0.961482
0.961482
0.961482
0.961482
0.962717
0.962717
0.962717
0.962717
0.962717
0.962717
0.962717
0.962676
0.961235
0.961235
0.961235
0.961235
0.961235
0.961235
0.961235
0.961235
0.961235
0.961235
0.961235
0.961235
0.961235
0.961235
0.961235
0.961235
0.961235
0.961235
0.961235
0.961235
0.961235
0.961235
0.960000
0.960000
0.960000
0.960000
0.960000
0.960000
0.960000
0.960000
0.960000
0.960000
0.960000
0.960000
0.960000
0.960000
0.960000
0.960000
0.960000
0.960000
0.960000
0.960000
0.961523
0.961523
0.961523
0.961523
0.961523
0.961523
0.961523
0.961523
0.961523
0.961523
0.961523
0.961523
0.961523
0.961523
0.961523
0.961523
0.961523
0.961523
0.961523
0.961523
0.961523
0.961523
0.961523
0.961523
0.961523
0.961523
0.961523
0.961523
0.961523
0.961523
0.960000
0.960000
0.960000
0.960000
0.960000
0.960000
0.960000
0.960000
0.960000
0.960000
0.960000
0.960000
0.960000
0.960000
0.960000
0.960000
0.960000
0.960000
0.960000
0.960000
0.960000
0.960000
0.960000
0.960000
0.960000
0.960000
0.960000
0.960000
0.960000
0.960000
0.960000
0.960000
0.960000
0.960000
0.960000
0.960000
0.960000
0.960000
0.960000
0.960000
0.960000
0.960000
0.960000
0.960000
0.960000
0.960000
0.960000
0.960000
0.960000
0.960000
0.960000
0.960000
0.960000
0.960000
0.960000
0.960000
0.960000
0.960000
0.960000
0.960000
0.960000
0.960000
0.960000
0.960000
0.960000
0.960000
0.961317
0.964652
0.967534
0.967534
0.967534
0.967534
0.967534
0.967534
0.967534
0.967534
0.967534
0.967534
0.967534
0.967534
0.967534
0.967534
0.967534
0.967534
0.967534
0.967534
0.967534
0.967534
0.967534
0.967534
0.967534
0.967534
0.967534
0.967534
0.967534
0.967534
0.966217
0.962882
0.960000
0.960000
0.960000
0.960000
0.960000
0.960000
0.960000
0.960000
0.960000
0.960000
0.960000
0.960000
0.960000
0.960000
0.960000
0.960000
0.960000
0.960000
0.960000
0.960000
0.960000
0.960000
0.960000
0.960000
0.960000
0.960000
0.960000
0.960000
0.960000
0.960000
0.960000
0.960000
0.960000
0.960000
0.960000
0.960000
0.960000
0.960000
0.960000
0.960000
0.960000
0.960000
0.960000
0.960000
0.960000
0.961564
0.961564
0.961564
0.961564
0.961564
0.961564
0.961564
0.961564
0.961564
0.961564
0.961564
0.961564
0.961564
0.961564
0.961564
0.961564
0.961564
0.961564
0.961564
0.961564
0.961564
0.961564
0.961564
0.961564
0.961606
0.961606
0.961606
0.961606
0.961606
0.961606
0.960041
0.960041
0.960041
0.960041
0.960041
0.960041
0.960041
0.960041
0.960041
0.960041
0.960041
0.960041
0.960041
0.960041
0.960041
0.960041
0.960041
0.960041
0.960041
0.960041
0.960041
0.960041
0.960041
0.960041
0.960000
0.960000
0.960000
0.960000
0.960000
0.960000
0.960000
0.960000
0.960000
0.960000
0.960000
0.960000
0.960000
0.960000
0.960000
0.960000
0.960000
0.960000
0.960000
0.961070
0.961235
0.961235
0.961235
0.962717
0.962717
0.962717
0.962717
0.962717
0.962717
0.962717
0.962717
0.962717
0.962717
0.962717
0.962717
0.962717
0.962717
0.962717
0.962717
0.962717
0.962717
0.962717
0.962717
0.962717
0.962717
0.962717
0.962717
0.962717
0.962717
0.961647
0.961482
0.961482
0.961482
0.960000
0.960000
0.960000
0.960000
0.960000
0.960000
0.960000
0.960000
0.960000
0.960000
0.960000
0.960000
0.960000
0.960000
0.960000
0.960000
0.960000
0.960000
0.960000
0.960000
0.962306
0.967205
0.968687
0.969963
0.971281
0.972269
0.972269
0.972269
0.975192
0.980832
0.984908
0.988778
0.992566
0.996353
1.000141
1.003970
1.007758
1.011545
1.015333
1.019121
1.023238
1.027561
1.031348
1.034436
1.035383
1.035383
1.035383
1.037359
1.038347
1.038471
1.036165
1.031842
1.030360
1.029084
1.027766
1.026778
1.026778
1.026778
1.023855
1.018215
1.014510
1.010640
1.006852
1.003352
1.003970
1.002364
0.999812
0.996395
0.993142
0.989354
0.985237
0.980915
0.977127
0.974039
0.973092
0.973092
0.973092
0.971116
0.970128
0.970004
0.970004
0.969428
0.969428
0.969469
0.969469
0.969469
0.969469
0.969469
0.969469
0.969469
0.969099
0.969099
0.969099
0.968810
0.965970
0.963747
0.962511
0.962141
0.962182
0.964241
0.967081
0.967987
0.969016
0.970540
0.971528
0.974574
0.974574
0.975315
0.976303
0.976303
0.976303
0.976303
0.976303
0.976551
0.976551
0.976551
0.976551
0.976551
0.977786
0.980956
0.981614
0.981614
0.981614
0.981614
0.980050
0.981532
0.981532
0.981532
0.980956
0.978897
0.976056
0.975151
0.974121
0.972598
0.971610
0.968563
0.968563
0.968152
0.967987
0.967987
0.967987
0.967987
0.967987
0.967699
0.967699
0.967699
0.967699
0.967699
0.968193
0.965187
0.965723
0.966381
0.967946
0.972763
0.977497
0.980585
0.983261
0.985937
0.988984
0.993966
0.999400
1.004464
1.010598
1.012945
1.015210
1.018421
1.018791
1.018462
1.017639
1.017639
1.017639
1.017639
1.017639
1.017639
1.017639
1.017639
1.017639
1.017639
1.016939
1.016939
1.015745
1.015086
1.013522
1.008705
1.003970
0.999400
0.996724
0.994048
0.991001
0.986020
0.980585
0.975521
0.969387
0.967040
0.964776
0.963129
0.962758
0.962758
0.962758
0.962758
0.962758
0.962758
0.962758
0.962758
0.962758
0.962758
0.963005
0.963005
0.961976
0.961811
0.961811
0.961811
0.961811
0.961811
0.961811
0.961811
0.961811
0.961811
0.961811
0.961811
0.961811
0.961811
0.961811
0.961811
0.961811
0.960247
0.960247
0.960247
0.960988
0.965887
0.970128
0.974327
0.978527
0.982767
0.986967
0.988078
0.988408
0.990425
0.993389
0.994501
0.994954
0.995365
0.995736
0.995983
0.996148
0.996189
0.996189
0.996189
0.996189
0.996189
0.996189
0.996189
0.996189
0.996189
0.996189
0.996189
0.996189
0.996189
0.995448
0.990548
0.986308
0.982109
0.977909
0.973669
0.969469
0.968358
0.967781
0.965764
0.962800
0.961688
0.961235
0.960823
0.960453
0.961235
0.962141
0.962100
0.962100
0.962100
0.962100
0.962100
0.962100
0.962100
0.962100
0.962100
0.962100
0.962100
0.962100
0.962141
0.962141
0.962141
0.962141
0.962141
0.962141
0.962141
0.962141
0.962141
0.962141
0.962141
0.962141
0.962141
0.962141
0.962141
0.962141
0.961112
0.960041
0.960041
0.960041
0.961564
0.961606
0.961606
0.961606
0.961606
0.961606
0.961606
0.961606
0.961606
0.961606
0.961564
0.961564
0.961564
0.961564
0.961564
0.961564
0.961564
0.961564
0.962306
0.962800
0.962800
0.962800
0.966546
0.973339
0.980132
0.986884
0.988243
0.988243
0.988243
0.988243
0.986720
0.986678
0.986678
0.986678
0.986678
0.986678
0.986678
0.986678
0.986678
0.986678
0.986678
0.987419
0.988284
0.988284
0.989025
0.989107
0.991701
0.997753
1.003764
1.010022
1.015745
1.015745
1.011998
1.005205
0.999235
0.992483
0.991784
0.994789
0.995365
0.996765
0.999071
1.002406
1.002817
1.002900
1.003517
1.003599
1.004176
1.004176
1.004176
1.004176
1.004176
1.003435
1.002570
1.002570
1.001829
1.001747
0.999153
0.993101
0.986349
0.979597
0.973874
0.977333
0.980215
0.980215
0.979474
0.979474
0.978815
0.975809
0.975233
0.973833
0.971528
0.968193
0.967781
0.967699
0.967246
0.967287
0.966711
0.966711
0.966917
0.966917
0.966917
0.966917
0.966958
0.967617
0.967617
0.967617
0.967617
0.967617
0.967864
0.973463
0.973463
0.970004
0.967122
0.967122
0.967040
0.967040
0.967040
0.967040
0.967040
0.967040
0.967040
0.967040
0.967040
0.967040
0.966875
0.966752
0.966752
0.966752
0.966546
0.966546
0.966546
0.966546
0.966505
0.965846
0.965846
0.965846
0.965846
0.965846
0.965599
0.960000
0.960000
0.960000
0.960000
0.960000
0.960000
0.960000
0.960000
0.961564
0.961564
0.961564
0.961564
0.961564
0.961564
0.961564
0.961564
0.961564
0.961564
0.961564
0.961564
0.961564
0.961564
0.961564
0.961564
0.961564
0.961564
0.961564
0.961564
0.961564
0.962800
0.962800
0.962800
0.962800
0.962800
0.962800
0.962800
0.962800
0.962800
0.961235
0.961235
0.961235
0.961235
0.961482
0.961482
0.961482
0.961482
0.962264
0.963005
0.963005
0.963005
0.963005
0.963005
0.963005
0.963005
0.963005
0.963005
0.963005
0.963005
0.965352
0.967122
0.967164
0.967164
0.967164
0.967164
0.968111
0.968358
0.970581
0.972557
0.972557
0.972557
0.973257
0.977786
0.982397
0.991948
0.996765
1.001994
1.006029
1.009940
1.014633
1.019244
1.023938
1.028590
1.033242
1.034807
1.034807
1.034807
1.034807
1.034807
1.032625
1.029619
1.032131
1.034477
1.035218
1.035218
1.034271
1.034024
1.031801
1.029825
1.030978
1.030978
1.030278
1.025749
1.020891
1.011339
1.006523
1.001294
0.996477
0.993348
0.988655
0.984044
0.979350
0.974698
0.970046
0.968481
0.968481
0.968481
0.968481
0.968481
0.968316
0.968316
0.965764
0.963417
0.962676
0.962676
0.963129
0.964199
0.964199
0.964199
0.963047
0.963047
0.963047
0.963047
0.963047
0.963047
0.963047
0.963047
0.963047
0.961523
0.961523
0.961523
0.961523
0.961523
0.963047
0.963047
0.963047
0.963047
0.963047
0.963047
0.963047
0.963047
0.963047
0.963047
0.963047
0.963047
0.962594
0.961523
0.961523
0.961523
0.961523
0.961523
0.961523
0.961523
0.961523
0.961523
0.961523
0.961523
0.963499
0.963499
0.963499
0.963499
0.963499
0.963499
0.961976
0.961976
0.961976
0.961976
0.961976
0.961976
0.961976
0.961976
0.961976
0.961976
0.961976
0.961976
0.963541
0.963541
0.963541
0.963541
0.963541
0.963541
0.963541
0.963541
0.963541
0.963541
0.963541
0.963541
0.961564
0.961564
0.961564
0.961564
0.961564
0.962388
0.963088
0.963088
0.963088
0.963088
0.963088
0.963088
0.963088
0.963088
0.963088
0.963088
0.963088
0.963088
0.961523
0.961523
0.961523
0.961523
0.961523
0.961523
0.963088
0.963088
0.963088
0.963088
0.963088
0.963088
0.963088
0.963088
0.963088
0.963088
0.963088
0.962264
0.961564
0.961564
0.961564
0.961564
0.961606
0.961606
0.961606
0.961606
0.961606
0.961647
0.964282
0.966052
0.968111
0.968111
0.968152
0.968234
0.968234
0.968234
0.966670
0.966670
0.966670
0.966670
0.966670
0.966670
0.966670
0.966670
0.966670
0.966670
0.966670
0.966670
0.968193
0.968193
0.968193
0.968275
0.968234
0.968234
0.968234
0.968234
0.969552
0.971775
0.969675
0.967905
0.965846
0.965846
0.965805
0.965723
0.967452
0.967452
0.967864
0.968975
0.968975
0.968975
0.968975
0.968975
0.968975
0.968975
0.968975
0.968975
0.968975
0.968975
0.967452
0.967452
0.967452
0.967370
0.967370
0.967370
0.969469
0.973957
0.972845
0.970581
0.970334
0.970334
0.970334
0.970334
0.970334
0.970334
0.968605
0.968605
0.968193
0.967081
0.967081
0.967081
0.967081
0.967081
0.967081
0.967081
0.967081
0.967081
0.967081
0.967081
0.967081
0.967081
0.967081
0.967081
0.967081
0.967081
0.964982
0.960494
0.960288
0.960288
0.960000
0.960000
0.960000
0.960329
0.961194
0.962800
0.964364
0.964446
0.964446
0.964446
0.964446
0.964446
0.964446
0.964446
0.964446
0.964446
0.966505
0.966505
0.966505
0.966505
0.966505
0.966505
0.966505
0.966505
0.966505
0.966505
0.966505
0.966505
0.966505
0.966505
0.966505
0.966505
0.966505
0.966176
0.965311
0.963705
0.962141
0.962059
0.962059
0.962059
0.962059
0.962059
0.962059
0.962059
0.962059
0.962059
0.960000
0.960000
0.960000
0.960000
0.960000
0.960000
0.960000
0.960000
0.961523
0.961523
0.961523
0.961523
0.961523
0.961523
0.961523
0.961523
0.961523
0.961523
0.961523
0.961523
0.961523
0.961523
0.961523
0.961523
0.961523
0.961523
0.961523
0.961523
0.961523
0.962306
0.965352
0.967575
0.969552
0.969552
0.970004
0.970128
0.970210
0.970210
0.968687
0.968687
0.968687
0.968687
0.968728
0.969881
0.969881
0.969881
0.969881
0.969881
0.969881
0.969881
0.969881
0.969881
0.969881
0.969881
0.969881
0.969881
0.969881
0.969881
0.969881
0.969099
0.966052
0.965970
0.963994
0.963994
0.963541
0.963417
0.963335
0.963335
0.963335
0.963335
0.963335
0.963335
0.963294
0.962141
0.962141
0.962141
0.962141
0.962141
0.962141
0.962141
0.962141
0.962141
0.962141
0.962141
0.962141
0.962141
0.962141
0.962141
0.962141
0.962141
0.962141
0.960000
0.960000
0.960000
0.960000
0.960000
0.960000
0.960000
0.960000
0.961441
0.961482
0.961482
0.961482
0.961482
0.961482
0.961482
0.961482
0.961482
0.961482
0.961482
0.961482
0.961482
0.961482
0.961482
0.961482
0.961482
0.961482
0.961482
0.961482
0.961482
0.961482
0.961482
0.961482
0.961482
0.961482
0.961482
0.961482
0.961482
0.961482
0.960041
0.960000
0.960000
0.960000
0.960000
0.960000
0.960000
0.960000
0.960000
0.960000
0.960000
0.960000
0.960000
0.960000
0.960000
0.960000
0.960000
0.960000
0.960000
0.960000
0.960000
0.960000
0.960000
0.960000
0.961112
0.962100
0.962100
0.962100
0.962100
0.962100
0.962100
0.962100
0.962100
0.962100
0.962100
0.962100
0.962100
0.962100
0.962100
0.962100
0.962100
0.962100
0.962100
0.962100
0.962100
0.962100
0.962100
0.962100
0.962100
0.962100
0.962100
0.962100
0.962100
0.962100
0.960988
0.960000
0.960000
0.960000
0.960000
0.960000
0.960000
0.960000
0.960000
0.960000
0.961564
0.961564
0.961564
0.961564
0.961564
0.961564
0.961564
0.961564
0.961564
0.961564
0.961564
0.961564
0.961564
0.961564
0.961564
0.961564
0.961564
0.961564
0.961564
0.961564
0.961564
0.961564
0.961564
0.961564
0.961564
0.961564
0.961564
0.961564
0.961564
0.961564
0.960000
0.960000
0.960000
0.960000
0.960000
0.960000
0.960000
0.960000
0.960000
0.960000
0.961523
0.961523
0.961523
0.961523
0.961523
0.961523
0.961523
0.961523
0.961523
0.961523
0.961523
0.961523
0.961523
0.961523
0.961523
0.961523
0.961523
0.961523
0.961523
0.961523
0.961523
0.961523
0.961523
0.961523
0.961523
0.961523
0.962182
0.963252
0.963252
0.963252
0.961729
0.961729
0.961729
0.961729
0.961729
0.961729
0.961729
0.961729
0.961729
0.961729
0.961729
0.961729
0.961729
0.961729
0.961729
0.961729
0.961729
0.961729
0.961729
0.961729
0.961729
0.961729
0.961729
0.961729
0.961729
0.961729
0.961070
0.962100
0.962100
0.962100
0.962100
0.962100
0.962100
0.962100
0.962100
0.962100
0.962100
0.962100
0.962100
0.962100
0.962100
0.962100
0.962100
0.962100
0.962100
0.962100
0.962100
0.962100
0.962100
0.962100
0.962100
0.962100
0.962100
0.962100
0.962100
0.962100
0.962100
0.960000
0.960000
0.960000
0.960000
0.960000
0.960000
0.960000
0.960000
0.960000
0.960000
0.960000
0.960000
0.961564
0.961564
0.961564
0.961564
0.961564
0.961564
0.961564
0.961564
0.961564
0.961564
0.961564
0.961564
0.961564
0.961564
0.961564
0.961564
0.961564
0.961564
0.961564
0.961564
0.961564
0.961564
0.961564
0.961564
0.961564
0.961564
0.961564
0.961564
0.961564
0.961564
0.960000
0.960000
0.960000
0.960000
0.960000
0.960000
0.960000
0.960000
0.960000
0.960000
0.960000
0.960000
0.960000
0.961482
0.961482
0.961482
0.961482
0.961482
0.961482
0.961482
0.961482
0.961482
0.961482
0.961482
0.961482
0.961482
0.961482
0.961482
0.961482
0.961482
0.961482
0.961482
0.961482
0.961482
0.961482
0.961482
0.961482
0.961482
0.961482
0.961482
0.962676
0.962676
0.962676
0.961194
0.961194
0.961194
0.961194
0.961194
0.961194
0.961194
0.961194
0.961194
0.961194
0.961194
0.961194
0.961194
0.961194
0.961194
0.961194
0.961194
0.961194
0.961194
0.961194
0.961194
0.961194
0.961194
0.961194
0.961194
0.961194
0.963252
0.962059
0.962059
0.962059
0.962059
0.962059
0.962059
0.962059
0.962059
0.962059
0.962059
0.962059
0.962059
0.962059
0.962059
0.962059
0.962059
0.962059
0.962059
0.963252
0.966628
0.967452
0.967452
0.967452
0.967452
0.967452
0.967452
0.967452
0.967452
0.967452
0.965393
0.965393
0.965393
0.965393
0.965393
0.965393
0.965393
0.965393
0.965393
0.965393
0.965393
0.965393
0.966917
0.966917
0.966917
0.966917
0.966917
0.966917
0.966917
0.965723
0.962347
0.961523
0.961523
0.961523
0.961523
0.961523
0.961523
0.961523
0.961523
0.961523
0.961523
0.961523
0.961523
0.961523
0.961523
0.961523
0.961523
0.961523
0.961523
0.961523
0.961523
0.961523
0.960000
0.960000
0.960000
0.960000
0.960000
0.960000
0.960000
0.960000
0.960000
0.960000
0.960000
0.960000
0.960000
0.961523
0.961523
0.961523
0.961523
0.961523
0.961523
0.961523
0.961523
0.961523
0.961523
0.961523
0.961523
0.961523
0.961523
0.961523
0.961523
0.961523
0.961523
0.961523
0.961523
0.961523
0.961523
0.961523
0.961523
0.961523
0.961523
0.961523
0.961523
0.961523
0.961523
0.960000
0.960000
0.960000
0.960000
0.960000
0.960000
0.960000
0.960000
0.960124
0.960124
0.960124
0.960124
0.960124
0.960453
0.960865
0.960865
0.960865
0.960865
0.960865
0.960865
0.960865
0.960865
0.960865
0.960865
0.960865
0.960865
0.960865
0.962511
0.967781
0.968358
0.968358
0.968358
0.968687
0.968687
0.968687
0.968687
0.968687
0.968687
0.968563
0.968563
0.968563
0.968893
0.969675
0.969346
0.969263
0.969263
0.970210
0.970210
0.970210
0.970210
0.970210
0.970210
0.970622
0.970622
0.970622
0.975727
0.976468
0.975110
0.970128
0.969552
0.969552
0.969552
0.969222
0.969222
0.969222
0.969222
0.969222
0.969222
0.969510
0.970046
0.970046
0.969716
0.968934
0.968934
0.968605
0.968605
0.967658
0.967658
0.967658
0.967658
0.967658
0.967658
0.967246
0.967246
0.967246
0.962141
0.961400
0.961112
0.960823
0.960823
0.960823
0.960823
0.960823
0.962306
0.962306
0.962306
0.962511
0.963047
0.963005
0.962841
0.963170
0.964076
0.964158
0.964199
0.964570
0.964570
0.964570
0.964570
0.964570
0.964570
0.964570
0.965311
0.965311
0.965558
0.969140
0.976056
0.982438
0.982438
0.982438
0.982438
0.982438
0.982438
0.982438
0.981738
0.984167
0.987378
0.990425
0.993101
0.996148
0.999400
1.002694
1.006811
1.013274
1.017515
1.020603
1.023032
1.023032
1.023032
1.023032
1.023032
1.023032
1.022291
1.022291
1.022044
1.018462
1.011545
1.005164
1.005205
1.006770
1.006852
1.006852
1.006852
1.006852
1.006070
1.003888
1.000676
0.997424
0.994748
0.991454
0.987831
0.984208
0.979185
0.972639
0.968358
0.964899
0.962470
0.962470
0.962470
0.962470
0.962470
0.962470
0.962470
0.962470
0.962470
0.962470
0.962470
0.962470
0.962429
0.960865
0.960782
0.960782
0.960782
0.960782
0.960782
0.962059
0.962059
0.962059
0.961523
0.961523
0.961523
0.961523
0.961523
0.961523
0.961523
0.961523
0.961523
0.961523
0.961523
0.961523
0.961523
0.961523
0.961523
0.961523
0.961523
0.961523
0.961523
0.961523
0.961523
0.961523
0.961523
0.961523
0.961523
0.961523
0.961523
0.960000
0.960000
0.960000
0.960000
0.960000
0.960000
0.960000
0.960000
0.960000
0.960000
0.960000
0.960000
0.960000
0.960000
0.960000
0.960000
0.960000
0.960000
0.960000
0.960412
0.960453
0.960453
0.962100
0.962100
0.962100
0.962100
0.962100
0.962100
0.962100
0.962100
0.962100
0.962100
0.962100
0.962100
0.962100
0.962100
0.962100
0.962100
0.962100
0.962100
0.962100
0.962882
0.962882
0.964117
0.966587
0.970375
0.970622
0.970787
0.970787
0.970375
0.970334
0.970334
0.968687
0.968687
0.968687
0.968687
0.968687
0.968687
0.968687
0.968687
0.968687
0.968687
0.968687
0.968687
0.968687
0.968687
0.968687
0.968687
0.968687
0.968687
0.968687
0.967987
0.967987
0.966752
0.964282
0.960494
0.960247
0.960082
0.960082
0.960082
0.960082
0.960082
0.960082
0.960082
0.960082
0.960082
0.960082
0.960082
0.960082
0.960082
0.960082
0.960082
0.960082
0.960206
0.960206
0.960206
0.960206
0.960206
0.960206
0.960329
0.960329
0.960659
0.960988
0.961070
0.961070
0.961070
0.961070
0.961070
0.961070
0.961317
0.961317
0.961317
0.961317
0.961317
0.961317
0.961317
0.961317
0.963170
0.965476
0.965517
0.965517
0.965517
0.965517
0.965393
0.965393
0.965393
0.965393
0.967493
0.967493
0.967370
0.967370
0.966958
0.966628
0.966546
0.966546
0.966546
0.966546
0.966546
0.966546
0.966299
0.966299
0.966299
0.966299
0.966299
0.966299
0.966299
0.966299
0.964446
0.962141
0.962100
0.962100
0.962100
0.962100
0.962100
0.962100
0.962264
0.962264
0.960165
0.960165
0.960165
0.960165
0.960165
0.960165
0.960165
0.960165
0.960165
0.960165
0.960165
0.960165
0.960165
0.960165
0.960165
0.960165
0.960165
0.960165
0.960165
0.960165
0.960165
0.960165
0.960165
0.960165
0.960165
0.960165
0.960165
0.960165
0.960000
0.960000
0.961235
0.961235
0.961235
0.961235
0.961235
0.961235
0.962017
0.962758
0.962758
0.962758
0.962758
0.962758
0.962758
0.962758
0.962758
0.962758
0.962758
0.962758
0.962758
0.962758
0.962758
0.962758
0.962758
0.962758
0.962758
0.962758
0.962758
0.962758
0.962758
0.962758
0.961523
0.961523
0.961523
0.961523
0.961523
0.961523
0.960741
0.960000
0.960000
0.960000
0.960000
0.960000
0.960000
0.960000
0.960000
0.960000
0.960000
0.960000
0.960000
0.960000
0.960000
0.962635
0.968069
0.970663
0.971939
0.972228
0.972228
0.972228
0.972228
0.972228
0.972228
0.972228
0.972228
0.972228
0.972228
0.972228
0.972228
0.972228
0.972228
0.972228
0.973133
0.973133
0.973133
0.973133
0.973133
0.974657
0.974657
0.974657
0.974657
0.974657
0.974657
0.972022
0.966587
0.963994
0.962841
0.965023
0.966628
0.966628
0.966628
0.966628
0.966628
0.966628
0.967122
0.967122
0.967122
0.967122
0.967122
0.967287
0.968111
0.968934
0.968028
0.968028
0.968028
0.968028
0.968028
0.966505
0.966505
0.966505
0.966505
0.966505
0.966505
0.966505
0.966505
0.966505
0.966381
0.963911
0.962306
0.962306
0.962306
0.962306
0.962306
0.962306
0.961811
0.961811
0.961811
0.961811
0.962594
0.963499
0.963088
0.962264
0.963499
0.968440
0.968440
0.968440
0.968440
0.968440
0.968440
0.968522
0.969634
0.970210
0.970210
0.970210
0.970210
0.970210
0.970210
0.970869
0.971445
0.971445
0.971445
0.971445
0.971445
0.971445
0.971445
0.971445
0.971445
0.971445
0.970663
0.969593
0.969181
0.969181
0.967946
0.963005
0.963005
0.963005
0.963005
0.963252
0.966670
0.966752
0.965640
0.965064
0.965064
0.965064
0.965064
0.965064
0.965064
0.964405
0.963829
0.963829
0.963829
0.963829
0.963829
0.963829
0.963829
0.963829
0.963829
0.963829
0.964364
0.964570
0.964570
0.964570
0.964570
0.964570
0.965434
0.966299
0.966299
0.966052
0.962635
0.962470
0.963541
0.967534
0.967534
0.967864
0.968975
0.969387
0.969387
0.969387
0.969387
0.969428
0.970951
0.970951
0.971240
0.971240
0.971240
0.971240
0.971240
0.971240
0.970704
0.972186
0.972186
0.972186
0.972186
0.972186
0.971322
0.970457
0.970457
0.970457
0.972022
0.972022
0.970951
0.966958
0.966958
0.966958
0.965846
0.965434
0.965434
0.965558
0.966958
0.966917
0.965393
0.965393
0.965105
0.965105
0.965105
0.965105
0.965105
0.965105
0.965105
0.963417
0.964982
0.965764
0.966381
0.966381
0.966381
0.966381
0.966381
0.966381
0.964817
0.964817
0.966381
0.966381
0.966381
0.966052
0.966052
0.966052
0.966052
0.965929
0.964529
0.964529
0.964529
0.964529
0.964529
0.964529
0.966670
0.966670
0.966670
0.966670
0.968028
0.970498
0.968975
0.968193
0.967575
0.967575
0.969140
0.969140
0.969140
0.969140
0.969140
0.969140
0.967575
0.972022
0.976674
0.981573
0.987831
0.992730
0.997012
1.001335
1.005617
1.009940
1.014221
1.018544
1.020726
1.020726
1.020109
1.020109
1.020109
1.020109
1.018750
1.016280
1.016239
1.016239
1.016239
1.016239
1.016074
1.016198
1.016198
1.016856
1.016856
1.016856
1.016856
1.012410
1.007758
1.002858
0.996600
0.993225
0.988943
0.984620
0.980338
0.976015
0.971734
0.967411
0.965229
0.965229
0.963705
0.963705
0.963705
0.963705
0.963705
0.965846
0.965846
0.965846
0.965846
0.965846
0.964446
0.964323
0.964323
0.963664
0.963664
0.965187
0.965187
0.965187
0.965187
0.965187
0.965187
0.963664
0.963664
0.963664
0.963664
0.964529
0.965146
0.965146
0.965146
0.965146
0.965146
0.965146
0.965146
0.965146
0.965146
0.963005
0.964529
0.964529
0.964529
0.964529
0.964529
0.964529
0.964529
0.964529
0.964529
0.963005
0.963088
0.964488
0.964488
0.964488
0.964488
0.964488
0.964488
0.964488
0.964488
0.963623
0.963005
0.963005
0.963005
0.963005
0.963005
0.965146
0.965146
0.965146
0.965146
0.967205
0.968111
0.970293
0.972475
0.972557
0.972557
0.973175
0.974080
0.974080
0.974080
0.974080
0.973998
0.972598
0.972598
0.972598
0.972598
0.972598
0.974080
0.974080
0.974080
0.974080
0.974080
0.974080
0.974080
0.974080
0.974080
0.971939
0.971939
0.973463
0.973463
0.971404
0.968975
0.966793
0.964611
0.964611
0.967534
0.970251
0.972680
0.976921
0.980668
0.983920
0.987172
0.990425
0.993636
0.996889
1.000100
1.003311
1.005040
1.008252
1.011422
1.014633
1.017803
1.021015
1.026120
1.029331
1.032707
1.035877
1.039047
1.040694
1.043864
1.047034
1.050163
1.053333
1.056503
1.060991
1.061197
1.061032
1.060826
1.059715
1.059138
1.059015
1.058891
1.058809
1.058727
1.058603
1.059921
1.059838
1.059715
1.059632
1.059591
1.059509
1.059468
1.059344
1.057368
1.057286
1.057492
1.058315
1.058233
1.058191
1.058150
1.058109
1.058356
1.058274
1.058191
1.056750
1.056709
1.058850
1.061979
1.062061
1.061979
1.061938
1.061897
1.061814
1.061773
1.061732
1.060291
1.060250
1.060332
1.061567
1.061526
1.061485
1.061444
1.061444
1.061362
1.061320
1.060826
1.059921
1.059921
1.059838
1.061238
1.061156
1.060867
1.060867
1.060826
1.060785
1.060744
1.058521
1.055309
1.055145
1.055145
1.055104
1.055104
1.055062
1.055021
1.056997
1.056997
1.056956
1.056833
1.055515
1.055474
1.055474
1.055433
1.055392
1.055392
1.055392
1.055639
1.056709
1.056668
1.056668
1.055186
1.055186
1.055145
1.055104
1.055104
1.055062
1.055062
1.055021
1.056462
1.056462
1.056380
1.056380
1.056339
1.056339
1.056339
1.054321
1.054239
1.054239
1.054239
1.055639
1.055598
1.055556
1.055556
1.055515
1.055515
1.055433
1.055145
1.053992
1.053992
1.053951
1.053951
1.055351
1.055309
1.055268
1.055227
1.055186
1.055186
1.055145
1.053663
1.053621
1.053621
1.053621
1.055021
1.054980
1.054939
1.054898
1.054898
1.054857
1.054815
1.053416
1.053416
1.053374
1.053333
1.053333
1.054733
1.054692
1.054692
1.054651
1.054651
1.054610
1.054568
1.053127
1.053210
1.055721
1.057368
1.058809
1.058768
1.058768
1.058727
1.058727
1.058727
1.058644
1.057203
1.057203
1.057203
1.057203
1.057162
1.058603
1.058562
1.058521
1.058521
1.058480
1.058480
1.058480
1.056997
1.057039
1.056956
1.056997
1.056915
1.056956
1.056956
1.056915
1.058768
1.056215
1.054568
1.053086
1.053086
1.053045
1.053086
1.053045
1.053045
1.053045
1.053004
1.053004
1.054404
1.054363
1.054363
1.052922
1.052922
1.052880
1.052880
1.052880
1.052839
1.052839
1.052839
1.054239
1.054239
1.054198
1.054239
1.054198
1.054157
1.054157
1.052222
1.052222
1.052181
1.052181
1.052181
1.053621
1.053580
1.053580
1.053539
1.053539
1.053580
1.053539
1.052098
1.052098
1.052098
1.052098
1.052098
1.053498
1.053498
1.053498
1.053498
1.053457
1.053457
1.052016
1.052016
1.052016
1.051975
1.051975
1.053374
1.053374
1.053333
1.053333
1.053333
1.053333
1.053251
1.051810
1.051810
1.051810
1.051810
1.051810
1.053169
1.053169
1.053127
1.053127
1.053127
1.053086
1.053045
1.051645
1.051604
1.051604
1.051604
1.051645
1.053004
1.052963
1.052963
1.052963
1.052922
1.052922
1.051522
1.051481
1.051481
1.051481
1.051439
1.052839
1.052880
1.052880
1.052839
1.052839
1.052798
1.052798
1.051398
1.051357
1.051398
1.051357
1.051357
1.051357
1.051357
1.051357
1.051316
1.053169
1.053292
1.053210
1.051851
1.051851
1.051851
1.051810
1.051810
1.051810
1.051769
1.051769
1.051728
1.053086
1.053086
1.051645
1.051604
1.051604
1.051604
1.051563
1.051563
1.051522
1.051522
1.051522
1.051481
1.052922
1.052839
1.052839
1.052839
1.052798
1.052798
1.050904
1.050740
1.050740
1.050740
1.050740
1.050698
1.052098
1.052098
1.052057
1.052057
1.052098
1.052098
1.050698
1.050698
1.050698
1.050698
1.050657
1.050657
1.052057
1.052098
1.052057
1.052057
1.052016
1.052057
1.050575
1.050616
1.050575
1.050575
1.050575
1.050575
1.051975
1.051975
1.051934
1.051934
1.051892
1.051892
1.050493
1.050493
1.050493
1.050451
1.050410
1.050410
1.050369
1.050369
1.050328
1.050328
1.052263
1.052263
1.050863
1.050781
1.050822
1.050740
1.050781
1.050698
1.050740
1.050698
1.050698
1.050493
1.050122
1.051398
1.049628
1.046705
1.043823
1.040859
1.037977
1.035054
1.032131
1.029207
1.026284
1.023402
1.021961
1.019038
1.016156
1.013233
1.010351
1.007428
1.002570
0.999647
0.996724
0.993842
0.990919
0.988037
0.986596
0.983714
0.980791
0.977909
0.974986
0.972269
0.969716
0.965517
0.962964
0.962964
0.962964
0.962964
0.964488
0.964488
0.964488
0.964488
0.964488
0.964488
0.963005
0.963005
0.963005
0.963005
0.963005
0.963005
0.964446
0.964446
0.964446
0.964446
0.964446
0.964446
0.962964
0.962964
0.962964
0.962964
0.962964
0.962964
0.963458
0.965805
0.970787
0.974039
0.977786
0.979556
0.978815
0.978815
0.978815
0.978815
0.978815
0.978815
0.978815
0.979268
0.979268
0.979268
0.980750
0.980750
0.979309
0.979350
0.980338
0.980626
0.980626
0.980626
0.980626
0.980626
0.980626
0.981367
0.982109
0.982109
0.981614
0.979268
0.974286
0.971034
0.967287
0.965517
0.964735
0.964735
0.964735
0.965929
0.966258
0.966258
0.966258
0.965805
0.965805
0.965805
0.964323
0.964940
0.964940
0.964899
0.963911
0.964241
0.965270
0.965270
0.965270
0.965270
0.965270
0.964529
0.963788
0.963788
0.963788
0.963788
0.963788
0.963788
0.963788
0.963788
0.963788
0.966587
0.972392
0.972845
0.972516
0.972516
0.972516
0.972516
0.972516
0.972516
0.972516
0.971898
0.971898
0.972845
0.973380
0.972763
0.971734
0.971734
0.971734
0.971734
0.971734
0.971734
0.971734
0.971734
0.971734
0.973216
0.973216
0.973216
0.973216
0.973216
0.973216
0.970416
0.964611
0.962964
0.962964
0.962964
0.962964
0.964488
0.964611
0.967946
0.969840
0.969840
0.969840
0.968893
0.968358
0.968358
0.968358
0.968358
0.968358
0.968358
0.968358
0.968358
0.968358
0.970457
0.970457
0.968975
0.968975
0.968975
0.968975
0.968975
0.968975
0.968975
0.968975
0.968975
0.968975
0.970457
0.970457
0.968934
0.968810
0.965476
0.964611
0.964693
0.964693
0.964735
0.968069
0.970046
0.970046
0.971816
0.971816
0.971816
0.971816
0.971816
0.971816
0.969716
0.969716
0.969716
0.969716
0.969716
0.969716
0.971157
0.971157
0.971157
0.971198
0.971198
0.971198
0.969716
0.969716
0.969716
0.969716
0.969716
0.968687
0.968810
0.969057
0.969016
0.965764
0.965846
0.969099
0.969634
0.969634
0.969634
0.969634
0.969634
0.969634
0.969881
0.969881
0.969881
0.969881
0.971404
0.971404
0.969963
0.969963
0.969963
0.969922
0.969922
0.969922
0.969922
0.969922
0.969922
0.970046
0.971445
0.971445
0.971240
0.970992
0.970992
0.970910
0.968852
0.965599
0.963294
0.963294
0.963294
0.964323
0.964776
0.964776
0.964529
0.964529
0.964529
0.964529
0.963005
0.963005
0.963005
0.963005
0.963005
0.963952
0.964529
0.964529
0.964529
0.964529
0.964529
0.964405
0.963005
0.963005
0.963005
0.963005
0.963005
0.963005
0.963005
0.963005
0.963005
0.963005
0.965064
0.964035
0.963582
0.963582
0.963582
0.963582
0.963582
0.963582
0.963582
0.963582
0.963582
0.963623
0.965146
0.964199
0.963623
0.963623
0.963623
0.963623
0.963623
0.963623
0.963623
0.963623
0.963623
0.963623
0.965105
0.965105
0.965105
0.965105
0.965105
0.965105
0.963047
0.963047
0.963047
0.963047
0.963047
0.963047
0.963047
0.963047
0.963047
0.964899
0.970128
0.970416
0.968893
0.968893
0.968893
0.968893
0.968893
0.968893
0.968893
0.968893
0.968893
0.968893
0.970416
0.970416
0.968934
0.968934
0.968934
0.968934
0.969222
0.969593
0.969593
0.975562
0.975645
0.975645
0.975645
0.975645
0.975645
0.975645
0.975645
0.973792
0.968563
0.968234
0.968234
0.968234
0.968234
0.969593
0.973380
0.973998
0.973998
0.973998
0.973998
0.973998
0.972475
0.972475
0.972475
0.972475
0.972475
0.972475
0.972186
0.972228
0.975768
0.973257
0.976633
0.980173
0.983796
0.987831
0.988531
0.988531
0.988531
0.988531
0.988531
0.988531
0.988696
0.990466
0.990466
0.991001
0.989313
0.990672
0.992607
0.994583
0.996559
0.998494
1.000471
1.001500
1.003805
1.008169
1.011092
1.014016
1.017762
1.024020
1.028137
1.027972
1.027190
1.025461
1.027437
1.027272
1.026614
1.026696
1.026943
1.026984
1.027314
1.027643
1.027766
1.026284
1.026573
1.025214
1.023155
1.021179
1.019779
1.018338
1.016362
1.014427
1.012451
1.011422
1.009363
1.004999
1.002076
1.005287
1.001582
0.994954
0.987296
0.984002
0.981326
0.979515
0.973916
0.970046
0.970004
0.969922
0.969675
0.969634
0.969305
0.968975
0.968934
0.968646
0.968975
0.968440
0.968399
0.968399
0.967864
0.967328
0.967328
0.967328
0.967328
0.967328
0.967081
0.967081
0.967081
0.960947
0.960906
0.960865
0.961811
0.962388
0.962388
0.962429
0.962429
0.962429
0.962429
0.962429
0.962429
0.962429
0.962429
0.962429
0.962182
0.962182
0.961564
0.961564
0.961564
0.961564
0.961564
0.961564
0.961564
0.961564
0.961564
0.961564
0.961564
0.961564
0.961564
0.961564
0.967287
0.967328
0.966381
0.967699
0.970128
0.972392
0.972969
0.972969
0.972969
0.972969
0.972969
0.972969
0.972969
0.972969
0.972969
0.972969
0.972969
0.972969
0.972969
0.972969
0.972969
0.972969
0.972969
0.972969
0.972969
0.972969
0.975027
0.975027
0.975027
0.975027
0.969305
0.969263
0.969263
0.967370
0.964940
0.962635
0.962059
0.962059
0.962059
0.962100
0.962100
0.962100
0.962100
0.962100
0.962100
0.962100
0.962635
0.963623
0.966875
0.969263
0.969263
0.970251
0.970787
0.971692
0.972104
0.972886
0.972516
0.972722
0.977539
0.980050
0.980050
0.980050
0.980050
0.980050
0.980050
0.980050
0.980050
0.980626
0.981614
0.981573
0.981861
0.988613
0.995365
1.002117
1.008622
1.008663
1.008128
1.008375
1.005411
1.003023
1.003023
1.002035
1.001500
1.000594
1.000182
1.001253
1.002035
1.003352
0.998577
0.996065
0.996065
0.996065
0.996065
0.996065
0.996065
0.996065
0.996065
0.995489
0.994501
0.994501
0.994213
0.989560
0.982808
0.976056
0.969552
0.971157
0.971157
0.969922
0.971281
0.971281
0.971981
0.980215
0.988490
0.995283
1.000759
0.998906
0.996436
0.994912
0.996518
0.996518
0.997424
1.000223
1.001706
1.001953
1.003599
1.012122
1.020438
1.027149
1.033530
1.033530
1.033530
1.031431
1.032913
1.032913
1.032913
1.031266
1.031266
1.032913
1.031266
1.031266
1.032213
1.023979
1.017721
1.018956
1.020232
1.026984
1.031142
1.031142
1.029496
1.029496
1.030237
1.027437
1.027766
1.030895
1.029249
1.020726
1.014057
1.007346
1.000965
1.000965
1.000965
1.000965
0.999482
0.999482
0.999482
0.999688
0.999688
0.998041
1.000100
1.000100
0.998453
0.998453
0.996436
0.988408
0.981656
0.974904
0.970745
0.970745
0.970869
0.972269
0.970622
0.970622
0.968810
0.965434
0.965434
0.965434
0.963788
0.963788
0.963788
0.963870
0.965311
0.965311
0.965311
0.965311
0.965311
0.965105
0.965105
0.965105
0.963047
0.963047
0.963458
0.964611
0.964611
0.964611
0.964611
0.964611
0.964611
0.964611
0.964488
0.963088
0.963088
0.963088
0.963088
0.963088
0.963088
0.964076
0.965146
0.965146
0.965146
0.965064
0.963623
0.963623
0.963623
0.963623
0.963623
0.963623
0.964158
0.965146
0.965146
0.965146
0.964735
0.963582
0.963582
0.963582
0.963582
0.963582
0.963582
0.963870
0.965146
0.965146
0.965146
0.965146
0.965146
0.965146
0.965146
0.964158
0.963088
0.963088
0.963088
0.964611
0.964611
0.964611
0.964611
0.964611
0.964611
0.964611
0.964076
0.963088
0.963088
0.963088
0.963088
0.963088
0.963088
0.963088
0.965270
0.968605
0.970416
0.970251
0.969140
0.969140
0.969140
0.969140
0.969140
0.969140
0.969140
0.970663
0.970663
0.970663
0.970663
0.969140
0.969140
0.969140
0.969140
0.969140
0.969140
0.969140
0.970704
0.970704
0.970704
0.970704
0.970704
0.970704
0.970704
0.970704
0.968522
0.965229
0.963417
0.963994
0.964611
0.964611
0.964611
0.964611
0.964611
0.964611
0.964611
0.963088
0.963088
0.963088
0.963088
0.963088
0.963088
0.964776
0.965311
0.966958
0.966958
0.966958
0.965393
0.965393
0.965393
0.965393
0.965393
0.965393
0.965393
0.965393
0.966917
0.966875
0.966875
0.966176
0.965393
0.965393
0.965393
0.965393
0.965393
0.965393
0.965393
0.966958
0.966958
0.966958
0.966958
0.966958
0.966958
0.965270
0.964735
0.963088
0.963088
0.963088
0.963088
0.964570
0.964570
0.964570
0.964570
0.964570
0.964570
0.964570
0.963047
0.963047
0.963047
0.963129
0.964652
0.964652
0.964652
0.964652
0.964652
0.964652
0.965270
0.963705
0.964117
0.964364
0.964735
0.971734
0.979309
0.987584
0.996395
1.002570
1.007716
1.007716
1.007716
1.006234
1.006234
1.006234
1.006234
1.006234
1.006234
1.006234
1.006234
1.006234
1.006234
1.006152
1.004629
1.004629
1.004629
1.005987
1.006276
1.006276
1.006975
1.007264
1.006852
1.013151
1.020768
1.020438
1.019203
1.010928
1.002117
0.995942
0.992442
0.992442
0.992442
0.996065
0.996065
0.996065
0.997671
0.997671
0.997671
0.997671
0.997671
0.997671
0.997671
0.997671
0.997671
0.997671
0.997671
0.996312
0.996024
0.997300
0.996189
0.995901
0.995901
0.989354
0.981367
0.974698
0.968358
0.968358
0.968358
0.968358
0.966711
0.966711
0.966711
0.963252
0.963294
0.963294
0.961688
0.961688
0.961688
0.961688
0.961688
0.961688
0.961688
0.961688
0.961688
0.963170
0.963170
0.963170
0.963170
0.961894
0.961688
0.961688
0.961688
0.961688
0.961688
0.961688
0.961688
0.961688
0.961688
0.961688
0.961688
0.961688
0.961688
0.961523
0.961482
0.961482
0.961482
0.961482
0.961482
0.961482
0.961482
0.961482
0.961482
0.961482
0.961482
0.960041
0.960041
0.960041
0.960041
0.960041
0.960041
0.962141
0.962141
0.962141
0.962141
0.962141
0.962141
0.962141
0.962141
0.962141
0.962141
0.962141
0.962141
0.962141
0.962141
0.962141
0.962141
0.962141
0.962141
0.962141
0.962470
0.965558
0.972063
0.979968
0.984373
0.989066
0.993966
0.999235
1.004958
1.009528
1.014098
1.013810
1.013810
1.013810
1.013810
1.013810
1.013810
1.017844
1.022332
1.025790
1.025790
1.025790
1.025790
1.025790
1.025790
1.025790
1.025790
1.025790
1.025790
1.025790
1.025461
1.022373
1.015868
1.008499
1.006523
1.003147
0.998247
0.992977
0.987255
0.982685
0.978321
0.976509
0.976509
0.976509
0.976509
0.976509
0.976509
0.972722
0.968234
0.964776
0.964776
0.964776
0.964776
0.966217
0.966217
0.966217
0.966217
0.966217
0.966217
0.966217
0.966217
0.966217
0.966217
0.965682
0.963252
0.961894
0.961894
0.961894
0.961894
0.961894
0.961688
0.961688
0.961688
0.961688
0.961688
0.961688
0.961688
0.961441
0.961441
0.961441
0.961441
0.961441
0.961441
0.960000
0.960000
0.960000
0.960000
0.960000
0.960000
0.960000
0.960000
0.960000
0.960000
0.960000
0.960000
0.960000
0.960000
0.960000
0.960000
0.960000
0.960000
0.960000
0.960000
0.960000
0.960000
0.961317
0.961523
0.961523
0.961523
0.961811
0.961976
0.961976
0.962044
0.962117
0.962196
0.962280
0.962371
0.962470
0.962578
0.962695
0.962823
0.962964
0.963120
0.963294
0.963487
0.963705
