0.960000
0.960000
0.960000
0.960000
0.960000
0.960000
0.960000
0.960000
0.960000
0.960000
0.960000
0.960000
0.960000
0.960000
0.960000
0.960000
0.960000
0.960000
0.960000
0.960000
0.960000
0.960000
0.960000
0.960000
0.960000
0.960000
0.960000
0.960000
0.960000
0.960000
0.960000
0.960000
0.960000
0.960000
0.960000
0.960000
0.960000
0.960000
0.960000
0.960000
0.960000
0.960000
0.960000
0.960000
0.960000
0.960000
0.960000
0.960000
0.960000
0.960000
0.960000
0.960000
0.960000
0.960000
0.960000
0.960000
0.960000
0.960000
0.960000
0.960000
0.960000
0.960000
0.960000
0.960000
0.960000
0.960000
0.960000
0.960000
0.960000
0.960000
0.960000
0.960000
0.960000
0.960000
0.960000
0.960000
0.960000
0.960000
0.960000
0.960000
0.960000
0.960000
0.960000
0.960000
0.960000
0.960000
0.960000
0.960000
0.960000
0.960000
0.960000
0.960000
0.960000
0.960000
0.960000
0.960000
0.960000
0.960000
0.960000
0.960000
0.960000
0.960000
0.960000
0.960000
0.960000
0.960000
0.960000
0.960000
0.960000
0.960000
0.960000
0.960000
0.960000
0.960000
0.960000
0.960000
0.960000
0.960000
0.960000
0.960000
0.960000
0.960000
0.960000
0.960000
0.960000
0.960000
0.960000
0.960000
0.960000
0.960000
0.960000
0.960000
0.960000
0.960000
0.960000
0.960000
0.960000
0.960000
0.960000
0.960000
0.960000
0.960000
0.960000
0.960000
0.960000
0.960000
0.960000
0.960000
0.960000
0.960000
0.960000
0.960000
0.960000
0.960000
0.960000
0.960000
0.960000
0.960000
0.960000
0.960000
0.960000
0.960000
0.960000
0.960000
0.960000
0.960000
0.960000
0.960000
0.960000
0.960000
0.960000
0.960000
0.960000
0.960000
0.960000
0.960000
0.960000
0.960000
0.960000
0.960000
0.960000
0.960000
0.960000
0.960000
0.960000
0.960000
0.960000
0.960000
0.960000
0.960000
0.960000
0.960000
0.960000
0.960000
0.960000
0.960000
0.960000
0.960000
0.960000
0.960000
0.960000
0.960000
0.960000
0.960000
0.960000
0.960000
0.960000
0.960000
0.960000
0.960000
0.960000
0.960000
0.960000
0.960000
0.960000
0.960000
0.960000
0.960000
0.960000
0.960000
0.960000
0.960000
0.960000
0.960000
0.960000
0.960000
0.960000
0.960000
0.960000
0.960000
0.960000
0.960000
0.960000
0.960000
0.960000
0.960000
0.960000
0.960000
0.960000
0.960000
0.960000
0.960000
0.960000
0.960000
0.960000
0.960000
0.960000
0.960000
0.960000
0.960000
0.960000
0.960000
0.960000
0.960000
0.960000
0.960000
0.960000
0.960000
0.960000
0.960000
0.960000
0.960000
0.960000
0.960000
0.960000
0.960000
0.960000
0.960000
0.960000
0.960000
0.960000
0.960000
0.960000
0.960000
0.960000
0.960000
0.960000
0.960000
0.960000
0.960000
0.960000
0.960000
0.960000
0.960000
0.960000
0.960000
0.960000
0.960000
0.960000
0.960000
0.960000
0.960000
0.960000
0.960000
0.960000
0.960000
0.960000
0.960000
0.960000
0.960000
0.960000
0.960000
0.960000
0.960000
0.960000
0.960000
0.960000
0.960000
0.960000
0.960000
0.960000
0.960000
0.960000
0.960000
0.960000
0.960000
0.960000
0.960000
0.960000
0.960000
0.960000
0.960000
0.960000
0.960000
0.960000
0.960000
0.960000
0.960000
0.960000
0.960000
0.960000
0.960000
0.960000
0.960000
0.960000
0.960000
0.960000
0.960000
0.960000
0.960000
0.960000
0.960000
0.960000
0.960000
0.960000
0.960000
0.960000
0.960000
0.960000
0.960000
0.960000
0.960000
0.960000
0.960000
0.960000
0.960000
0.960000
0.960000
0.960000
0.960000
0.960000
0.960000
0.960000
0.960000
0.960000
0.960000
0.960000
0.960000
0.960000
0.960000
0.960000
0.960000
0.960000
0.960000
0.960000
0.960000
0.960000
0.960000
0.960000
0.960000
0.960000
0.960000
0.960000
0.960000
0.960000
0.960000
0.960000
0.960000
0.960000
0.960000
0.960000
0.960000
0.960000
0.960000
0.960000
0.960000
0.960000
0.960000
0.960000
0.960000
0.960000
0.960000
0.960000
0.960000
0.960000
0.960000
0.960000
0.960000
0.960000
0.960000
0.960000
0.960000
0.960000
0.960000
0.960000
0.960000
0.960000
0.960000
0.960000
0.960000
0.960000
0.960000
0.960000
0.960000
0.960000
0.960000
0.960000
0.960000
0.960000
0.960000
0.960000
0.960000
0.960000
0.960000
0.960000
0.960000
0.960000
0.960000
0.960000
0.960000
0.960000
0.960000
0.960000
0.960000
0.960000
0.960000
0.960000
0.960000
0.960000
0.960000
0.960000
0.960000
0.960000
0.960000
0.960000
0.960000
0.960000
0.960000
0.960000
0.960000
0.960000
0.960000
0.960000
0.960000
0.960000
0.960000
0.960000
0.960000
0.960000
0.960000
0.961065
0.980774
0.983438
0.983438
0.983438
0.983438
0.983438
0.983438
0.983971
0.983971
0.983971
0.983971
0.984503
0.984503
0.984503
0.984503
0.987699
1.012735
1.020725
1.020725
1.020725
1.020725
1.020725
1.020725
1.020725
1.020725
1.020725
1.020725
1.020725
1.020725
1.019660
0.999951
0.997287
0.997287
0.997287
0.997287
0.997287
0.997287
0.996755
0.996755
0.996755
0.996755
0.996222
0.996222
0.996222
0.996222
1.001549
0.997287
1.010072
1.031379
1.052686
1.073993
1.095300
1.117140
1.138447
1.159754
1.181061
1.202369
1.223676
1.245515
1.266290
1.287597
1.308371
1.323819
1.324884
1.324884
1.324884
1.324884
1.324884
1.324884
1.324884
1.324884
1.324884
1.324884
1.324884
1.324884
1.336071
1.320623
1.299849
1.278541
1.257234
1.237525
1.216218
1.194378
1.174669
1.153362
1.132055
1.110748
1.089441
1.067601
1.046827
1.025519
1.004745
0.989297
0.988232
0.988232
0.988232
0.988232
0.988232
0.988232
0.988232
0.988232
0.988232
0.988232
0.988232
1.000484
1.002082
1.028715
1.058013
1.080385
1.109683
1.134718
1.173071
1.206630
1.239123
1.265757
1.291326
1.313166
1.315829
1.315829
1.315829
1.315829
1.316362
1.316894
1.316894
1.316894
1.316894
1.316894
1.316894
1.316894
1.316894
1.316894
1.316894
1.319025
1.323286
1.311035
1.289728
1.257767
1.228470
1.206097
1.176800
1.150166
1.111813
1.078255
1.044163
1.017529
0.991961
0.970121
0.967457
0.967457
0.967457
0.967457
0.966925
0.966392
0.966392
0.966392
0.966392
0.966392
0.966392
0.966392
0.966392
0.966392
0.966392
0.964261
0.960000
0.960000
0.960000
0.960000
0.960000
0.960000
0.960000
0.960000
0.960000
0.960000
0.960000
0.960000
0.960000
0.960000
0.960000
0.960000
0.960000
0.960000
0.960000
0.960000
0.960000
0.960000
0.960000
0.960000
0.960000
0.960000
0.960000
0.960000
0.960000
0.960000
0.960000
0.960000
0.960000
0.960000
0.960000
0.960000
0.960000
0.960000
0.960000
0.960000
0.960000
0.960000
0.960000
0.960000
0.960000
0.960000
0.960000
0.960000
0.960000
0.960000
0.960000
0.960000
0.960000
0.960000
0.960000
0.960000
0.960000
0.960000
0.960000
0.960000
0.960000
0.960000
0.960000
0.960000
0.960000
0.960000
0.960000
0.960000
0.960000
0.960000
0.960000
0.960000
0.960000
0.960000
0.960000
0.960000
0.960000
0.960000
0.960000
0.960000
0.960000
0.960000
0.960000
0.960000
0.960000
0.960000
0.960000
0.960000
0.960000
0.960000
0.960000
0.960000
0.960000
0.960000
0.960000
0.960000
0.960000
0.960000
0.960000
0.960000
0.960000
0.960000
0.960000
0.960000
0.960000
0.960000
0.960000
0.960000
0.960000
0.960000
0.960000
0.960000
0.960000
0.960000
0.960000
0.960000
0.960000
0.960000
0.960000
0.980242
0.987699
0.989297
0.989297
0.989297
0.989297
0.989297
0.989297
0.989297
0.989297
0.989297
0.989297
0.989297
0.989297
0.989297
0.989297
0.989297
0.989297
0.989297
0.989297
0.989297
0.989297
0.989297
0.989297
0.989297
0.989297
0.989297
0.989297
0.989297
0.989297
0.969056
0.961598
0.960000
0.960000
0.960000
0.960000
0.960000
0.960000
0.960000
0.960000
0.960000
0.960000
0.960000
0.960000
0.960000
0.960000
0.960000
0.960000
0.960000
0.960000
0.960000
0.960000
0.975448
0.992493
0.993559
0.993559
0.993559
0.993559
0.993559
0.993559
0.993559
0.993559
0.993559
0.993559
0.993559
0.993559
0.993559
0.993559
0.993559
0.993559
0.993559
0.993559
0.993559
0.993559
0.993559
0.994091
0.994091
0.994091
0.994091
0.994091
0.994091
0.994091
0.978644
0.961598
0.960533
0.960533
0.960533
0.960533
0.960533
0.960533
0.960533
0.960533
0.960533
0.960533
0.960533
0.960533
0.960533
0.960533
0.960533
0.960533
0.960533
0.960533
0.960533
0.960533
0.960533
0.960000
0.960000
0.960000
0.960000
0.960000
0.960000
0.960000
0.960000
0.960000
0.960000
0.960000
0.960000
0.960000
0.960000
0.960000
0.960000
0.960000
0.960000
0.960000
0.960000
0.960000
0.960000
0.960000
0.960000
0.960000
0.960000
0.960000
0.960000
0.960000
0.960000
0.960000
0.960000
0.960000
0.960000
0.960000
0.960000
0.960000
0.960000
0.960000
0.960000
0.960000
0.960000
0.960000
0.960000
0.960000
0.960000
0.960000
0.960000
0.960000
0.960000
0.960000
0.960000
0.960000
0.960000
0.960000
0.960000
0.960000
0.960000
0.960000
0.960000
0.960000
0.960000
0.960000
0.960000
0.960000
0.960000
0.960000
0.960000
0.960000
0.960000
0.960000
0.960000
0.960000
0.960000
0.960000
0.960000
0.960000
0.960000
0.971186
0.993026
0.995157
0.995689
0.995689
0.995689
0.995689
0.995689
0.995689
0.995689
0.995689
0.995689
0.995689
0.996222
0.996222
0.996222
0.996222
0.996222
0.996222
0.996222
0.996222
0.996222
0.996222
0.996222
0.996222
0.996222
0.996222
0.996222
0.996222
0.996222
0.985569
0.963729
0.961598
0.961065
0.961065
0.961065
0.961065
0.961065
0.961065
0.961065
0.961065
0.961065
0.961065
0.960533
0.960533
0.960533
0.960533
0.960533
0.960533
0.960533
0.960533
0.960533
0.960533
0.960533
0.960533
0.960533
0.960533
0.960533
0.960533
0.960533
0.960533
0.960533
0.960533
0.960533
0.960533
0.960533
0.960533
0.960533
0.960533
0.960533
0.960533
0.960533
0.960533
0.960533
0.960533
0.960533
0.960533
0.960533
0.960533
0.960533
0.960533
0.960533
0.960533
0.960533
0.960533
0.960533
0.960533
0.960533
0.960533
0.960533
0.960000
0.960000
0.960000
0.960000
0.960000
0.960000
0.960000
0.969588
0.985036
1.000484
1.015931
1.031379
1.046827
1.062274
1.077722
1.093170
1.108617
1.123532
1.138980
1.154427
1.165081
1.176800
1.184790
1.185323
1.185323
1.185323
1.185323
1.185323
1.185323
1.185323
1.185323
1.192248
1.195976
1.196509
1.196509
1.196509
1.196509
1.186921
1.171473
1.174137
1.168810
1.153362
1.146437
1.138447
1.139513
1.151764
1.137914
1.128326
1.113411
1.112879
1.109683
1.097964
1.089973
1.089441
1.089441
1.089441
1.089441
1.089441
1.089441
1.089441
1.089441
1.082516
1.078787
1.078255
1.085712
1.109150
1.144839
1.149101
1.149101
1.130990
1.120869
1.122999
1.115542
1.116607
1.102225
1.074526
1.072928
1.067601
1.067068
1.052153
1.045228
1.046827
1.046827
1.046827
1.046827
1.046827
1.046827
1.046827
1.046827
1.046827
1.046827
1.046827
1.046827
1.046827
1.039369
1.015931
0.980242
0.975980
0.975980
0.975980
0.975980
0.973850
0.972784
0.964261
0.962131
0.962131
0.962131
0.962131
0.962131
0.962131
0.961598
0.960000
0.960000
0.960000
0.960000
0.960000
0.960000
0.960000
0.960000
0.960000
0.960000
0.966392
0.989297
1.012735
1.036173
1.060143
1.084114
1.108084
1.112879
1.112879
1.112879
1.112879
1.112879
1.112879
1.112879
1.112879
1.112879
1.112879
1.112879
1.112879
1.112879
1.112879
1.112879
1.112879
1.112879
1.112879
1.112879
1.112879
1.112879
1.112879
1.112879
1.106486
1.084114
1.060676
1.037238
1.013268
0.989297
0.965327
0.960533
0.972252
1.016997
1.052686
1.077722
1.102225
1.126196
1.167744
1.193846
1.217816
1.242319
1.266290
1.290260
1.314231
1.338201
1.361639
1.385610
1.409580
1.433551
1.456989
1.480959
1.504930
1.525171
1.526769
1.526237
1.526237
1.526237
1.537423
1.541684
1.544348
1.544348
1.533162
1.488417
1.452727
1.427691
1.403188
1.379218
1.337669
1.311568
1.287597
1.263094
1.239123
1.215153
1.191182
1.167212
1.143774
1.119803
1.095833
1.071862
1.048425
1.024454
1.000484
0.980242
0.978644
0.978644
0.978644
0.978644
0.967457
0.963196
0.960533
0.960533
0.960000
0.960000
0.960000
0.960000
0.960000
0.960000
0.960000
0.960000
0.960000
0.960000
0.960000
0.960000
0.960000
0.960000
0.960000
0.960000
0.960000
0.960000
0.960000
0.960000
0.960000
0.960000
0.960000
0.960000
0.960000
0.960000
0.960000
0.960000
0.960000
0.960000
0.960000
0.960000
0.960000
0.960000
0.960000
0.960000
0.960000
0.960000
0.960000
0.960000
0.960000
0.960000
0.960000
0.960000
0.970654
0.971186
0.972784
0.972784
0.972784
0.972784
0.972784
0.972784
0.972784
0.972784
0.972784
0.972784
0.973317
0.994091
1.004745
1.005278
1.005278
1.005278
1.005278
1.005278
1.005278
1.005278
1.005278
1.005278
1.005278
1.005278
1.005278
1.005278
1.005278
1.005278
0.994624
0.994091
0.992493
0.992493
0.992493
0.992493
0.992493
0.992493
0.992493
0.992493
0.992493
0.992493
0.991961
0.971186
0.960533
0.965327
0.970654
0.986634
0.997820
0.998353
1.007941
1.030314
1.033510
1.033510
1.033510
1.056947
1.101160
1.128326
1.152297
1.176800
1.200770
1.224741
1.248712
1.272682
1.296653
1.320623
1.344594
1.368564
1.392535
1.415972
1.439943
1.463913
1.487351
1.511854
1.526769
1.521443
1.516116
1.500136
1.488949
1.488417
1.478828
1.456456
1.453260
1.453260
1.453260
1.429822
1.385610
1.358443
1.334473
1.309969
1.285999
1.262028
1.238058
1.214087
1.190117
1.166146
1.142176
1.118205
1.094235
1.070797
1.046827
1.022856
0.999418
0.974915
0.960000
0.960000
0.960000
0.960000
0.960000
0.960000
0.960000
0.960000
0.960000
0.960000
0.960000
0.960000
0.960000
0.960000
0.960000
0.960000
0.960000
0.960000
0.960000
0.960000
0.960000
0.960000
0.960000
0.960000
0.960000
0.960000
0.960000
0.960000
0.960000
0.960000
0.960000
0.960000
0.960000
0.960000
0.960000
0.960000
0.960000
0.960000
0.960000
0.960000
0.960000
0.960000
0.960000
0.960000
0.960000
0.960000
0.960000
0.960000
0.960000
0.960000
0.960000
0.960000
0.960000
0.960000
0.960000
0.960000
0.960000
0.960000
0.960000
0.960000
0.960000
0.960000
0.960000
0.960000
0.960000
0.960000
0.960000
0.960000
0.960000
0.960000
0.960000
0.960000
0.960000
0.960000
0.960000
0.960000
0.960000
0.960000
0.960000
0.960000
0.960000
0.960000
0.960000
0.960000
0.960000
0.960000
0.960000
0.960000
0.960000
0.960000
0.960000
0.960000
0.960000
0.960000
0.960000
0.960000
0.960000
0.960000
0.960000
0.960000
0.960000
0.960000
0.960000
0.960000
0.960000
0.960000
0.960000
0.960000
0.960000
0.960000
0.960000
0.960000
0.960000
0.960000
0.960000
0.960000
0.960000
0.960000
0.960000
0.960000
0.960000
0.960000
0.960000
0.960000
0.960000
0.960000
0.960000
0.960000
0.960000
0.960000
0.960000
0.960000
0.960000
0.960000
0.960000
0.960000
0.960000
0.960000
0.960000
0.960000
0.960000
0.960000
0.960000
0.960000
0.960000
0.960000
0.960000
0.960000
0.960000
0.960000
0.960000
0.960000
0.960000
0.960000
0.960000
0.960000
0.960000
0.960000
0.960000
0.960000
0.960000
0.960000
0.960000
0.960000
0.960000
0.960000
0.960000
0.960000
0.960000
0.960000
0.960000
0.960000
0.960000
0.960000
0.960000
0.960000
0.960000
0.960000
0.960000
0.960000
0.960000
0.960000
0.960000
0.960000
0.960000
0.960000
0.960000
0.960000
0.960000
0.960000
0.960000
0.960000
0.960000
0.960000
0.960000
0.960000
0.960000
0.960000
0.960000
0.960000
0.960000
0.960000
0.960000
0.960000
0.960000
0.960000
0.960000
0.960000
0.960000
0.960000
0.960000
0.960000
0.960000
0.960000
0.960000
0.960000
0.960000
0.960000
0.960000
0.960000
0.960000
0.960000
0.960000
0.960000
0.960000
0.960000
0.960000
0.960000
0.960000
0.960000
0.960000
0.960000
0.960000
0.960000
0.960000
0.960000
0.960000
0.960000
0.960000
0.960000
0.960000
0.960000
0.960000
0.960000
0.960000
0.960000
0.960000
0.960000
0.960000
0.960000
0.960000
0.960000
0.960000
0.960000
0.960000
0.960000
0.960000
0.960000
0.960000
0.960000
0.960000
0.960000
0.960000
0.960000
0.960000
0.960000
0.960000
0.960000
0.960000
0.960000
0.960000
0.960000
0.960000
0.960000
0.960533
0.960533
0.960533
0.960533
0.960533
0.960533
0.960533
0.960533
0.960533
0.960533
0.960533
0.960533
0.960533
0.960533
0.960533
0.960533
0.960533
0.960533
0.960533
0.960533
0.960533
0.960533
0.960533
0.960533
0.960533
0.960533
0.960533
0.960533
0.960533
0.960533
0.960000
0.960000
0.960000
0.960000
0.960000
0.960000
0.960000
0.960000
0.960000
0.960000
0.960000
0.960000
0.960000
0.960000
0.960000
0.960000
0.960000
0.960000
0.960000
0.960000
0.960000
0.960000
0.960000
0.960000
0.960000
0.960000
0.960000
0.960000
0.960000
0.960000
0.960000
0.960000
0.960000
0.960000
0.960000
0.960000
0.960000
0.960000
0.960000
0.960000
0.960000
0.960000
0.960000
0.960000
0.960000
0.960000
0.960000
0.960000
0.960000
0.960000
0.960000
0.960000
0.960000
0.960000
0.960000
0.960000
0.960000
0.960000
0.960000
0.960000
0.960000
0.960000
0.960000
0.960000
0.960000
0.960000
0.960000
0.960000
0.960000
0.960000
0.960000
0.960000
0.960000
0.960000
0.960000
0.960000
0.960000
0.960000
0.960000
0.960000
0.960000
0.960000
0.960000
0.960000
0.960000
0.960000
0.960000
0.960000
0.960000
0.960000
0.960000
0.960000
0.960000
0.960000
0.960000
0.960000
0.960000
0.960000
0.960000
0.960000
0.960000
0.960000
0.960000
0.960000
0.960000
0.960000
0.960000
0.960000
0.960000
0.960000
0.960000
0.960000
0.960000
0.960000
0.960000
0.960000
0.960000
0.960000
0.960000
0.960000
0.960000
0.960000
0.960000
0.960000
0.960000
0.960000
0.960000
0.960000
0.960000
0.960000
0.960000
0.960000
0.960000
0.960000
0.960000
0.960000
0.960000
0.960000
0.960000
0.960000
0.960000
0.960000
0.960000
0.960000
0.960000
0.960000
0.960000
0.961598
0.964261
0.964794
0.964794
0.964794
0.964794
0.964794
0.964794
0.964794
0.964794
0.964794
0.964794
0.964794
0.965327
0.987167
1.000484
1.001016
1.001016
1.006876
1.024987
1.026585
1.026585
1.026585
1.026585
1.026585
1.026585
1.026585
1.034575
1.055349
1.063340
1.062274
1.062274
1.066536
1.067068
1.067068
1.067068
1.067068
1.067068
1.067068
1.067068
1.067068
1.067068
1.067068
1.066536
1.044696
1.031379
1.030846
1.030846
1.024987
1.006876
1.005278
1.005278
1.005278
1.005278
1.005278
1.005278
1.005278
0.997287
0.976513
0.968523
0.967990
0.965327
0.960533
0.960000
0.960000
0.960000
0.960000
0.960000
0.960000
0.960000
0.960000
0.960000
0.960000
0.960000
0.960000
0.960000
0.960000
0.960000
0.960000
0.960000
0.960000
0.960000
0.960000
0.960000
0.960000
0.960000
0.960000
0.960000
0.960000
0.960000
0.960000
0.963729
0.983438
1.004745
1.025519
1.046294
1.067601
1.088375
1.109683
1.120869
1.123532
1.126728
1.126728
1.126728
1.126728
1.126728
1.127261
1.127794
1.127794
1.127794
1.127794
1.127794
1.127794
1.127794
1.127794
1.127794
1.127794
1.127794
1.127794
1.127794
1.127794
1.124065
1.104356
1.083049
1.062274
1.041500
1.020193
0.999418
0.978111
0.966925
0.964261
0.961065
0.969588
0.989297
0.990895
0.990895
0.990363
0.989830
0.989830
0.989830
0.989830
0.989830
0.989830
0.989830
0.989830
0.989830
0.989830
0.989830
0.989830
0.989830
0.989830
0.989830
0.989830
0.989830
0.989830
0.989830
0.989830
0.989830
0.989830
0.989830
0.989830
0.989830
0.981307
0.961598
0.960000
0.960000
0.960000
0.960000
0.960000
0.960000
0.960000
0.960000
0.960000
0.960000
0.960000
0.960000
0.960000
0.960000
0.960000
0.960000
0.960000
0.960000
0.960000
0.960000
0.960000
0.960000
0.960000
0.960000
0.960000
0.960000
0.960000
0.960000
0.960000
0.960000
0.960000
0.960000
0.960000
0.960000
0.960000
0.960000
0.960000
0.960000
0.960000
0.960000
0.960000
0.960000
0.960000
0.960000
0.960000
0.960000
0.960000
0.960000
0.960000
0.960000
0.960000
0.960000
0.960000
0.960000
0.960000
0.960000
0.960000
0.960000
0.960000
0.960000
0.960000
0.960000
0.960000
0.960000
0.960000
0.960000
0.960000
0.960000
0.960000
0.960000
0.960000
0.960000
0.960000
0.960000
0.960000
0.960000
0.960000
0.960000
0.960000
0.960000
0.960000
0.960000
0.960000
0.960000
0.960000
0.960000
0.960000
0.960000
0.960000
0.960000
0.960000
0.960000
0.960000
0.960000
0.960000
0.960000
0.960000
0.960000
0.960000
0.960000
0.960000
0.960000
0.960000
0.960000
0.960000
0.960000
0.960000
0.960000
0.960000
0.960000
0.960000
0.960000
0.960000
0.960000
0.960000
0.960000
0.966925
0.988232
1.010072
1.031379
1.053751
1.059078
1.059078
1.059078
1.059078
1.059078
1.059078
1.059078
1.059078
1.059078
1.059078
1.059078
1.059078
1.059078
1.059078
1.059078
1.059078
1.059078
1.059078
1.059078
1.059078
1.059078
1.059078
1.059078
1.059078
1.059078
1.052153
1.030846
1.009006
0.987699
0.965327
0.960000
0.960000
0.960000
0.960000
0.960000
0.960000
0.960000
0.960000
0.960000
0.960000
0.960000
0.960000
0.960000
0.960000
0.960000
0.960000
0.960000
0.960000
0.960000
0.960000
0.960000
0.960000
0.960000
0.960000
0.960000
0.960000
0.960000
0.960000
0.960000
0.960000
0.960000
0.960000
0.960000
0.960000
0.960000
0.960000
0.960000
0.960000
0.960000
0.960000
0.960000
0.960000
0.960000
0.960000
0.960000
0.960000
0.960000
0.960000
0.960000
0.960000
0.960000
0.960000
0.960000
0.960000
0.960000
0.960000
0.960000
0.960000
0.960000
0.960000
0.960000
0.960000
0.960000
0.960000
0.960000
0.960000
0.960000
0.960000
0.960000
0.960000
0.960000
0.960000
0.960000
0.960000
0.960000
0.960000
0.960000
0.960000
0.960000
0.960000
0.960000
0.960000
0.960000
0.960000
0.960000
0.960000
0.960000
0.960000
0.960000
0.960000
0.960000
0.960000
0.960000
0.960000
0.960000
0.960000
0.960000
0.960000
0.960000
0.960000
0.960000
0.960000
0.960000
0.960000
0.960000
0.960000
0.960000
0.960000
0.960000
0.960000
0.960000
0.960000
0.960000
0.960000
0.960000
0.960533
0.960533
0.960533
0.960533
0.960533
0.960533
0.960533
0.960533
0.960533
0.960533
0.960533
0.960533
0.960533
0.960533
0.960533
0.960533
0.960533
0.960533
0.960533
0.960533
0.960533
0.960533
0.960533
0.960533
0.960533
0.960533
0.960533
0.960533
0.960533
0.960533
0.960000
0.960000
0.960000
0.960000
0.960000
0.960000
0.960000
0.960000
0.960000
0.960000
0.960000
0.960000
0.960000
0.960000
0.960000
0.960000
0.960000
0.960000
0.960000
0.960000
0.960000
0.960000
0.960000
0.960000
0.960000
0.960000
0.960000
0.960000
0.966925
0.992493
0.999951
1.000484
1.000484
1.000484
1.000484
1.001016
1.001016
1.001016
1.001016
1.001016
1.001016
1.001016
1.001016
1.001016
1.001016
1.001016
1.001016
1.001016
1.019660
1.033510
1.034042
1.034042
1.034042
1.034042
1.034042
1.034042
1.036173
1.044163
1.044163
1.019127
1.011670
1.011137
1.011137
1.011137
1.011137
1.010604
1.011137
1.011137
1.011137
1.011670
1.011670
1.011670
1.011670
1.011670
1.011670
1.011670
1.011670
1.011670
0.993026
0.979176
0.978644
0.982372
1.007941
1.022323
1.028715
1.029248
1.027117
1.019660
1.022856
1.027117
1.027117
1.027117
1.027117
1.027117
1.027117
1.027117
1.026585
1.026585
1.026585
1.027117
1.035108
1.035640
1.035640
1.036173
1.048957
1.053219
1.053751
1.053751
1.053751
1.053751
1.053751
1.050023
1.024454
1.010072
1.003680
1.003147
1.003147
1.002614
0.992493
0.987699
0.987699
0.987699
0.987699
0.987699
0.987699
0.987699
0.987699
0.987699
0.987699
0.986634
0.978644
0.979176
0.982905
0.983971
0.971186
0.966925
0.966392
0.966392
0.967457
0.967457
0.967457
0.967457
0.967457
0.967457
0.967457
0.967457
0.967457
0.967457
0.967457
0.967457
0.967457
0.967457
0.967457
0.967457
0.967457
0.967457
0.967990
0.968523
0.968523
0.968523
0.968523
0.967457
0.963729
0.962131
0.962131
0.962131
0.962131
0.962131
0.961065
0.961065
0.961065
0.961065
0.961065
0.961065
0.961065
0.961065
0.961065
0.961065
0.961065
0.961065
0.961065
0.961065
0.961065
0.961065
0.961065
0.961065
0.960533
0.960000
0.960000
0.960000
0.960000
0.960000
0.960000
0.960000
0.960000
0.960000
0.960000
0.960000
0.980774
0.997287
0.997820
0.997820
0.997820
0.997820
0.997820
0.997820
0.997820
0.997820
0.997820
0.997820
0.997820
0.997820
0.997820
0.997820
0.997820
0.997820
0.997820
0.997820
0.997820
0.997820
0.997820
0.997820
0.997820
0.997820
0.997820
0.997820
0.997820
0.997820
0.977046
0.960533
0.960000
0.960000
0.960000
0.960000
0.960000
0.960000
0.960000
0.960000
0.960000
0.960000
0.960000
0.960000
0.960000
0.960000
0.960000
0.960000
0.960000
0.960000
0.960000
0.960000
0.960000
0.960000
0.960000
0.960000
0.960000
0.960000
0.960000
0.960000
0.960000
0.960000
0.960000
0.960000
0.960000
0.960000
0.962131
0.983971
0.989297
0.990363
0.990363
0.990363
0.990363
0.990363
0.990363
0.990363
0.990363
0.990363
0.990363
0.990363
0.990363
0.990363
0.990363
0.990363
0.990363
0.990363
0.990363
0.990363
0.990363
0.990363
0.990363
0.990363
0.990363
0.990363
0.990363
0.990363
0.988232
0.966392
0.961065
0.960000
0.960000
0.960000
0.960000
0.960000
0.960000
0.960000
0.960000
0.960000
0.960000
0.960000
0.960000
0.960000
0.960000
0.960000
0.960000
0.960000
0.960000
0.960000
0.960000
0.960000
0.960000
0.960000
0.960000
0.960000
0.960000
0.960000
0.960000
0.964794
0.999951
1.023389
1.031912
1.031912
1.031912
1.031912
1.031912
1.031912
1.031912
1.031912
1.031912
1.031912
1.031912
1.031912
1.031912
1.031912
1.031912
1.031912
1.031912
1.031912
1.031912
1.031912
1.031912
1.031912
1.031912
1.031912
1.031912
1.031912
1.031912
1.027117
0.991961
0.968523
0.960000
0.960000
0.960000
0.960000
0.960000
0.960000
0.960000
0.960000
0.960000
0.960000
0.960000
0.960000
0.960000
0.960000
0.960000
0.960000
0.960000
0.960000
0.960000
0.960000
0.960000
0.960000
0.960000
0.960000
0.960000
0.960000
0.960000
0.960000
0.960000
0.960000
0.960000
0.960000
0.960000
0.960533
0.969056
0.969588
0.969588
0.969588
0.969588
0.970121
0.970654
0.970654
0.970654
0.970654
0.970654
0.970654
0.970654
0.970654
0.970654
0.970654
0.970654
0.970654
0.976513
0.996222
0.997820
0.997820
0.997820
0.997820
0.997820
0.997820
0.997820
0.997820
0.998353
0.997820
0.989297
0.988765
0.988765
0.988765
0.988765
0.988232
0.987699
0.987699
0.987699
0.987699
0.987699
0.987699
0.987699
0.987699
0.987699
0.987699
0.987699
0.987699
0.981840
0.962131
0.960533
0.960533
0.960533
0.960533
0.960533
0.960533
0.960533
0.960533
0.960000
0.960000
0.960000
0.960000
0.960000
0.967457
0.971186
0.971186
0.971186
0.971186
0.971186
0.971186
0.971186
0.971186
0.971186
0.971186
0.971186
0.971186
0.971186
0.971186
0.971186
0.971186
0.971186
0.971186
0.971186
0.971186
0.981307
0.981840
0.981840
0.981840
0.981840
0.981840
0.981840
0.981840
0.981840
0.974382
0.983971
1.007408
1.015399
1.038836
1.062807
1.086245
1.088908
1.103290
1.129924
1.136316
1.136316
1.136316
1.136316
1.136316
1.136316
1.136316
1.136316
1.136316
1.136316
1.136316
1.126196
1.125663
1.125663
1.125663
1.125663
1.125663
1.125663
1.125663
1.125663
1.125663
1.112346
1.088908
1.080918
1.057480
1.033510
1.010072
1.007408
0.993026
0.966392
0.960000
0.960000
0.960000
0.960000
0.960000
0.960000
0.960000
0.960000
0.960000
0.960000
0.960000
0.960000
0.960000
0.960000
0.960000
0.960000
0.960000
0.960000
0.960000
0.960000
0.960000
0.960000
0.960000
0.960000
0.960000
0.960000
0.960000
0.960000
0.963729
0.969588
0.969588
0.969588
0.969588
0.969588
0.969588
0.969588
0.969588
0.969588
0.969588
0.969588
0.969588
0.969588
0.969588
0.969588
0.969588
0.969588
0.969588
0.969588
0.969588
0.969588
0.969588
0.969588
0.969588
0.969588
0.969588
0.969588
0.969588
0.969588
0.965859
0.960000
0.960000
0.960000
0.960000
0.960000
0.960000
0.960000
0.960000
0.960000
0.960000
0.960000
0.960000
0.960000
0.960000
0.960000
0.960000
0.960000
0.960000
0.960000
0.960000
0.960000
0.960000
0.960000
0.960000
0.960000
0.960000
0.960000
0.960000
0.960000
0.960000
0.960000
0.960000
0.960000
0.960000
0.960000
0.960000
0.960000
0.960000
0.960000
0.960000
0.960000
0.960000
0.960000
0.960000
0.960000
0.960000
0.960000
0.960000
0.960000
0.960000
0.960000
0.960000
0.960000
0.960000
0.960000
0.960000
0.960000
0.960000
0.960000
0.960000
0.960000
0.960000
0.960000
0.960000
0.960000
0.960000
0.960000
0.960000
0.960000
0.960000
0.960000
0.960000
0.960000
0.960000
0.960000
0.960000
0.960000
0.960000
0.960000
0.960000
0.960000
0.960000
0.960000
0.960000
0.960000
0.960000
0.960000
0.960000
0.960000
0.960000
0.960000
0.960000
0.960000
0.960000
0.960000
0.960000
0.960000
0.960000
0.960000
0.960000
0.960000
0.960000
0.960000
0.960000
0.960000
0.960000
0.960000
0.960000
0.960000
0.960000
0.960000
0.960000
0.960000
0.960000
0.960000
0.960000
0.960000
0.960000
0.960000
0.960000
0.960000
0.960000
0.960000
0.960000
0.960000
0.960000
0.960000
0.960000
0.960000
0.960000
0.960000
0.960000
0.960000
0.960000
0.960000
0.960000
0.960000
0.960000
0.960000
0.960000
0.960000
0.960000
0.960000
0.960000
0.960000
0.960000
0.960000
0.960000
0.960000
0.960000
0.960000
0.960000
0.960000
0.960000
0.960000
0.960000
0.960000
0.960000
0.960000
0.960000
0.960000
0.960000
0.960000
0.960000
0.960000
0.960000
0.960000
0.960000
0.960000
0.960000
0.960000
0.960000
0.960000
0.960000
0.960000
0.960000
0.960000
0.960000
0.960000
0.960000
0.960000
0.960000
0.960000
0.960000
0.960000
0.960000
0.960000
0.960000
0.960000
0.960000
0.960000
0.960000
0.960000
0.960000
0.960000
0.960000
0.960000
0.960000
0.960000
0.960000
0.960000
0.960000
0.960000
0.960000
0.960000
0.960000
0.960000
0.960000
0.960000
0.960000
0.960000
0.960000
0.960000
0.960000
0.960000
0.960000
0.960000
0.960000
0.960000
0.960000
0.960000
0.960000
0.960000
0.960000
0.960000
0.960000
0.960000
0.960000
0.960000
0.960000
0.960000
0.960000
0.960000
0.960000
0.960000
0.960000
0.960000
0.960000
0.960000
0.960000
0.960000
0.960000
0.960000
0.960000
0.960000
0.960000
0.960000
0.960000
0.960000
0.960000
0.960000
0.960000
0.960000
0.960000
0.960000
0.960000
0.960000
0.960000
0.960000
0.960000
0.960000
0.960000
0.960000
0.960000
0.960000
0.960000
0.960000
0.960000
0.960000
0.960000
0.960000
0.960000
0.960000
0.960000
0.960000
0.960000
0.960000
0.960000
0.960000
0.960000
0.960000
0.960000
0.960000
0.960000
0.960000
0.960000
0.960000
0.960000
0.960000
0.960000
0.960000
0.960000
0.960000
0.960000
0.960000
0.960000
0.960000
0.960000
0.960533
0.960533
0.960533
0.960533
0.960533
0.960533
0.960533
0.960533
0.960533
0.960533
0.960533
0.960533
0.960533
0.960533
0.960533
0.960533
0.960533
0.960533
0.960533
0.960533
0.960533
0.960533
0.960533
0.960533
0.960533
0.960533
0.960533
0.960533
0.960533
0.960533
0.960000
0.960000
0.960000
0.960000
0.960000
0.960000
0.960000
0.960000
0.960000
0.960000
0.960000
0.960000
0.960000
0.960000
0.960000
0.960000
0.960000
0.960000
0.960000
0.960000
0.960000
0.960000
0.960000
0.960000
0.960000
0.960000
0.960000
0.960000
0.960000
0.960000
0.960000
0.960000
0.960000
0.960000
0.960000
0.960000
0.960000
0.960000
0.960000
0.960000
0.960000
0.960000
0.960000
0.960000
0.960000
0.960000
0.960000
0.960000
0.960000
0.960000
0.960000
0.960000
0.960000
0.960000
0.960000
0.960000
0.960000
0.960000
0.960000
0.960000
0.960000
0.960000
0.960000
0.960000
0.960000
0.960000
0.960000
0.960000
0.961598
0.962663
0.979709
1.011137
1.037238
1.063340
1.089441
1.113944
1.116075
1.116075
1.116075
1.116075
1.116075
1.116075
1.116075
1.116075
1.116075
1.116075
1.116075
1.116075
1.116075
1.120869
1.149101
1.180529
1.203434
1.225806
1.248179
1.272149
1.294522
1.317427
1.332342
1.338201
1.327548
1.296653
1.270551
1.245515
1.219947
1.195444
1.193313
1.193313
1.193313
1.193313
1.193313
1.193313
1.193313
1.193313
1.193313
1.193313
1.193313
1.193313
1.193313
1.188519
1.160287
1.128859
1.105954
1.083581
1.061209
1.037238
1.014866
0.991961
0.975448
0.968523
0.962131
0.961598
0.961598
0.960533
0.960000
0.960000
0.960000
0.960000
0.960000
0.960000
0.960000
0.960000
0.960000
0.960000
0.960000
0.960000
0.960000
0.960000
0.960000
0.960000
0.960000
0.960000
0.960000
0.960000
0.960000
0.960000
0.960000
0.960000
0.960000
0.960000
0.960000
0.960000
0.960000
0.960000
0.960000
0.960000
0.960000
0.960000
0.960000
0.960000
0.960000
0.960000
0.960000
0.960000
0.968523
0.990895
1.031379
1.066536
1.089973
1.112879
1.135784
1.159222
1.182127
1.203434
1.205565
1.205565
1.205565
1.205565
1.205565
1.205565
1.205565
1.205565
1.205565
1.205565
1.205565
1.205565
1.205565
1.205565
1.205565
1.205565
1.205565
1.205565
1.205565
1.205565
1.197042
1.174669
1.134186
1.099029
1.075591
1.052686
1.029781
1.006343
0.983438
0.962131
0.960000
0.960000
0.960000
0.960000
0.960000
0.960000
0.960000
0.960000
0.960000
0.960000
0.960000
0.960000
0.960000
0.960000
0.960000
0.960000
0.960000
0.960000
0.960000
0.960000
0.960000
0.960000
0.960000
0.960000
0.960000
0.960000
0.960000
0.960000
0.960000
0.960000
0.960000
0.960000
0.960000
0.960000
0.960000
0.960000
0.960000
0.960000
0.960000
0.960000
0.960000
0.960000
0.960000
0.960000
0.960000
0.960000
0.960000
0.960000
0.960000
0.960000
0.960000
0.960000
0.960000
0.960000
0.960000
0.960000
0.960000
0.960000
0.960000
0.960000
0.960000
0.960000
0.960000
0.960000
0.960000
0.960000
0.960000
0.960000
0.960000
0.960000
0.960000
0.960000
0.960000
0.960000
0.960000
0.960000
0.960000
0.960000
0.960000
0.960000
0.960000
0.960000
0.960000
0.960000
0.960000
0.960000
0.960000
0.960000
0.960000
0.960000
0.960000
0.960000
0.960000
0.960000
0.960000
0.960000
0.960000
0.960000
0.960000
0.960000
0.960000
0.960000
0.960000
0.960000
0.960000
0.960000
0.960000
0.960000
0.960000
0.960000
0.960000
0.960000
0.960000
0.960000
0.960000
0.960000
0.960000
0.960000
0.960000
0.960000
0.960000
0.960000
0.960000
0.960000
0.960000
0.960000
0.960000
0.960000
0.960000
0.960000
0.960000
0.960000
0.960000
0.960000
0.960000
0.960000
0.960000
0.960000
0.960000
0.960000
0.960000
0.960000
0.960000
0.960000
0.960000
0.960000
0.960000
0.960000
0.960000
0.960000
0.960000
0.960000
0.960000
0.960000
0.960000
0.960000
0.960000
0.960000
0.960000
0.960000
0.960000
0.960000
0.960000
0.960000
0.960000
0.960000
0.960000
0.960000
0.960000
0.960000
0.960000
0.960000
0.960000
0.960000
0.960000
0.960000
0.960000
0.960000
0.960000
0.960000
0.960000
0.980774
0.984503
0.984503
0.984503
0.984503
0.984503
0.984503
0.984503
0.984503
0.984503
0.984503
0.984503
1.012735
1.051621
1.090506
1.129924
1.169342
1.208761
1.248179
1.288130
1.328081
1.368031
1.401590
1.410113
1.420234
1.427691
1.435149
1.443139
1.450596
1.458054
1.444737
1.448466
1.455923
1.463381
1.470838
1.478296
1.485753
1.493211
1.501201
1.508658
1.516116
1.524639
1.504397
1.472969
1.441541
1.409580
1.377620
1.345659
1.314231
1.281738
1.249244
1.216751
1.190650
1.189584
1.186921
1.186921
1.186921
1.186921
1.186921
1.186921
1.186921
1.186921
1.186921
1.186921
1.186921
1.187454
1.187454
1.187454
1.186921
1.186921
1.189584
1.189052
1.188519
1.188519
1.188519
1.188519
1.188519
1.188519
1.187986
1.187986
1.188519
1.188519
1.188519
1.188519
1.188519
1.188519
1.188519
1.187986
1.187986
1.187986
1.188519
1.188519
1.188519
1.188519
1.188519
1.187986
1.187986
1.187986
1.187986
1.187986
1.185323
1.185323
1.185323
1.214087
1.248712
1.283868
1.318492
1.353649
1.388273
1.423430
1.457521
1.492678
1.527302
1.562459
1.597083
1.631174
1.662602
1.694030
1.708945
1.702021
1.694030
1.686573
1.679115
1.671658
1.664200
1.656743
1.649285
1.641828
1.634370
1.626913
1.619455
1.611465
1.604008
1.567786
1.525704
1.483090
1.441008
1.398394
1.356312
1.313698
1.271617
1.229002
1.186921
1.144307
1.102225
1.060676
1.021791
0.982905
0.960533
0.960000
0.960000
0.960000
0.960000
0.960000
0.960000
0.960000
0.960000
0.960000
0.960000
0.960000
0.960000
0.960000
0.960000
0.960000
0.960000
0.960000
0.960000
0.960000
0.960000
0.960000
0.960000
0.960000
0.960000
0.960000
0.960000
0.960000
0.960000
0.960000
0.960000
0.960000
0.960000
0.960000
0.960000
0.960000
0.960000
0.960000
0.960000
0.960000
0.960000
0.960000
0.960000
0.960000
0.960000
0.960000
0.960000
0.960000
0.960000
0.960000
0.960000
0.960000
0.960000
0.960000
0.960000
0.960000
0.960000
0.960000
0.960000
0.960000
0.960000
0.960000
0.960000
0.960000
0.960000
0.960000
0.960000
0.960000
0.960000
0.960000
0.960000
0.960000
0.960000
0.960000
0.960000
0.960000
0.960000
0.960000
0.960000
0.960000
0.960000
0.960000
0.960000
0.960000
0.960000
0.960000
0.960000
0.960000
0.960000
0.960000
0.960000
0.960000
0.960000
0.960000
0.960000
0.960000
0.960000
0.960000
0.960000
0.960000
0.960000
0.960000
0.960000
0.960000
0.960000
0.960000
0.960000
0.960000
0.960000
0.960000
0.960000
0.960000
0.960000
0.960000
0.960000
0.960000
0.960000
0.960000
0.960000
0.960000
0.960000
0.960000
0.960000
0.960000
0.960000
0.960000
0.960000
0.960000
0.960000
0.960000
0.960000
0.960000
0.960000
0.960000
0.960000
0.960000
0.960533
0.960533
0.960533
0.960533
0.960533
0.960533
0.960533
0.960533
0.960533
0.960533
0.960533
0.960533
0.965327
0.988232
0.993559
0.995157
0.995157
0.995157
0.995157
0.995157
0.995157
0.995157
0.995157
0.995157
0.995157
1.014866
1.034575
1.036173
1.036173
1.036173
1.035640
1.035640
1.035640
1.035640
1.035640
1.035640
1.035640
1.035640
1.035640
1.035640
1.035640
1.035640
1.030846
1.007941
1.002614
1.001016
1.001016
1.001016
1.001016
1.001016
1.001016
1.001016
1.001016
1.001016
1.001016
0.981307
0.961598
0.960000
0.960000
0.960000
0.960000
0.960000
0.960000
0.960000
0.960000
0.960000
0.960000
0.960000
0.960000
0.960000
0.960000
0.960000
0.960000
0.960000
0.960000
0.960000
0.960000
0.960000
0.960000
0.960000
0.960000
0.969588
0.970121
0.970121
0.970121
0.970121
0.970121
0.970121
0.970121
0.970121
0.970121
0.970121
0.970121
0.970121
0.970121
0.970121
0.970121
0.970121
0.970121
0.970121
0.970121
0.970121
0.970121
0.970121
0.970121
0.970121
0.970121
0.970121
0.970121
0.970121
0.970121
0.960533
0.960000
0.960000
0.960000
0.960000
0.960000
0.960000
0.960000
0.960000
0.960000
0.960000
0.960000
0.960000
0.960000
0.960000
0.960000
0.960000
0.960000
0.960000
0.960000
0.960000
0.960000
0.960000
0.960000
0.960000
0.967457
0.997287
1.024454
1.035108
1.037771
1.038836
1.038836
1.038836
1.038836
1.038836
1.038836
1.038836
1.038836
1.038836
1.038836
1.038836
1.038836
1.038836
1.038836
1.038836
1.038836
1.038836
1.038836
1.038836
1.038836
1.038836
1.038836
1.038836
1.038836
1.038836
1.031379
1.001549
0.974382
0.963729
0.961065
0.960000
0.960000
0.960000
0.960000
0.960000
0.960000
0.960000
0.960000
0.960000
0.960000
0.960000
0.960000
0.962663
0.969056
0.977046
0.985569
0.993559
1.002082
1.010072
1.020193
1.027650
1.046827
1.068134
1.086777
1.088375
1.088375
1.088375
1.088375
1.088375
1.088375
1.088375
1.088375
1.088375
1.088375
1.088375
1.088375
1.088375
1.088375
1.088375
1.088375
1.088375
1.088375
1.085712
1.079320
1.071330
1.062807
1.054817
1.046294
1.038304
1.028183
1.020725
1.001549
0.980242
0.961598
0.972252
0.988232
0.989297
0.989297
0.989297
0.989297
0.989297
0.989297
0.989297
0.989297
0.989297
0.989297
0.989297
0.989297
0.989297
0.989297
0.989297
0.989297
0.989297
0.989830
0.989830
0.989830
0.989830
0.989830
0.989830
0.989830
0.989830
0.989830
0.989830
0.989830
0.977578
0.961598
0.960533
0.960533
0.960533
0.960533
0.960533
0.960533
0.960533
0.960533
0.960533
0.960533
0.960533
0.960533
0.960533
0.960533
0.960533
0.960533
0.960533
0.960000
0.960000
0.960000
0.960000
0.960000
0.960000
0.960000
0.960000
0.960000
0.960000
0.960000
0.960000
0.960000
0.960000
0.960000
0.960000
0.962663
0.987699
1.013800
1.043630
1.070264
1.099029
1.164548
1.229002
1.278541
1.327548
1.376022
1.424495
1.466044
1.491080
1.515583
1.539554
1.563524
1.571514
1.571514
1.571514
1.571514
1.571514
1.571514
1.571514
1.571514
1.571514
1.571514
1.571514
1.571514
1.571514
1.568851
1.543815
1.517714
1.487884
1.461250
1.432485
1.366966
1.302512
1.252973
1.203967
1.155493
1.107019
1.065470
1.045761
1.035640
1.013800
0.995689
1.010604
1.014333
1.014333
1.014333
1.014333
1.014333
1.014333
1.014333
1.014333
1.014333
1.014333
1.014333
1.014333
1.014333
1.014333
1.014333
1.014333
1.014333
1.014333
1.014333
1.014333
1.014333
1.014333
1.014333
1.014333
1.014333
1.009006
0.994624
0.992493
0.986634
0.963729
0.960000
0.960000
0.960000
0.960000
0.960000
0.960000
0.960000
0.960000
0.960000
0.960000
0.960000
0.960000
0.960000
0.960000
0.960000
0.960000
0.960000
0.960000
0.960000
0.960000
0.960000
0.960000
0.960000
0.960000
0.960000
0.960000
0.960000
0.960000
0.960000
0.960000
0.960000
0.960000
0.960000
0.960000
0.960000
0.960000
0.960000
0.960000
0.960000
0.960000
0.960000
0.960000
0.960000
0.960000
0.960000
0.960000
0.960000
0.960000
0.960000
0.960000
0.960000
0.960000
0.960000
0.960000
0.960000
0.960000
0.960000
0.960000
0.960000
0.960000
0.960000
0.960000
0.960000
0.960000
0.960000
0.960000
0.960000
0.960000
0.960000
0.960000
0.960000
0.960000
0.960000
0.960000
0.960000
0.960000
0.960000
0.960000
0.960000
0.960000
0.960000
0.960000
0.960000
0.960000
0.960000
0.960000
0.960000
0.960000
0.960000
0.960000
0.960000
0.960000
0.960000
0.960000
0.960000
0.960000
0.960000
0.960000
0.960000
0.960000
0.960000
0.960000
0.960000
0.960000
0.960000
0.960000
0.960000
0.960000
0.960000
0.960000
0.960000
0.960000
0.960000
0.960000
0.960000
0.960000
0.960000
0.960000
0.960000
0.960000
0.960000
0.960000
0.960000
0.960000
0.960000
0.960000
0.960000
0.960000
0.960000
0.960000
0.960000
0.960000
0.960000
0.960000
0.960000
0.960000
0.960000
0.960000
0.960000
0.960000
0.960000
0.960000
0.960000
0.960000
0.960000
0.960000
0.960000
0.960000
0.960000
0.960000
0.960000
0.960000
0.960000
0.960000
0.960000
0.960000
0.960000
0.960000
0.960000
0.960000
0.960000
0.960000
0.960000
0.960000
0.960000
0.960000
0.960000
0.960000
0.960000
0.960000
0.960000
0.960000
0.960000
0.960000
0.960000
0.960000
0.960000
0.960000
0.960000
0.960000
0.960000
0.960000
0.960000
0.960000
0.960000
0.960000
0.960000
0.960000
0.960000
0.960000
0.960000
0.960000
0.960000
0.960000
0.960000
0.960000
0.960000
0.960000
0.960000
0.960000
0.960000
0.960000
0.960000
0.960000
0.960000
0.960000
0.960000
0.960000
0.960000
0.960000
0.960000
0.960000
0.960000
0.960000
0.960000
0.960000
0.960000
0.960000
0.960000
0.960000
0.960000
0.960000
0.960000
0.960000
0.960000
0.960000
0.960000
0.960000
0.960000
0.960000
0.960000
0.960000
0.960000
0.960000
0.960000
0.960000
0.960000
0.960000
0.960000
0.960000
0.960000
0.960000
0.960000
0.960000
0.960000
0.960000
0.960000
0.960000
0.960000
0.960000
0.960000
0.960000
0.960000
0.960000
0.960000
0.960000
0.960000
0.960000
0.960000
0.960000
0.960000
0.960000
0.960000
0.960000
0.960000
0.960000
0.960000
0.960000
0.960000
0.960000
0.960000
0.960000
0.960000
0.960000
0.960000
0.960000
0.960000
0.960000
0.960000
0.960000
0.960000
0.960000
0.960000
0.960000
0.960000
0.960000
0.960000
0.960000
0.960000
0.960000
0.960000
0.960000
0.960000
0.960000
0.960000
0.960000
0.960000
0.960000
0.960000
0.960000
0.960000
0.960000
0.960000
0.960000
0.960000
0.960000
0.960000
0.960000
0.960000
0.960000
0.960000
0.960000
0.960000
0.960000
0.960000
0.960000
0.960000
0.960000
0.960000
0.960000
0.960000
0.960000
0.960000
0.960000
0.960000
0.960000
0.960000
0.960000
0.960000
0.960000
0.960000
0.960000
0.960000
0.960000
0.960000
0.960000
0.960000
0.960000
0.960000
0.960000
0.960000
0.960000
0.960000
0.960000
0.960000
0.960000
0.960000
0.960000
0.960000
0.960000
0.960000
0.960000
0.960000
0.960000
0.960000
0.960000
0.960000
0.960000
0.960000
0.960000
0.960000
0.960000
0.960000
0.960000
0.960000
0.960000
0.960000
0.960000
0.960000
0.960000
0.960533
0.960533
0.960533
0.960533
0.960533
0.960533
0.960533
0.960533
0.960533
0.960533
0.960533
0.960533
0.960533
0.960533
0.960533
0.960533
0.960533
0.960533
0.960533
0.960533
0.960533
0.960533
0.960533
0.960533
0.960533
0.960533
0.960533
0.960533
0.960533
0.960533
0.960000
0.960000
0.960000
0.960000
0.960000
0.960000
0.960000
0.960000
0.960000
0.960000
0.960000
0.960000
0.960000
0.960000
0.960000
0.960000
0.960000
0.960000
0.960000
0.960000
0.960000
0.960000
0.960000
0.960000
0.960000
0.960533
0.960533
0.960533
0.960533
0.960533
0.960533
0.960533
0.960533
0.960533
0.960533
0.960533
0.960533
0.960533
0.960533
0.961065
0.961065
0.961065
0.961065
0.961065
0.961065
0.961065
0.961065
0.961065
0.961065
0.961065
0.961065
0.961065
0.961065
0.961065
0.961065
0.960533
0.960533
0.961598
0.961598
0.961598
0.961598
0.961598
0.961598
0.961598
0.961598
0.961598
0.961598
0.961598
0.961598
0.961065
0.961065
0.961065
0.961065
0.961065
0.961065
0.961065
0.961065
0.961065
0.961065
0.961065
0.961065
0.961065
0.961065
0.961065
0.961065
0.961065
0.961065
0.960000
0.960000
0.960000
0.960000
0.962663
0.998885
1.035108
1.043630
1.043630
1.043630
1.043630
1.043630
1.043630
1.043630
1.043630
1.043630
1.043630
1.043630
1.043630
1.043630
1.043630
1.043630
1.043630
1.043630
1.043630
1.043630
1.043630
1.043630
1.043630
1.043630
1.043630
1.043630
1.043630
1.043630
1.040967
1.004745
0.968523
0.960000
0.960000
0.960000
0.960000
0.960000
0.960000
0.960000
0.960533
0.960533
0.960533
0.960533
0.960533
0.960533
0.960533
0.960533
0.960533
0.960533
0.960533
0.960533
0.960533
0.960533
0.960533
0.960533
0.960533
0.960533
0.960533
0.960533
0.960533
0.960533
0.960533
0.960533
0.960533
0.960533
0.981307
0.989830
0.990895
1.010604
1.031379
1.053219
1.074526
1.096366
1.117673
1.138980
1.160287
1.181594
1.201836
1.203967
1.203967
1.203967
1.203967
1.206630
1.209293
1.209293
1.209293
1.209293
1.210359
1.210359
1.210359
1.210359
1.210359
1.210359
1.210359
1.210359
1.189584
1.181061
1.179996
1.160287
1.138980
1.117140
1.095833
1.073993
1.052686
1.031379
1.010072
0.988765
0.968523
0.966392
0.966392
0.966392
0.966392
0.963729
0.961065
0.961065
0.961065
0.961065
0.960000
0.960000
0.960000
0.960000
0.960000
0.960000
0.960000
0.960000
0.960000
0.960000
0.960000
0.960000
0.960000
0.960000
0.960000
0.960000
0.960000
0.960000
0.960000
0.960000
0.960000
0.960000
0.960000
0.960000
0.960000
0.960000
0.960000
0.960000
0.960000
0.960000
0.960000
0.960000
0.960000
0.969588
0.971186
0.971186
0.971186
0.971186
0.982372
1.003147
1.004745
1.004745
1.012735
1.021791
1.022323
1.022323
1.022323
1.022323
1.022323
1.022323
1.022323
1.022323
1.022323
1.022323
1.022323
1.022323
1.022323
1.022323
1.022323
1.022323
1.022323
1.022323
1.022323
1.012735
1.011137
1.011137
1.011137
1.011137
0.999951
0.979176
0.977578
0.977578
0.969588
0.960533
0.960000
0.960000
0.960000
0.960000
0.960000
0.960000
0.960000
0.960000
0.960000
0.960000
0.960000
0.964794
0.967990
0.967990
0.967990
0.969588
0.969588
0.969588
0.969588
0.970121
0.974382
0.984503
0.985036
0.985036
0.985569
0.985569
0.985569
0.985569
0.985569
0.985569
0.985569
0.985569
0.985569
0.985569
0.985569
0.985569
1.003147
1.024454
1.045761
1.068134
1.089973
1.102758
1.101160
1.101160
1.101160
1.099562
1.099562
1.099562
1.099562
1.099029
1.094768
1.084647
1.084114
1.100627
1.111813
1.111813
1.111813
1.111813
1.111813
1.111813
1.111813
1.111813
1.111813
1.111813
1.111813
1.111813
1.094235
1.072928
1.051621
1.029248
1.007408
0.989830
0.988232
0.988232
0.988232
0.988232
0.988232
0.988232
0.988232
0.988232
0.988232
0.988232
0.988232
0.971719
0.960000
0.960000
0.960000
0.960000
0.960000
0.960000
0.960000
0.960000
0.960000
0.960000
0.960000
0.960000
0.960000
0.960000
0.960000
0.960000
0.960000
0.960000
0.960000
0.960000
0.960000
0.960000
0.960000
0.960000
0.960000
0.960000
0.960000
0.960000
0.960000
0.960000
0.960000
0.960000
0.960000
0.960000
0.960000
0.960000
0.977046
0.987699
0.987699
0.987699
0.987699
0.987699
0.987699
0.987699
0.987699
0.987699
0.987699
0.987699
0.987699
0.987699
0.987699
0.987699
0.987699
0.987699
0.987699
0.987699
0.987699
0.987699
0.987699
0.987699
0.987699
0.987699
0.987699
0.987699
0.987699
0.987699
0.970654
0.960000
0.960000
0.960000
0.960000
0.960000
0.960000
0.960000
0.960000
0.960000
0.960000
0.960000
0.960000
0.960000
0.960000
0.960000
0.960000
0.960000
0.960000
0.960000
0.960000
0.960000
0.960000
0.960000
0.960000
0.960000
0.960000
0.960000
0.960000
0.960000
0.960000
0.960000
0.960000
0.960000
0.960000
0.960000
0.960000
0.960000
0.960000
0.960000
0.960000
0.960000
0.960000
0.960000
0.960000
0.960000
0.960000
0.960000
0.960000
0.960000
0.960000
0.960000
0.960000
0.960000
0.960000
0.960000
0.960000
0.960000
0.960000
0.960000
0.960000
0.960000
0.960000
0.960000
0.960000
0.960000
0.960000
0.960000
0.979176
0.985036
0.985036
0.985036
0.985036
0.985036
0.985036
0.985036
0.985036
0.985036
0.985036
0.985036
0.985036
0.985036
0.985036
0.985036
0.985036
0.985036
0.985036
0.985036
0.985036
0.985036
0.985036
0.985036
0.985036
0.985036
0.985036
0.985036
0.985036
0.985036
0.965859
0.960000
0.960000
0.960000
0.960000
0.960000
0.960000
0.960000
0.960000
0.960000
0.960000
0.960000
0.960000
0.960000
0.960000
0.960000
0.960000
0.960000
0.960000
0.960000
0.960000
0.960000
0.960000
0.960000
0.960000
0.960000
0.960000
0.960000
0.960000
0.960000
0.960000
0.960000
0.960000
0.960000
0.960000
0.960000
0.960000
0.960000
0.960000
0.960000
0.960000
0.960000
0.960000
0.960000
0.960000
0.960000
0.960000
0.960000
0.960000
0.960000
0.960000
0.960000
0.960000
0.960000
0.960000
0.960000
0.960000
0.960000
0.960000
0.960000
0.960000
0.960000
0.960000
0.960000
0.960000
0.960000
0.960000
0.960000
0.960000
0.960000
0.960000
0.960000
0.960000
0.960000
0.960000
0.960000
0.960000
0.960000
0.960000
0.960000
0.960000
0.960000
0.960000
0.960000
0.960000
0.960000
0.960000
0.960000
0.960000
0.967457
0.967990
0.967990
0.967990
0.967990
0.967990
0.967990
0.967990
0.967990
0.967990
0.967990
0.967990
0.967990
0.967990
0.967990
0.967990
0.967990
0.967990
0.967990
0.967990
0.967990
0.967990
0.967990
0.967990
0.967990
0.973317
0.996755
1.013800
1.014866
1.014866
1.007408
1.014333
1.022323
1.028183
1.028183
1.028183
1.028183
1.028183
1.028183
1.028183
1.028183
1.028183
1.028183
1.029248
1.029248
1.029248
1.029248
1.033510
1.059611
1.071330
1.071862
1.071862
1.071862
1.071862
1.071862
1.066536
1.043098
1.026052
1.024987
1.024987
1.024987
1.017529
1.009539
1.003680
1.003680
1.003680
1.003680
1.003680
1.003680
1.003680
1.003680
1.003680
1.003680
1.002614
1.002614
1.002614
1.002614
0.998353
0.972252
0.960533
0.960000
0.960000
0.960000
0.960000
0.960000
0.960000
0.960000
0.960000
0.960000
0.960000
0.960000
0.960000
0.960000
0.960000
0.960000
0.960000
0.960000
0.960000
0.960000
0.960000
0.960000
0.960000
0.960000
0.960000
0.960000
0.960000
0.960000
0.960000
0.960000
0.960000
0.960000
0.960000
0.967990
0.969588
0.969588
0.969588
0.969588
0.969588
0.969588
0.969588
0.969588
0.969588
0.969588
0.969588
0.969588
0.969588
0.969588
0.969588
0.969588
0.969588
0.969588
0.969588
0.969588
0.969588
0.969588
0.969588
0.969588
0.969588
0.969588
0.969588
0.969588
0.969588
0.961598
0.960000
0.960000
0.960000
0.960000
0.960000
0.960000
0.960000
0.960000
0.960000
0.960000
0.960000
0.960000
0.960000
0.960000
0.960000
0.960000
0.960000
0.960000
0.960000
0.960000
0.960000
0.960000
0.960000
0.960000
0.960000
0.960000
0.960000
0.960000
0.960000
0.960000
0.960000
0.960000
0.960000
0.960000
0.960000
0.960000
0.960000
0.960000
0.960000
0.960000
0.960000
0.960000
0.960000
0.960000
0.960000
0.960000
0.960000
0.960000
0.960000
0.960000
0.960000
0.960000
0.960000
0.960000
0.960000
0.960000
0.960000
0.960000
0.960000
0.960000
0.960000
0.960000
0.960000
0.960000
0.960000
0.960000
0.960000
0.960000
0.960000
0.960000
0.960000
0.960000
0.960000
0.960000
0.960000
0.960000
0.960000
0.960000
0.960000
0.960000
0.960000
0.960000
0.960000
0.960000
0.960000
0.960000
0.960000
0.960000
0.974915
0.997820
0.999951
1.017529
1.041500
1.066003
1.089973
1.113944
1.137914
1.161885
1.185855
1.209293
1.233264
1.256702
1.280672
1.304110
1.328081
1.351518
1.375489
1.398927
1.410646
1.411178
1.411178
1.411178
1.411178
1.411178
1.411178
1.411178
1.411178
1.411178
1.396263
1.373358
1.371227
1.353649
1.329679
1.305175
1.281205
1.257234
1.233264
1.209293
1.185323
1.161885
1.137914
1.114477
1.090506
1.067068
1.043098
1.019660
0.995689
0.972252
0.960533
0.960000
0.960000
0.960000
0.960000
0.960000
0.960000
0.960000
0.960000
0.960000
0.960000
0.960000
0.960000
0.960000
0.960000
0.960000
0.960000
0.960000
0.960000
0.960000
0.960000
0.960000
0.960000
0.960000
0.960000
0.960000
0.960000
0.960000
0.960000
0.960000
0.960000
0.960000
0.960000
0.960000
0.960000
0.960000
0.960000
0.960000
0.960000
0.960000
0.960000
0.960000
0.960000
0.960000
0.960000
0.960000
0.960000
0.960000
0.960000
0.960000
0.960000
0.960000
0.960000
0.960000
0.960000
0.960000
0.960000
0.960000
0.960000
0.960000
0.960000
0.960000
0.960000
0.960000
0.960000
0.960000
0.960000
0.960000
0.960000
0.960000
0.960000
0.960000
0.960000
0.960000
0.960000
0.960000
0.961065
0.961598
0.961598
0.961598
0.961598
0.961598
0.961598
0.961598
0.961598
0.961598
0.961598
0.961598
0.961598
0.961598
0.961598
0.961598
0.961598
0.961598
0.961598
0.961598
0.969588
0.992493
0.995689
0.995689
0.995689
0.995689
0.995689
0.995689
0.995689
0.995689
0.994624
0.999418
1.022323
1.027117
1.027117
1.027117
1.027117
1.027117
1.027117
1.027117
1.027117
1.027117
1.027117
1.027117
1.027117
1.027117
1.027117
1.027117
1.036173
1.052686
1.045761
1.027650
1.035640
1.036173
1.036173
1.036173
1.036173
1.036173
1.036173
1.036173
1.036173
1.030846
1.007941
1.003147
1.003147
1.003147
1.003147
1.003147
1.004212
1.035640
1.062807
1.067601
1.067601
1.067601
1.068666
1.069199
1.069199
1.069199
1.060143
1.043630
1.042565
1.037771
1.026585
1.026052
1.026052
1.026052
1.026052
1.026052
1.026052
1.026052
1.026052
1.026052
1.026052
1.026052
1.026052
1.026052
1.026052
1.026052
1.024987
0.993559
0.966392
0.961598
0.961598
0.961598
0.960533
0.960000
0.960000
0.960000
0.960000
0.960000
0.960000
0.960000
0.960000
0.960000
0.960000
0.960000
0.960000
0.960000
0.960000
0.960000
0.960000
0.960000
0.960000
0.960000
0.960000
0.960000
0.960000
0.960000
0.960000
0.960000
0.960000
0.960000
0.960000
0.960000
0.960000
0.960000
0.960000
0.960000
0.960000
0.960000
0.960000
0.960000
0.960000
0.960000
0.960000
0.960000
0.960000
0.960000
0.960000
0.960000
0.960000
0.960000
0.960000
0.960000
0.960000
0.960000
0.960000
0.960000
0.960000
0.960000
0.960000
0.960000
0.960000
0.960000
0.960000
0.960000
0.960000
0.960000
0.960000
0.960000
0.960000
0.960000
0.960000
0.960000
0.960000
0.960000
0.960000
0.960000
0.960000
0.960000
0.960000
0.960000
0.960000
0.960000
0.960000
0.960000
0.960000
0.960000
0.960000
0.960000
0.960000
0.960000
0.960000
0.960000
0.960000
0.960000
0.960000
0.960000
0.960000
0.960000
0.960000
0.960000
0.960000
0.960000
0.960000
0.960000
0.960000
0.960000
0.960000
0.960000
0.960000
0.960000
0.960000
0.960000
0.960000
0.960000
0.960000
0.960000
0.960000
0.960000
0.960000
0.960000
0.960000
0.960000
0.960000
0.960000
0.960000
0.960000
0.960000
0.960000
0.960000
0.960000
0.960000
0.960000
0.960000
0.960000
0.960000
0.960000
0.960000
0.960000
0.960000
0.960000
0.960000
0.960000
0.960000
0.960000
0.960000
0.960000
0.960000
0.960000
0.960000
0.960000
0.960000
0.960000
0.960000
0.960000
0.960000
0.960000
0.960000
0.960000
0.960000
0.960000
0.960000
0.960000
0.960000
0.960000
0.960000
0.960000
0.960000
0.960000
0.960000
0.960000
0.960000
0.960000
0.960000
0.960000
0.960000
0.960000
0.960000
0.960000
0.960000
0.960000
0.960000
0.960000
0.960000
0.960000
0.960000
0.960000
0.960000
0.960000
0.960000
0.960000
0.960000
0.960000
0.960000
0.960000
0.960000
0.960000
0.960000
0.960000
0.960000
0.960000
0.960000
0.960000
0.960000
0.960000
0.960000
0.960000
0.960000
0.960000
0.960000
0.960000
0.960000
0.960000
0.960000
0.960000
0.960000
0.960000
0.960000
0.960000
0.960000
0.960000
0.960000
0.960000
0.960000
0.960000
0.960000
0.960000
0.960000
0.960000
0.960000
0.960000
0.960000
0.960000
0.960000
0.960000
0.960000
0.960000
0.960000
0.960000
0.960000
0.960000
0.960000
0.960000
0.960000
0.960000
0.960000
0.960000
0.960000
0.960000
0.960000
0.960000
0.960000
0.960000
0.960000
0.960000
0.960000
0.960000
0.960000
0.960000
0.960000
0.960000
0.960000
0.960000
0.960000
0.960000
0.960000
0.960000
0.960000
0.960000
0.960000
0.960000
0.960000
0.960000
0.960000
0.960000
0.960000
0.960000
0.960000
0.960000
0.960000
0.960000
0.960000
0.960000
0.960000
0.960000
0.960000
0.960000
0.960000
0.960000
0.960000
0.960000
0.960000
0.960000
0.960000
0.960000
0.960000
0.960000
0.960000
0.960000
0.960000
0.960000
0.960000
0.960000
0.960000
0.960000
0.960000
0.960000
0.960000
0.960000
0.960000
0.960000
0.960000
0.960000
0.960000
0.960000
0.960000
0.960000
0.960000
0.960000
0.960000
0.960000
0.960000
0.960000
0.960000
0.960000
0.960000
0.960000
0.960000
0.960000
0.960533
0.960533
0.960533
0.960533
0.960533
0.960533
0.960533
0.960533
0.960533
0.960533
0.960533
0.960533
0.960533
0.960533
0.960533
0.960533
0.960533
0.960533
0.960533
0.960533
0.960533
0.960533
0.960533
0.960533
0.960533
0.960533
0.960533
0.960533
0.960533
0.960533
0.960000
0.960000
0.960000
0.960000
0.960000
0.960000
0.960000
0.960000
0.960000
0.960000
0.960000
0.960000
0.960000
0.960000
0.960000
0.960000
0.960000
0.960000
0.960000
0.960000
0.960000
0.960000
0.960000
0.960000
0.960000
0.960000
0.960000
0.960000
0.960000
0.960000
0.960000
0.960000
0.960000
0.960000
0.960000
0.960000
0.960000
0.960000
0.960000
0.960000
0.960000
0.960000
0.960000
0.960000
0.960000
0.960000
0.960000
0.960000
0.960000
0.960000
0.960000
0.960000
0.960000
0.960000
0.960000
0.960000
0.960000
0.960000
0.960000
0.960000
0.960000
0.960000
0.961598
0.961598
0.961598
0.961598
0.961598
0.961598
0.961598
0.961598
0.961598
0.961598
0.961598
0.961598
0.961598
0.961598
0.961598
0.961598
0.961598
0.962663
0.987699
1.015931
1.041500
1.067068
1.099029
1.105421
1.105421
1.105421
1.105421
1.119271
1.144839
1.151231
1.150166
1.150166
1.151231
1.172539
1.183192
1.183725
1.183725
1.184257
1.184257
1.184257
1.184257
1.184257
1.184257
1.184257
1.184257
1.184257
1.184257
1.183192
1.158156
1.129924
1.104356
1.078787
1.046827
1.040434
1.040434
1.040434
1.040434
1.026585
1.001016
0.994624
0.994091
0.994091
0.993026
0.971719
0.961065
0.960533
0.960533
0.960000
0.960000
0.960000
0.960000
0.960000
0.960000
0.960000
0.960000
0.960000
0.960000
0.960000
0.960000
0.960000
0.960000
0.960000
0.960000
0.960000
0.960000
0.960000
0.960000
0.960000
0.960000
0.960000
0.960000
0.960000
0.960000
0.960000
0.960000
0.960000
0.960000
0.960000
0.961065
0.980242
1.002082
1.023389
1.044696
1.066536
1.088375
1.110215
1.128859
1.133653
1.143774
1.143774
1.143774
1.143774
1.143774
1.146970
1.148568
1.148568
1.149633
1.149633
1.150166
1.151231
1.151231
1.151231
1.151231
1.151231
1.151231
1.151231
1.151231
1.151231
1.150166
1.130990
1.109150
1.087843
1.066536
1.044696
1.022856
1.001016
0.982372
0.977578
0.967457
0.967457
0.967457
0.967457
0.967457
0.964261
0.962663
0.962663
0.968523
0.989830
1.011670
1.032444
1.054817
1.077189
1.099029
1.121401
1.143774
1.165614
1.187454
1.206097
1.207695
1.207695
1.207695
1.207695
1.207695
1.207695
1.207695
1.207695
1.207695
1.207695
1.207695
1.207695
1.207695
1.207695
1.207695
1.207695
1.207695
1.207695
1.200770
1.179463
1.157091
1.135251
1.112879
1.090506
1.068666
1.046294
1.023921
1.002082
0.980242
0.961598
0.960000
0.960000
0.960000
0.960000
0.960000
0.960000
0.960000
0.960000
0.960533
0.960533
0.960533
0.960533
0.960533
0.961065
0.961065
0.961065
0.961065
0.961065
0.961065
0.961065
0.976513
0.988765
0.989297
0.989297
0.989297
0.989297
0.989297
0.989297
0.989297
0.989297
0.989297
0.989297
0.989297
0.989297
0.989297
0.989297
0.989297
0.989297
0.988765
0.988765
0.988765
0.988765
0.988765
0.988232
0.988232
0.988232
0.988232
0.988232
0.988232
0.988232
0.972784
0.960533
0.960000
0.960000
0.960000
0.960000
0.960000
0.960000
0.960000
0.960000
0.960000
0.960000
0.960000
0.960000
0.960000
0.960000
0.960000
0.960000
0.960000
0.960000
0.960000
0.960000
0.960000
0.960000
0.960000
0.960000
0.960000
0.960000
0.960000
0.960000
0.960000
0.960000
0.960000
0.960000
0.960000
0.960000
0.960000
0.960000
0.960000
0.960000
0.960000
0.960000
0.960000
0.960000
0.960000
0.960000
0.960000
0.960000
0.960000
0.960000
0.960000
0.960000
0.960000
0.960000
0.960000
0.960000
0.960000
0.960000
0.960000
0.960000
0.960000
0.960000
0.960000
0.960000
0.960000
0.960000
0.960000
0.960000
0.960000
0.960000
0.960000
0.960000
0.960000
0.960000
0.960000
0.960000
0.960000
0.960000
0.960000
0.960000
0.960000
0.960000
0.960000
0.960000
0.960000
0.960000
0.960000
0.960000
0.960000
0.960000
0.960000
0.960000
0.960000
0.960000
0.960000
0.960000
0.960000
0.960000
0.960000
0.960000
0.960000
0.960000
0.960000
0.960000
0.960000
0.960000
0.960000
0.960000
0.960000
0.960000
0.960000
0.960000
0.960000
0.960000
0.960000
0.960000
0.960000
0.960000
0.960000
0.960000
0.960000
0.960000
0.960000
0.960000
0.960000
0.960000
0.960000
0.960000
0.960000
0.960000
0.960000
0.960000
0.960000
0.960000
0.960000
0.960000
0.960000
0.960000
0.960000
0.960000
0.960000
0.960000
0.960000
0.960000
0.960000
0.960000
0.960000
0.960000
0.960000
0.960000
0.960000
0.960000
0.960000
0.960000
0.960000
0.960000
0.960000
0.960000
0.960000
0.960000
0.960000
0.960000
0.960000
0.960000
0.960000
0.960000
0.960000
0.960000
0.960000
0.960000
0.960000
0.960000
0.960000
0.960000
0.960000
0.960000
0.960000
0.960000
0.960000
0.960000
0.960000
0.969588
0.986634
0.988765
0.988765
0.988765
0.988765
0.988765
0.988765
0.988765
0.988765
0.988765
0.988765
0.988765
0.988765
0.988765
0.988765
0.988765
0.988765
0.988765
0.988765
0.988765
0.988765
0.988765
0.988765
0.988765
0.988765
0.988765
0.988765
0.988765
0.988765
0.979176
0.962131
0.960000
0.960000
0.960000
0.960000
0.960000
0.960000
0.960000
0.960000
0.960000
0.960000
0.960000
0.960000
0.960000
0.960000
0.960000
0.960000
0.960000
0.960000
0.960000
0.960000
0.960000
0.960000
0.960000
0.960000
0.960000
0.960000
0.960000
0.960000
0.960000
0.960000
0.960000
0.960000
0.960000
0.960000
0.960000
0.960000
0.960000
0.960000
0.960000
0.960000
0.960000
0.960000
0.960000
0.960000
0.960000
0.960000
0.960000
0.967457
0.970654
0.970654
0.970654
0.970654
0.970654
0.982372
1.004745
1.006876
1.006876
1.006876
1.006876
1.006876
1.006876
1.006876
1.006876
1.006876
1.006876
1.006876
1.006876
1.006876
1.006876
1.006876
1.006876
1.006876
1.006876
1.006876
1.006876
1.006876
1.006876
0.999418
0.996222
0.996222
0.996222
0.996222
0.996222
0.984503
0.962131
0.960000
0.960000
0.960000
0.960000
0.960000
0.960000
0.960000
0.960000
0.960000
0.960000
0.960000
0.960000
0.960000
0.960000
0.960000
0.960000
0.960000
0.960000
0.960000
0.960000
0.960000
0.960000
0.960000
0.960000
0.960533
0.960533
0.960533
0.960533
0.960533
0.960533
0.960533
0.960533
0.960533
0.960533
0.960533
0.960533
0.960533
0.960533
0.960533
0.960533
0.960533
0.973317
0.998885
1.002614
1.002614
1.002614
1.002614
1.002614
1.002614
1.021791
1.042565
1.044163
1.044163
1.044163
1.043630
1.043630
1.043630
1.043630
1.044696
1.044696
1.044696
1.044696
1.044696
1.044696
1.044696
1.044696
1.044696
1.044696
1.044696
1.044696
1.044696
1.031912
1.006343
1.002614
1.002614
1.002614
1.002614
1.002614
1.002614
0.983438
0.962663
0.961065
0.961065
0.961065
0.961065
0.961065
0.961065
0.961065
0.960000
0.960000
0.960000
0.960000
0.960000
0.960000
0.960000
0.960000
0.960000
0.960000
0.960000
0.960000
0.960000
0.960000
0.960000
0.960000
0.960000
0.960000
0.960000
0.960000
0.960000
0.960000
0.960000
0.960000
0.960000
0.960000
0.960000
0.960000
0.960000
0.960000
0.966925
0.989830
0.993559
0.993559
0.993559
0.993559
0.993559
0.993559
0.993559
0.993559
0.993559
0.993559
0.993559
0.993559
0.993559
0.993559
1.007408
1.014866
1.014866
1.014866
1.014866
1.014866
1.014866
1.014866
1.014866
1.014866
1.014866
1.014866
1.014866
1.014866
1.007941
0.985036
0.981307
0.981307
0.981307
0.981307
0.981307
0.981307
0.981307
0.981307
0.981307
0.981307
0.981840
0.981840
0.981840
0.981840
0.967990
0.960533
0.960533
0.960533
0.960533
0.960533
0.960533
0.960533
0.970654
0.988232
0.989297
0.989297
0.989297
0.989297
0.989297
0.989297
0.989297
0.989297
0.989297
0.989297
0.989297
0.989297
0.989297
0.989297
0.989297
0.989297
0.988765
0.988765
0.988765
0.988765
0.988765
0.988765
0.988765
0.988765
0.988765
0.988765
0.988765
0.988765
0.978644
0.961065
0.962131
0.962131
0.962131
0.962131
0.962131
0.962131
0.962131
0.962131
0.962663
0.963196
0.965327
0.988232
0.996222
0.996755
0.996755
0.996755
0.996755
0.996755
0.996755
0.997287
0.997287
0.997287
0.997287
0.997287
0.997287
0.997287
0.997287
0.997287
0.997287
0.997287
0.995157
0.995157
0.995157
0.995157
0.995157
0.995157
0.995157
0.995157
0.994624
0.994091
0.991961
0.969056
0.961065
0.960533
0.960533
0.960533
0.960533
0.960533
0.960533
0.960000
0.960000
0.960000
0.960000
0.960000
0.960000
0.960000
0.960000
0.960000
0.960000
0.960000
0.960000
0.960000
0.960000
0.960000
0.960000
0.960000
0.960000
0.960000
0.960000
0.960000
0.960000
0.960000
0.960000
0.960000
0.960000
0.960000
0.960000
0.960000
0.960000
0.960533
0.960533
0.960533
0.960533
0.960533
0.960533
0.961065
0.961065
0.961065
0.961065
0.961065
0.961065
0.961065
0.961065
0.961065
0.961065
0.961065
0.961065
0.961065
0.961065
0.961065
0.961065
0.961065
0.961065
0.961065
0.969588
0.970654
0.970654
0.970654
0.970654
0.970121
0.970121
0.970121
0.970121
0.970121
0.970654
0.970121
0.970121
0.970121
0.970121
0.970121
0.970121
0.970121
0.970121
0.970121
0.970121
0.970121
0.970121
0.970121
0.970121
0.970121
0.970121
0.970121
0.970121
0.970121
0.961598
0.960533
0.960533
0.960533
0.960533
0.960533
0.960533
0.960533
0.960533
0.960533
0.960000
0.960000
0.960000
0.960000
0.960000
0.960000
0.960000
0.960000
0.960000
0.960000
0.960000
0.960000
0.960000
0.960000
0.960000
0.960000
0.967457
0.982372
0.997287
1.012735
1.028183
1.043630
1.059078
1.074526
1.089973
1.105421
1.120869
1.136849
1.153895
1.173071
1.192248
1.211957
1.231133
1.250310
1.269486
1.285466
1.291858
1.301447
1.317427
1.319025
1.319025
1.319025
1.332342
1.363770
1.374956
1.396263
1.404786
1.402123
1.393600
1.378152
1.362705
1.347257
1.331809
1.316362
1.300914
1.285466
1.277476
1.282270
1.273747
1.271084
1.257767
1.242852
1.231133
1.229002
1.240189
1.257767
1.280672
1.302512
1.313166
1.360041
1.399459
1.425561
1.438345
1.432485
1.446335
1.450596
1.460185
1.462848
1.456989
1.456989
1.456989
1.456989
1.456989
1.456989
1.456989
1.456989
1.449531
1.428757
1.420234
1.403721
1.397861
1.393067
1.385610
1.368564
1.338201
1.304643
1.275345
1.243917
1.217284
1.168810
1.129392
1.103290
1.077189
1.051621
1.026585
1.001016
0.975448
0.960533
0.960000
0.960000
0.960000
0.960000
0.960000
0.960000
0.960000
0.960000
0.960000
0.960000
0.960000
0.960000
0.960000
0.960000
0.960000
0.960000
0.960000
0.960000
0.960000
0.960000
0.960000
0.960000
0.960000
0.960000
0.960000
0.960000
0.960000
0.960000
0.960000
0.960000
0.960000
0.960000
0.960000
0.960000
0.960000
0.960000
0.960000
0.960000
0.960000
0.960000
0.960000
0.960000
0.960000
0.960000
0.960000
0.960000
0.960000
0.960000
0.960000
0.960000
0.960000
0.960000
0.960000
0.960000
0.960000
0.960000
0.960000
0.960000
0.960000
0.960000
0.960000
0.960000
0.960000
0.960000
0.960000
0.960000
0.960000
0.960000
0.960000
0.960000
0.960000
0.960533
0.960533
0.960533
0.960533
0.960533
0.960533
0.960533
0.960533
0.960533
0.960533
0.960533
0.960533
0.960533
0.960533
0.960533
0.960533
0.960533
0.960533
0.960533
0.960533
0.960533
0.960533
0.961065
0.961065
0.961065
0.961065
0.961065
0.961065
0.961065
0.961065
0.960533
0.960533
0.960533
0.960533
0.960533
0.960533
0.960533
0.960533
0.960533
0.960533
0.960533
0.960533
0.960533
0.960533
0.960533
0.960533
0.960533
0.960533
0.960533
0.960533
0.960533
0.960533
0.960000
0.960000
0.960000
0.960000
0.960000
0.960000
0.960000
0.960000
0.960000
0.960000
0.960000
0.960000
0.960000
0.960000
0.960000
0.960000
0.960000
0.960000
0.960000
0.960000
0.960000
0.960000
0.960000
0.960000
0.960000
0.960000
0.960000
0.960000
0.960000
0.960000
0.960000
0.960000
0.960000
0.960000
0.960000
0.960000
0.960000
0.960000
0.960000
0.960000
0.960000
0.960000
0.960000
0.960000
0.960000
0.960000
0.960000
0.960000
0.960000
0.960000
0.960000
0.960000
0.960000
0.960000
0.960000
0.960000
0.960000
0.960000
0.960000
0.960000
0.960000
0.960000
0.960000
0.960000
0.960000
0.960000
0.960000
0.960000
0.960000
0.960000
0.960000
0.960000
0.960000
0.960000
0.960000
0.960000
0.960000
0.960000
0.960000
0.960000
0.960000
0.960000
0.960000
0.960000
0.960000
0.960000
0.960000
0.960000
0.960000
0.960000
0.960000
0.960000
0.960000
0.960000
0.960000
0.960000
0.960000
0.960000
0.960000
0.960000
0.960000
0.960000
0.960000
0.960000
0.960000
0.960000
0.960000
0.960000
0.960000
0.960000
0.960000
0.960000
0.960000
0.960000
0.960000
0.960000
0.960000
0.960000
0.960000
0.960000
0.960000
0.960000
0.960000
0.960000
0.960000
0.960000
0.960000
0.960000
0.960000
0.960000
0.960000
0.960000
0.960000
0.960000
0.960000
0.960000
0.960000
0.960000
0.960000
0.960000
0.960000
0.960000
0.960000
0.960000
0.960000
0.960000
0.960000
0.960000
0.960000
0.960000
0.960000
0.960000
0.960000
0.960000
0.960000
0.960000
0.960000
0.960000
0.960000
0.960000
0.960000
0.960000
0.960000
0.960000
0.960000
0.960000
0.960000
0.960000
0.960000
0.960000
0.960000
0.960000
0.960000
0.960000
0.960000
0.960000
0.960000
0.960000
0.960000
0.960000
0.960000
0.960000
0.960000
0.960000
0.960000
0.960000
0.960000
0.960000
0.960000
0.960000
0.960000
0.960000
0.960000
0.960000
0.960000
0.960000
0.960000
0.960000
0.960000
0.960000
0.960000
0.960000
0.960000
0.960000
0.960000
0.960000
0.960000
0.960000
0.960000
0.960000
0.960000
0.960000
0.960000
0.960000
0.960000
0.960000
0.960000
0.960000
0.960000
0.960000
0.960000
0.960000
0.960000
0.960000
0.960000
0.960000
0.960000
0.960000
0.960000
0.960000
0.960000
0.960000
0.960000
0.960000
0.960000
0.960000
0.960000
0.960533
0.960533
0.960533
0.960533
0.960533
0.960533
0.960533
0.960533
0.960533
0.960533
0.960533
0.960533
0.960533
0.960533
0.960533
0.960533
0.960533
0.960533
0.960533
0.960533
0.960533
0.960533
0.960533
0.960533
0.960533
0.960533
0.960533
0.960533
0.960533
0.960533
0.960000
0.960000
0.960000
0.960000
0.960000
0.960000
0.960000
0.960000
0.960000
0.960000
0.960000
0.960000
0.960000
0.960000
0.960000
0.960000
0.960000
0.960000
0.960000
0.960000
0.960000
0.960000
0.960000
0.960000
0.960000
0.960000
0.960000
0.960000
0.960000
0.960000
0.960000
0.960000
0.960000
0.960000
0.960000
0.960000
0.960000
0.960000
0.960000
0.960000
0.960000
0.960000
0.960000
0.960000
0.960000
0.960000
0.960000
0.960000
0.960000
0.960000
0.960000
0.960000
0.960000
0.960000
0.960000
0.960000
0.960000
0.960000
0.960000
0.961598
0.965859
0.965859
0.965859
0.965859
0.965859
0.965859
0.965859
0.965859
0.965859
0.965859
0.965859
0.965859
0.966392
0.966392
0.966392
0.967457
1.002614
1.062807
1.103290
1.129924
1.154427
1.157091
1.186921
1.205032
1.205565
1.205565
1.205565
1.205565
1.205565
1.203967
1.199705
1.199705
1.199705
1.199705
1.199705
1.199705
1.199705
1.199705
1.199705
1.199705
1.199705
1.199705
1.199172
1.199172
1.199172
1.198107
1.162950
1.102758
1.062274
1.035640
1.011137
1.008474
0.978644
0.960533
0.960000
0.960000
0.960000
0.960000
0.960000
0.960000
0.960000
0.960000
0.960000
0.960000
0.960000
0.960000
0.960000
0.960000
0.960000
0.960000
0.960000
0.960000
0.960000
0.960000
0.960000
0.960000
0.960000
0.960000
0.960000
0.960000
0.960000
0.960000
0.960000
0.960000
0.960000
0.960000
0.960000
0.960000
0.960000
0.960000
0.960000
0.960000
0.960000
0.960000
0.960000
0.960000
0.960000
0.960000
0.960000
0.960000
0.960000
0.960000
0.972784
0.994091
1.015931
1.037238
1.059078
1.080918
1.102758
1.116607
1.116607
1.116607
1.117140
1.119271
1.119803
1.119803
1.119803
1.120336
1.121401
1.121401
1.121401
1.121401
1.121401
1.121401
1.121401
1.121401
1.121401
1.121401
1.121401
1.121401
1.121401
1.121401
1.108617
1.087310
1.065470
1.044163
1.022323
1.000484
0.978644
0.964794
0.964794
0.964794
0.964261
0.962131
0.961598
0.961598
0.961598
0.961065
0.960000
0.960000
0.960000
0.960000
0.960000
0.960000
0.960000
0.960000
0.960000
0.960000
0.960000
0.960000
0.960000
0.960000
0.960000
0.960000
0.960000
0.960000
0.960000
0.960000
0.960000
0.960000
0.960000
0.960000
0.960000
0.960000
0.960000
0.960000
0.960000
0.960000
0.960000
0.960000
0.960000
0.960000
0.960000
0.960000
0.960000
0.960000
0.960000
0.960000
0.960000
0.960000
0.960000
0.960000
0.960000
0.960000
0.960000
0.960000
0.960000
0.960000
0.960000
0.960000
0.960000
0.960000
0.960000
0.960000
0.960000
0.960000
0.960000
0.960000
0.960000
0.960000
0.960000
0.960000
0.960000
0.960000
0.960000
0.960000
0.960000
0.960000
0.960000
0.960000
0.960000
0.960000
0.960000
0.960000
0.960000
0.960000
0.960000
0.960000
0.960000
0.960000
0.960000
0.960000
0.960000
0.962663
0.982372
1.004745
1.026585
1.048425
1.052686
1.052686
1.052686
1.052686
1.052686
1.052686
1.052686
1.052686
1.052686
1.052686
1.052686
1.052686
1.052686
1.052686
1.052686
1.052686
1.052686
1.052686
1.052686
1.052686
1.052686
1.052686
1.052686
1.052686
1.052686
1.050023
1.030314
1.007941
0.986101
0.964261
0.960000
0.960000
0.960000
0.960000
0.960000
0.960000
0.960000
0.960000
0.960000
0.960000
0.960000
0.960000
0.960000
0.960000
0.960000
0.960000
0.960000
0.960000
0.960000
0.960000
0.960000
0.960000
0.960000
0.960000
0.960000
0.960000
0.960000
0.960000
0.960000
0.960000
0.960000
0.960000
0.960000
0.960000
0.960000
0.960000
0.960000
0.960000
0.960000
0.960000
0.960000
0.960000
0.960000
0.960000
0.960000
0.960000
0.960000
0.960000
0.960000
0.960000
0.960000
0.960000
0.960000
0.960000
0.960000
0.960000
0.960000
0.960000
0.960000
0.960000
0.960000
0.960000
0.960000
0.960000
0.960000
0.960000
0.960000
0.960000
0.960000
0.960000
0.960000
0.960000
0.960000
0.960000
0.960000
0.960000
0.960000
0.960000
0.960000
0.960000
0.960000
0.960000
0.960000
0.960000
0.960000
0.960000
0.960000
0.960000
0.960000
0.960000
0.960000
0.960000
0.960000
0.960000
0.960000
0.960000
0.960000
0.960000
0.960000
0.960000
0.960000
0.960000
0.960000
0.960000
0.960000
0.960000
0.960000
0.960000
0.960000
0.960000
0.960000
0.960000
0.960000
0.960000
0.960000
0.960000
0.960000
0.960000
0.960000
0.960000
0.960000
0.960000
0.960000
0.960000
0.960000
0.960000
0.960000
0.960000
0.960000
0.960000
0.960000
0.960000
0.960000
0.960000
0.960000
0.960000
0.960000
0.960000
0.960000
0.960000
0.960000
0.960000
0.960000
0.960000
0.960000
0.960000
0.960000
0.960000
0.960000
0.960000
0.960000
0.960000
0.960000
0.960000
0.960000
0.960000
0.960000
0.960000
0.960000
0.960000
0.960000
0.960000
0.960000
0.960000
0.960000
0.960000
0.960000
0.960000
0.960000
0.960000
0.960000
0.960000
0.960000
0.960000
0.960000
0.960000
0.960000
0.960000
0.960000
0.960000
0.960000
0.960000
0.960000
0.960000
0.960000
0.960000
0.960000
0.960000
0.960000
0.960000
0.960000
0.960000
0.960000
0.960000
0.960000
0.960000
0.960000
0.960000
0.960000
0.960000
0.960000
0.960000
0.960000
0.960000
0.960000
0.960000
0.960000
0.960000
0.960000
0.960000
0.960000
0.960000
0.960000
0.960000
0.960000
0.960000
0.960000
0.960000
0.960000
0.960000
0.960000
0.960000
0.960000
0.960000
0.960000
0.960000
0.972784
1.004212
1.025519
1.028183
1.028183
1.028183
1.028183
1.028183
1.028183
1.028183
1.028183
1.028715
1.028715
1.028715
1.028715
1.028715
1.050555
1.068666
1.069732
1.069732
1.069732
1.069732
1.069732
1.069732
1.069732
1.069732
1.069732
1.069732
1.069732
1.069732
1.056947
1.025519
1.004212
1.001549
1.001549
1.001549
1.001549
1.001549
1.001549
1.001549
1.001549
1.001016
1.001016
1.001016
1.001016
1.001016
0.979176
0.961065
0.960000
0.960000
0.960000
0.960000
0.960000
0.960000
0.960000
0.960000
0.960000
0.960000
0.960000
0.960000
0.960000
0.960000
0.960000
0.960000
0.960000
0.960000
0.960000
0.960000
0.960000
0.960000
0.960000
0.960000
0.960000
0.960000
0.960000
0.960000
0.960000
0.960000
0.960000
0.960000
0.960000
0.960000
0.960000
0.960000
0.960000
0.960000
0.960000
0.960000
0.960000
0.960000
0.960000
0.960000
0.960000
0.960000
0.960000
0.960000
0.960000
0.960000
0.960000
0.960000
0.960000
0.960000
0.960000
0.960000
0.960000
0.960000
0.960000
0.960000
0.960000
0.960000
0.960000
0.960000
0.960000
0.960000
0.960000
0.960000
0.960000
0.960000
0.960000
0.960000
0.960000
0.960000
0.960000
0.960000
0.960000
0.960000
0.960000
0.960000
0.960000
0.960000
0.960000
0.960000
0.960000
0.960000
0.960000
0.960000
0.960000
0.960000
0.960000
0.960000
0.960000
0.960000
0.960000
0.960000
0.960000
0.960000
0.960000
0.960000
0.960000
0.960000
0.960000
0.960000
0.960000
0.960000
0.960000
0.960000
0.960000
0.960000
0.960000
0.960000
0.960000
0.960000
0.960000
0.960000
0.960000
0.960000
0.960000
0.960000
0.960000
0.960000
0.960000
0.960000
0.960000
0.960000
0.960000
0.960000
0.960000
0.960000
0.960000
0.960000
0.960000
0.960000
0.960000
0.960000
0.960000
0.960000
0.961065
0.981840
0.985036
0.985036
0.985036
0.985036
1.008474
1.029248
1.030846
1.030846
1.030846
1.030846
1.030846
1.030846
1.030846
1.030846
1.030846
1.030846
1.030846
1.030846
1.030846
1.030846
1.030846
1.030846
1.030846
1.030846
1.030846
1.030846
1.030846
1.030846
1.029781
1.009006
1.005810
1.005810
1.005810
1.005810
0.982372
0.961598
0.960000
0.960000
0.960000
0.960000
0.960000
0.960000
0.960000
0.960000
0.960000
0.960000
0.960000
0.960000
0.960000
0.960000
0.960000
0.960000
0.960000
0.960000
0.960000
0.960000
0.960000
0.960000
0.960000
0.960000
0.960000
0.960000
0.960000
0.960000
0.960000
0.960000
0.960000
0.960000
0.960000
0.960000
0.960000
0.960000
0.960000
0.960000
0.960000
0.960000
0.960000
0.960000
0.960000
0.960000
0.960000
0.960000
0.960000
0.960000
0.960000
0.960000
0.960000
0.960000
0.960000
0.960000
0.960000
0.960000
0.960000
0.960000
0.960000
0.960000
0.960000
0.960000
0.960000
0.971186
0.992493
0.994624
0.994624
0.994624
0.994624
0.994624
0.994624
0.994624
0.994624
0.994624
0.994624
0.994624
0.994624
0.994624
0.994624
0.994624
0.994624
0.994624
0.994624
0.994624
0.994624
0.994624
0.994624
0.994624
0.994624
0.994624
0.994624
0.994624
0.994624
0.983438
0.962131
0.960000
0.960000
0.960000
0.960000
0.960000
0.960000
0.960000
0.960000
0.960000
0.960000
0.961598
0.982905
0.996222
0.996222
0.996222
0.996222
0.996755
0.996755
0.996755
0.996755
0.996755
0.996755
0.996755
0.996755
0.996755
0.996755
0.996755
0.996755
0.996755
0.996755
0.996755
0.996755
0.996755
0.996755
0.996755
0.996755
0.996755
0.996755
0.996755
0.996755
0.995157
0.973850
0.960533
0.960533
0.960533
0.960533
0.960000
0.960000
0.960000
0.960000
0.960000
0.960000
0.960000
0.960000
0.960000
0.960000
0.960000
0.960000
0.960000
0.960000
0.960000
0.960000
0.960000
0.960000
0.960000
0.960000
0.960000
0.960000
0.960000
0.960000
0.960000
0.960000
0.960000
0.960000
0.960000
0.960000
0.960000
0.960000
0.960000
0.960000
0.960000
0.960000
0.960000
0.960000
0.960000
0.960000
0.960000
0.960000
0.960000
0.973317
0.988232
0.988765
0.988765
0.988765
0.988765
0.988765
0.988765
0.988765
0.988765
0.988765
0.988765
0.989830
0.989830
0.989830
0.989830
0.989830
0.989830
0.989830
0.989830
0.989830
0.990363
0.990363
0.990363
0.990363
0.990363
0.990363
0.990363
0.990363
0.990363
0.977046
0.962131
0.961598
0.961598
0.961598
0.961598
0.961598
0.961598
0.961598
0.961598
0.961598
0.961598
0.960533
0.960533
0.960533
0.960533
0.960533
0.960533
0.960533
0.960533
0.960533
0.960000
0.960000
0.960000
0.960000
0.960000
0.960000
0.960000
0.960000
0.960000
0.960000
0.960000
0.960000
0.960000
0.960000
0.960000
0.960000
0.960000
0.960000
0.960000
0.960000
0.960000
0.960000
0.960000
0.960000
0.960000
0.960000
0.960000
0.960000
0.960000
0.960000
0.960000
0.960000
0.974915
0.989297
0.992493
1.014866
1.031379
1.032444
1.032444
1.034042
1.040434
1.048957
1.050023
1.050023
1.050023
1.050023
1.050023
1.050023
1.050023
1.050023
1.050023
1.050023
1.050023
1.050023
1.050023
1.050023
1.050023
1.050023
1.050023
1.050023
1.050023
1.050023
1.035108
1.020725
1.023389
1.023389
1.009539
1.008474
1.008474
1.006876
1.000484
0.991961
0.990895
0.990895
0.990895
0.990895
0.990895
0.990895
0.990895
0.990895
0.990895
0.990895
0.990895
0.990895
0.990895
0.990895
0.990895
0.990895
0.990895
0.990895
0.990895
0.990895
0.990895
0.990895
0.985036
0.962663
0.960000
0.960000
0.960000
0.960000
0.960000
0.960000
0.960000
0.960000
0.960000
0.960000
0.960000
0.960000
0.960000
0.960000
0.960000
0.960000
0.960000
0.960000
0.960000
0.960000
0.960000
0.960000
0.960000
0.960000
0.960000
0.960000
0.960000
0.960000
0.960000
0.960000
0.960000
0.960000
0.960000
0.960000
0.960000
0.960000
0.960000
0.960000
0.960000
0.960000
0.960000
0.960000
0.960000
0.960000
0.960000
0.960000
0.960000
0.960000
0.960000
0.960000
0.960000
0.960000
0.960000
0.960000
0.960000
0.960000
0.960000
0.960000
0.960000
0.960000
0.960000
0.960000
0.960000
0.960000
0.960000
0.960000
0.960000
0.960000
0.960000
0.960000
0.960000
0.960000
0.960000
0.960000
0.960000
0.960000
0.960000
0.960000
0.960000
0.964261
0.975980
0.976513
0.984503
1.007941
1.017529
1.017529
1.017529
1.017529
1.017529
1.017529
1.017529
1.017529
1.017529
1.017529
1.017529
1.017529
1.017529
1.017529
1.017529
1.017529
1.017529
1.017529
1.017529
1.017529
1.017529
1.017529
1.017529
1.017529
1.017529
1.013268
1.001549
1.001016
0.993026
0.969588
0.960000
0.960000
0.960000
0.960000
0.960000
0.960000
0.960000
0.960000
0.960000
0.960000
0.960000
0.960000
0.960000
0.960000
0.960000
0.960000
0.960000
0.960000
0.960000
0.960000
0.960000
0.960000
0.960000
0.960000
0.960000
0.960000
0.960000
0.960000
0.960000
0.960000
0.960000
0.960000
0.960000
0.960000
0.960000
0.960000
0.960000
0.960000
0.960000
0.960000
0.960000
0.960000
0.960000
0.960000
0.960000
0.960000
0.960000
0.960000
0.960000
0.960000
0.960000
0.960000
0.960000
0.960000
0.960000
0.960000
0.960000
0.960000
0.960000
0.960000
0.960000
0.960000
0.960000
0.960000
0.960000
0.960000
0.960000
0.960000
0.960000
0.960000
0.960000
0.960000
0.960000
0.960000
0.960000
0.960000
0.960000
0.960000
0.960000
0.960000
0.960000
0.960000
0.960000
0.960000
0.960000
0.960000
0.960000
0.960000
0.960000
0.960000
0.960000
0.960000
0.960000
0.960000
0.960000
0.960000
0.960000
0.960000
0.960000
0.960000
0.960000
0.960000
0.960000
0.960000
0.960000
0.960000
0.960000
0.960000
0.960000
0.960000
0.960000
0.960000
0.960000
0.960000
0.960000
0.960000
0.960000
0.960000
0.960000
0.960000
0.960000
0.960000
0.960000
0.960000
0.960000
0.960000
0.960000
0.960000
0.960000
0.960000
0.960000
0.960000
0.960000
0.960000
0.960000
0.960000
0.960000
0.960000
0.960000
0.960000
0.960000
0.960000
0.960000
0.960000
0.960000
0.960000
0.960000
0.960000
0.960000
0.960000
0.960000
0.960000
0.960000
0.960000
0.960000
0.960000
0.960000
0.960000
0.960000
0.960000
0.960000
0.960000
0.960000
0.960000
0.960000
0.960000
0.960000
0.960000
0.960000
0.960000
0.960000
0.960000
0.960000
0.960000
0.960000
0.960000
0.960000
0.960000
0.960000
0.960000
0.960000
0.960000
0.960000
0.960000
0.960000
0.960000
0.960000
0.960000
0.960000
0.960000
0.960000
0.960000
0.960000
0.960000
0.960000
0.960000
0.960000
0.960000
0.960000
0.960000
0.960000
0.960000
0.960000
0.960000
0.960000
0.960000
0.960000
0.960000
0.960000
0.960000
0.960000
0.960000
0.960000
0.960000
0.960000
0.960000
0.960000
0.960000
0.960000
0.960000
0.960000
0.960000
0.960000
0.960000
0.960000
0.960000
0.960000
0.960000
0.960000
0.960000
0.960000
0.960000
0.960000
0.960000
0.960000
0.960000
0.960000
0.960000
0.960000
0.960000
0.960000
0.960000
0.960000
0.960000
0.960000
0.960000
0.960000
0.960000
0.960000
0.960000
0.960000
0.960000
0.960000
0.960000
0.960000
0.960000
0.960000
0.960000
0.960000
0.960000
0.960000
0.960000
0.960000
0.960000
0.960000
0.960000
0.960000
0.960000
0.960000
0.960000
0.960000
0.960000
0.960000
0.960000
0.960000
0.960000
0.960000
0.960000
0.960000
0.960000
0.960000
0.960000
0.960000
0.960000
0.960000
0.960000
0.960000
0.960000
0.960000
0.960000
0.960000
0.960000
0.960000
0.960000
0.960000
0.960000
0.960000
0.960000
0.960000
0.960000
0.960000
0.960000
0.960000
0.960000
0.960000
0.960000
0.960000
0.960000
0.960000
0.960000
0.960000
0.960000
0.960000
0.960000
0.960000
0.960000
0.960000
0.960000
0.960000
0.960000
0.960000
0.960000
0.960000
0.960000
0.960000
0.960000
0.960000
0.960000
0.960000
0.960000
0.960000
0.960000
0.960000
0.960000
0.960000
0.960000
0.960000
0.960000
0.960000
0.960000
0.960000
0.960000
0.960000
0.960000
0.960000
0.960000
0.960000
0.960000
0.967457
0.987699
0.989830
0.989830
0.989830
0.989830
0.989830
0.989830
0.989830
0.989830
0.989830
0.989830
0.989830
0.989830
0.989830
0.989830
0.989830
0.989830
0.989830
0.989830
0.989830
0.989830
0.989830
0.989830
0.989830
0.989830
0.989830
0.989830
0.989830
0.989830
0.982372
0.962131
0.960000
0.960000
0.960000
0.960000
0.960000
0.960000
0.960000
0.960000
0.960000
0.960000
0.960000
0.960000
0.960000
0.962131
0.982372
1.003680
1.024454
1.054817
1.077189
1.099562
1.123532
1.129392
1.129924
1.132588
1.132588
1.132588
1.134718
1.135251
1.135251
1.135251
1.150166
1.213555
1.265225
1.305175
1.345126
1.385077
1.424495
1.438878
1.438878
1.438878
1.438878
1.438878
1.438878
1.436747
1.416505
1.395198
1.374424
1.344061
1.321688
1.299316
1.275345
1.269486
1.268953
1.266290
1.266290
1.266290
1.264159
1.263626
1.263626
1.300381
1.326483
1.304643
1.294522
1.295587
1.297185
1.273747
1.234862
1.220480
1.220480
1.220480
1.220480
1.220480
1.220480
1.220480
1.220480
1.220480
1.220480
1.220480
1.220480
1.220480
1.220480
1.220480
1.220480
1.220480
1.220480
1.220480
1.220480
1.220480
1.220480
1.183725
1.142709
1.101160
1.059611
1.018595
0.977046
0.960533
0.960000
0.960000
0.960000
0.960000
0.960000
0.960000
0.960000
0.960000
0.960000
0.960000
0.960000
0.960000
0.960000
0.960000
0.960000
0.960000
0.960000
0.960000
0.960000
0.960000
0.960000
0.960000
0.960000
0.960000
0.962131
0.983971
0.988232
0.988232
0.988232
0.988232
0.988232
0.988232
0.988232
0.988232
0.988232
0.988232
0.988232
0.988232
0.988232
0.988232
0.988232
0.988232
0.988232
0.988232
0.988232
0.988232
0.988232
0.988232
0.988232
0.988232
0.988232
0.988232
0.988232
0.988232
0.986101
0.964261
0.960000
0.960000
0.960000
0.960000
0.960000
0.960000
0.960000
0.960000
0.960000
0.960000
0.960000
0.960000
0.960000
0.960000
0.960000
0.960000
0.960000
0.960000
0.960000
0.960000
0.960000
0.960000
0.960000
0.960000
0.960000
0.960000
0.960000
0.960000
0.960000
0.960000
0.960000
0.960000
0.960000
0.960000
0.960000
0.960000
0.960000
0.960000
0.960000
0.960000
0.960000
0.960000
0.960000
0.960000
0.960000
0.960000
0.960000
0.960000
0.960000
0.960000
0.960000
0.960000
0.960000
0.960000
0.960000
0.960000
0.960000
0.960000
0.960000
0.960000
0.960000
0.960000
0.960000
0.960000
0.960000
0.960000
0.960000
0.960000
0.960000
0.960000
0.960000
0.960000
0.960000
0.960000
0.960000
0.960000
0.960000
0.960000
0.960000
0.960000
0.960000
0.960000
0.960000
0.960000
0.960000
0.960000
0.960000
0.960000
0.960000
0.960000
0.960000
0.962131
0.962663
0.962663
0.962663
0.962663
0.962663
0.962663
0.962663
0.962663
0.962663
0.962663
0.962663
0.962663
0.962663
0.963729
0.963729
0.963729
0.969588
1.006343
1.045228
1.083581
1.132588
1.190650
1.240721
1.246581
1.246581
1.246581
1.246581
1.246581
1.246581
1.244450
1.243917
1.243917
1.243917
1.243917
1.243917
1.243917
1.243917
1.243917
1.243917
1.243917
1.243917
1.243917
1.243917
1.265757
1.304110
1.342463
1.374956
1.376554
1.376022
1.357378
1.308371
1.250310
1.200238
1.194378
1.194378
1.194911
1.194911
1.194911
1.194911
1.194911
1.194911
1.194911
1.194911
1.194911
1.194911
1.194911
1.194911
1.194911
1.194911
1.194911
1.194911
1.194911
1.194911
1.172006
1.133653
1.095300
1.056947
1.018595
0.980242
0.960533
0.960533
0.960533
0.960533
0.960533
0.960533
0.960000
0.960000
0.960000
0.960000
0.960000
0.960000
0.960000
0.960000
0.960000
0.960000
0.960000
0.960000
0.960000
0.983438
1.022323
1.060676
1.099562
1.138447
1.177333
1.203434
1.204499
1.204499
1.204499
1.204499
1.204499
1.204499
1.204499
1.204499
1.204499
1.204499
1.204499
1.204499
1.204499
1.204499
1.204499
1.204499
1.204499
1.204499
1.205032
1.205032
1.205032
1.209293
1.244983
1.259898
1.259365
1.259365
1.259365
1.258832
1.225806
1.199705
1.198640
1.198640
1.198640
1.198640
1.198640
1.198640
1.198640
1.198640
1.198640
1.198640
1.198640
1.198640
1.198640
1.198640
1.198640
1.198640
1.198640
1.198640
1.198107
1.198107
1.198107
1.193846
1.158156
1.119803
1.081451
1.043098
1.004212
0.965859
0.960000
0.960000
0.960000
0.960000
0.960000
0.960000
0.960000
0.960000
0.960000
0.960000
0.969056
0.992493
0.998885
0.998885
0.998885
0.998885
0.998885
1.009006
1.030314
1.032444
1.032444
1.032444
1.032444
1.032444
1.032444
1.032444
1.032444
1.032444
1.032444
1.032444
1.032444
1.032444
1.032444
1.032444
1.032444
1.032444
1.032444
1.032444
1.032444
1.032444
1.027650
1.026585
1.027650
1.027650
1.027650
1.027650
1.027650
1.017529
0.996222
0.994091
0.994091
0.994091
0.994091
0.994091
0.994091
0.994091
0.994091
0.994091
0.994091
0.994091
0.994091
0.994091
1.013268
1.021791
1.021791
1.021791
1.021791
1.021791
1.021791
1.021791
1.017529
0.995157
0.987699
0.987699
0.987699
0.987699
0.987699
0.987699
0.987699
0.987699
0.988232
0.988765
0.988765
0.988765
0.988765
0.988765
0.988765
0.988765
0.988765
0.988765
0.988765
0.988765
0.969588
0.961065
0.961065
0.961065
0.961065
0.961065
0.961065
0.961065
0.961065
0.961065
0.961065
0.961065
0.961065
0.961065
0.961065
0.961065
0.961065
0.961065
0.960533
0.960000
0.960000
0.960000
0.960000
0.960000
0.960000
0.960000
0.960000
0.960000
0.960000
0.960000
0.960000
0.960000
0.960000
0.960000
0.960000
0.960000
0.960000
0.960000
0.960000
0.960000
0.960000
0.960000
0.960000
0.960000
0.960000
0.960000
0.960000
0.960000
0.960000
0.960000
0.960000
0.960000
0.960000
0.960000
0.960533
0.982372
0.984503
0.984503
0.985036
0.985036
0.985036
0.985036
0.985036
0.985036
0.985036
0.985036
0.985036
0.985036
0.985036
0.985036
0.985036
0.985036
0.985036
0.985036
0.985036
0.985036
0.985036
0.985036
0.985036
0.985036
0.985036
0.985569
0.985569
0.985569
0.985036
0.963196
0.961065
0.961065
0.960533
0.960533
0.960533
0.962131
0.982905
0.986101
0.986634
0.986634
0.986634
0.986634
0.986634
0.986634
0.986634
0.986634
0.986634
0.986634
0.986634
0.986634
0.986634
0.986634
0.986634
0.986634
0.986634
0.986101
0.986101
0.986101
0.986101
0.986101
0.986101
0.986101
0.986101
0.986101
0.994091
1.028715
1.024454
1.021791
1.021258
1.021258
1.021258
1.021258
1.021258
1.021258
1.021258
1.021258
1.021258
1.021258
1.021258
1.021258
1.021258
1.021258
1.021258
1.021258
1.021258
1.021258
1.021258
1.021258
1.021258
1.021258
1.021258
1.021258
1.021258
1.021258
1.013268
0.977046
0.960533
0.960000
0.960000
0.960000
0.960000
0.960000
0.960000
0.960000
0.960000
0.960000
0.960000
0.960000
0.960000
0.960000
0.960000
0.960000
0.960000
0.960000
0.960000
0.960000
0.960000
0.960000
0.960000
0.960000
0.960000
0.960000
0.960000
0.960000
0.960000
0.960000
0.960000
0.960000
0.960000
0.960000
0.960000
0.960000
0.960000
0.960000
0.960000
0.960000
0.960000
0.960000
0.960000
0.960000
0.960000
0.960000
0.960000
0.960000
0.960000
0.960533
0.960533
0.960533
0.960533
0.960533
0.960533
0.960533
0.960533
0.960533
0.960533
0.960533
0.960533
0.960533
0.960533
0.960533
0.960533
0.960533
0.960533
0.960533
0.960533
0.960533
0.960533
0.960533
0.960533
0.960533
0.960533
0.960533
0.960533
0.960533
0.960533
0.960000
0.960000
0.960000
0.960000
0.960000
0.960000
0.960000
0.960000
0.960000
0.960000
0.960000
0.960000
0.960000
0.960000
0.960000
0.960000
0.960000
0.960000
0.960000
0.960000
0.960000
0.960000
0.960000
0.960000
0.960000
0.960000
0.960000
0.960000
0.960000
0.960000
0.960000
0.960000
0.960000
0.960000
0.960000
0.960000
0.960000
0.960000
0.960000
0.960000
0.960000
0.960000
0.960000
0.960000
0.960000
0.960000
0.960000
0.960000
0.960000
0.960000
0.960000
0.960000
0.960000
0.960000
0.960000
0.960000
0.960000
0.960000
0.960000
0.960000
0.960000
0.960000
0.960000
0.960000
0.960000
0.960000
0.960000
0.960000
0.960000
0.960000
0.960000
0.960000
0.960000
0.960000
0.960000
0.960000
0.960000
0.960000
0.960000
0.960000
0.960000
0.960000
0.960000
0.960000
0.960000
0.960000
0.960000
0.960000
0.960000
0.960000
0.960000
0.960000
0.960000
0.960000
0.960000
0.960000
0.960000
0.960000
0.960000
0.960000
0.960000
0.960000
0.960000
0.960000
0.960000
0.960000
0.978644
0.996222
0.997287
0.997287
0.997287
0.997287
0.997287
0.997287
0.997287
0.997287
0.997287
0.997287
0.997287
0.997287
0.997287
0.997287
0.997287
0.997287
0.997287
0.998353
1.027117
1.033510
1.033510
1.033510
1.033510
1.033510
1.033510
1.033510
1.033510
1.033510
1.014866
0.997287
0.996222
0.996222
0.996222
0.996222
0.996222
0.996222
0.996222
0.996222
0.996222
0.996222
0.996222
0.996222
0.996222
0.996222
0.996222
0.996222
0.996222
0.995157
0.966392
0.960000
0.960000
0.960000
0.960000
0.960000
0.960000
0.960000
0.960000
0.960000
0.960000
0.960000
0.960000
0.960000
0.960000
0.960000
0.960000
0.960000
0.960000
0.960000
0.960000
0.960000
0.960000
0.960000
0.960000
0.960000
0.960000
0.960000
0.960000
0.960000
0.960000
0.960000
0.960000
0.960000
0.960000
0.960000
0.960000
0.960000
0.960000
0.960000
0.960000
0.960000
0.960000
0.960000
0.960000
0.960000
0.960000
