0.961095
0.961026
0.960966
0.961013
0.961056
0.961003
0.961042
0.960995
0.960952
0.960988
0.960949
0.960982
0.960946
0.960977
0.961007
0.960973
0.960973
0.960973
0.960912
0.960973
0.960912
0.960912
0.960912
0.960973
0.960973
0.960973
0.960973
0.960912
0.960973
0.960973
0.960912
0.960973
0.961034
0.960973
0.960973
0.960973
0.960973
0.960973
0.961034
0.960973
0.960973
0.960973
0.960973
0.960973
0.960912
0.960973
0.960973
0.960912
0.960973
0.960912
0.960973
0.960973
0.960973
0.960973
0.960912
0.960973
0.960973
0.960973
0.960973
0.960973
0.960973
0.960973
0.960912
0.960973
0.960973
0.961034
0.961034
0.961034
0.961034
0.961034
0.961034
0.961034
0.961095
0.961034
0.961095
0.961034
0.961034
0.961095
0.961034
0.961095
0.961034
0.961034
0.961034
0.961034
0.961034
0.961034
0.963649
0.963649
0.963588
0.963649
0.963649
0.963588
0.963649
0.963649
0.963588
0.963588
0.963588
0.963588
0.963588
0.963588
0.963649
0.963588
0.963588
0.963588
0.963588
0.963649
0.963649
0.963649
0.963649
0.963588
0.963649
0.963709
0.963649
0.963649
0.963649
0.963588
0.960973
0.960973
0.960973
0.960912
0.960973
0.961034
0.960973
0.960912
0.960973
0.960912
0.960851
0.960912
0.960851
0.960912
0.960912
0.960912
0.960851
0.960851
0.960851
0.960791
0.960730
0.960730
0.960730
0.960730
0.960730
0.960669
0.960730
0.960669
0.960669
0.960730
0.960669
0.960669
0.960730
0.960730
0.960730
0.960669
0.960730
0.960730
0.960669
0.960669
0.960669
0.960608
0.960608
0.963040
0.963588
0.965838
0.965838
0.965838
0.965838
0.965899
0.965899
0.965838
0.965899
0.965959
0.965899
0.965959
0.965899
0.965959
0.965959
0.965899
0.965959
0.965959
0.965959
0.965959
0.965899
0.965959
0.965899
0.965899
0.965959
0.965959
0.965959
0.965959
0.965959
0.963466
0.962919
0.960669
0.960669
0.960730
0.960669
0.960669
0.960730
0.960730
0.960730
0.960669
0.960730
0.960669
0.960669
0.960608
0.960669
0.960669
0.960608
0.960608
0.960608
0.960608
0.960608
0.960547
0.960608
0.960608
0.960608
0.960608
0.960608
0.960669
0.960669
0.960730
0.960669
0.960669
0.960669
0.960608
0.960608
0.960608
0.960547
0.960547
0.960547
0.960547
0.960486
0.960547
0.960547
0.960608
0.960547
0.960547
0.960608
0.963162
0.963101
0.963162
0.963162
0.963162
0.963162
0.963162
0.963162
0.963162
0.963162
0.963527
0.963527
0.963527
0.963527
0.963527
0.963588
0.963588
0.963649
0.963588
0.963649
0.963649
0.963649
0.963649
0.963649
0.963588
0.963649
0.963588
0.963649
0.963649
0.963588
0.961095
0.961095
0.961095
0.961095
0.961155
0.961095
0.961155
0.961095
0.961095
0.961155
0.960730
0.960730
0.960730
0.960730
0.960730
0.960730
0.960730
0.960669
0.960730
0.960669
0.960669
0.960608
0.960669
0.960730
0.960730
0.960730
0.960730
0.960669
0.960669
0.960730
0.960669
0.960730
0.960669
0.960730
0.960669
0.960669
0.960608
0.960669
0.960669
0.960669
0.960669
0.960669
0.960608
0.960669
0.960669
0.960608
0.960669
0.960669
0.960608
0.960608
0.960669
0.960669
0.960669
0.960608
0.960608
0.960547
0.960608
0.960608
0.960669
0.960608
0.960608
0.960608
0.960608
0.960547
0.960608
0.960608
0.960608
0.960547
0.960608
0.960547
0.960547
0.960547
0.960608
0.960547
0.960608
0.960608
0.960608
0.960608
0.960608
0.960608
0.960608
0.960608
0.960608
0.960608
0.960608
0.960669
0.960608
0.960608
0.960608
0.960608
0.960608
0.960547
0.960547
0.960547
0.960486
0.960547
0.960547
0.960547
0.960547
0.960547
0.960608
0.960608
0.960547
0.960608
0.960547
0.960547
0.960547
0.960730
0.963101
0.963101
0.965473
0.968027
0.970520
0.973013
0.974959
0.974898
0.974959
0.974959
0.974959
0.974959
0.975020
0.975020
0.975020
0.975020
0.975142
0.975202
0.975810
0.975810
0.975810
0.975810
0.975750
0.975750
0.975810
0.975810
0.976419
0.976419
0.976419
0.976236
0.973925
0.973925
0.971554
0.969000
0.966446
0.964013
0.962068
0.962068
0.962068
0.962068
0.962068
0.962068
0.962007
0.962189
0.963284
0.964743
0.964622
0.970034
0.973013
0.975567
0.978060
0.980614
0.982560
0.983229
0.983168
0.983108
0.983959
0.984020
0.985175
0.985358
0.985540
0.985540
0.985479
0.985540
0.985540
0.985479
0.985662
0.985783
0.986026
0.986087
0.986026
0.987060
0.988580
0.990283
0.989614
0.988155
0.988276
0.983290
0.979763
0.977452
0.974898
0.972952
0.971128
0.970459
0.970520
0.970520
0.969121
0.969121
0.967905
0.967784
0.967540
0.967601
0.967662
0.967601
0.967662
0.967662
0.967540
0.967419
0.967176
0.967115
0.967176
0.966142
0.964682
0.962797
0.962432
0.962432
0.962311
0.961763
0.961763
0.961520
0.961581
0.960973
0.960851
0.960851
0.960851
0.960851
0.960851
0.960791
0.960791
0.960791
0.960791
0.960791
0.960791
0.960791
0.960791
0.960791
0.960791
0.960851
0.960791
0.960851
0.960791
0.960851
0.960851
0.960851
0.960791
0.960912
0.960973
0.961034
0.960973
0.961034
0.960973
0.960973
0.961034
0.961034
0.961034
0.961034
0.961034
0.961034
0.961095
0.961095
0.961095
0.961095
0.961034
0.961034
0.961034
0.961034
0.961034
0.960973
0.960973
0.960973
0.961034
0.960973
0.960912
0.960973
0.961034
0.960912
0.960851
0.960851
0.960912
0.960851
0.960912
0.960912
0.960912
0.960912
0.960851
0.960912
0.960851
0.960912
0.960912
0.960851
0.960912
0.960851
0.960912
0.960912
0.960912
0.960912
0.960912
0.960912
0.960912
0.960912
0.960851
0.960912
0.960912
0.960912
0.960851
0.960912
0.960912
0.960912
0.960851
0.960912
0.960912
0.960912
0.960912
0.960912
0.960973
0.960912
0.960912
0.960851
0.960851
0.960851
0.960791
0.960851
0.960791
0.960851
0.960791
0.960851
0.960791
0.960791
0.960791
0.960791
0.960791
0.960791
0.960791
0.960730
0.960791
0.960791
0.961763
0.963831
0.964196
0.964196
0.964196
0.964196
0.964378
0.965534
0.966932
0.970885
0.971919
0.971919
0.971919
0.971919
0.972162
0.972892
0.972952
0.972952
0.972952
0.972952
0.972952
0.973013
0.973378
0.973317
0.973682
0.973621
0.973682
0.973743
0.973682
0.973621
0.972709
0.970642
0.970277
0.970277
0.970216
0.970277
0.970034
0.968939
0.967480
0.963588
0.962554
0.962615
0.962615
0.962615
0.963345
0.962615
0.962554
0.962554
0.962554
0.962493
0.962554
0.962493
0.962250
0.963770
0.963405
0.963466
0.963405
0.963405
0.963405
0.963466
0.963405
0.963405
0.963466
0.963466
0.963466
0.963405
0.963466
0.963405
0.963466
0.963405
0.963405
0.963405
0.963345
0.963405
0.962493
0.962432
0.962493
0.962432
0.962432
0.962493
0.962493
0.962493
0.962432
0.960912
0.960973
0.960912
0.960973
0.960973
0.960973
0.960912
0.960973
0.960912
0.960912
0.960851
0.960851
0.960912
0.960851
0.960912
0.960851
0.960912
0.960912
0.960912
0.960912
0.960912
0.963345
0.963405
0.963345
0.963405
0.963405
0.963405
0.963345
0.963405
0.963405
0.963405
0.963405
0.963405
0.963405
0.963345
0.963405
0.963405
0.963405
0.963466
0.963405
0.963831
0.963892
0.963831
0.963892
0.963831
0.963892
0.963831
0.963892
0.963892
0.963892
0.963831
0.961399
0.961399
0.961399
0.961399
0.961399
0.961399
0.961459
0.961399
0.961399
0.961399
0.961399
0.961399
0.961399
0.961399
0.961399
0.961459
0.961399
0.961338
0.961399
0.960973
0.960973
0.960973
0.960973
0.960973
0.960973
0.960973
0.960973
0.960912
0.960912
0.960973
0.960912
0.960912
0.960973
0.960912
0.960973
0.960912
0.960912
0.960912
0.960912
0.960912
0.960912
0.960912
0.960912
0.960912
0.960912
0.960851
0.960912
0.960912
0.960912
0.960912
0.960851
0.960912
0.960912
0.960912
0.960851
0.960912
0.960851
0.960912
0.960912
0.960851
0.960912
0.960851
0.960851
0.960851
0.960851
0.960851
0.960851
0.960912
0.960851
0.960851
0.960851
0.960851
0.960851
0.960851
0.960851
0.961885
0.961946
0.963101
0.964439
0.964622
0.965108
0.965047
0.967419
0.967480
0.967480
0.967480
0.967480
0.967419
0.967419
0.967480
0.967480
0.967480
0.967480
0.967480
0.967480
0.967480
0.967419
0.967419
0.967480
0.967480
0.967419
0.967480
0.967480
0.967480
0.967480
0.966446
0.966385
0.965230
0.963831
0.964317
0.966203
0.968878
0.966446
0.966446
0.966811
0.966811
0.966811
0.966871
0.966932
0.966871
0.966811
0.967419
0.968453
0.968513
0.968453
0.968453
0.968513
0.968453
0.968453
0.968453
0.969304
0.970034
0.970034
0.970034
0.970034
0.970155
0.970094
0.970155
0.970155
0.969547
0.967176
0.964561
0.964622
0.964561
0.964196
0.964196
0.964257
0.964804
0.964743
0.965655
0.966385
0.965838
0.965412
0.967236
0.968088
0.968878
0.968878
0.969365
0.969304
0.969365
0.970277
0.969486
0.969425
0.969547
0.969973
0.970398
0.971371
0.971371
0.972952
0.974169
0.974169
0.974169
0.974169
0.974229
0.974229
0.974229
0.974229
0.973621
0.973682
0.972831
0.972101
0.972040
0.971432
0.969547
0.968757
0.967966
0.967966
0.967480
0.967540
0.967540
0.965838
0.965838
0.965838
0.965777
0.965351
0.965534
0.964622
0.964561
0.963040
0.961763
0.961946
0.962311
0.962919
0.962919
0.964257
0.966142
0.966142
0.966203
0.966142
0.966142
0.966142
0.966203
0.966142
0.966142
0.966081
0.966142
0.966081
0.966750
0.968027
0.968027
0.968513
0.970946
0.970946
0.970946
0.970885
0.970216
0.970216
0.970216
0.970216
0.970216
0.971675
0.973743
0.975628
0.978060
0.979216
0.979945
0.982925
0.983716
0.984749
0.987243
0.988459
0.988459
0.989249
0.992168
0.994601
0.997155
0.998067
0.997398
0.996060
0.996729
0.997823
0.995391
0.995452
0.997823
0.997884
0.998127
0.998067
0.998067
0.998067
0.998067
0.996486
0.993992
0.991499
0.989006
0.986574
0.983898
0.980918
0.980128
0.979155
0.976601
0.975385
0.975385
0.974594
0.971736
0.969304
0.966689
0.965838
0.965838
0.965899
0.965169
0.963588
0.964013
0.964257
0.961824
0.961824
0.961520
0.961520
0.962189
0.962189
0.962189
0.962128
0.962189
0.962128
0.963162
0.964013
0.964013
0.964013
0.963953
0.963892
0.963953
0.963953
0.963953
0.963953
0.963892
0.963953
0.963953
0.963953
0.963953
0.963892
0.963892
0.963892
0.963466
0.963223
0.963223
0.963162
0.963162
0.963162
0.962554
0.962493
0.962554
0.962554
0.962493
0.962493
0.961520
0.960608
0.960669
0.960608
0.960608
0.960608
0.960547
0.960547
0.960547
0.960547
0.960608
0.960547
0.960608
0.960547
0.960608
0.960608
0.960669
0.960669
0.960730
0.960669
0.960730
0.960791
0.960791
0.960851
0.960791
0.960791
0.960791
0.960791
0.960851
0.960851
0.960851
0.960851
0.960851
0.960851
0.960851
0.960912
0.960912
0.960973
0.960912
0.960973
0.960912
0.960973
0.960973
0.960973
0.960973
0.961034
0.961034
0.960973
0.960973
0.961034
0.961034
0.960973
0.960973
0.960973
0.960973
0.961034
0.960973
0.961034
0.960973
0.961034
0.960973
0.961034
0.960973
0.961034
0.961034
0.961034
0.961034
0.961034
0.961095
0.961034
0.961095
0.961034
0.961034
0.961095
0.961034
0.961034
0.962250
0.964743
0.966142
0.966324
0.966324
0.968817
0.968817
0.968757
0.968817
0.968817
0.968817
0.968817
0.968878
0.968817
0.968817
0.968817
0.968878
0.968817
0.968878
0.968878
0.968878
0.968878
0.968878
0.968878
0.968878
0.968878
0.968878
0.968817
0.968817
0.968817
0.967601
0.965108
0.963649
0.963466
0.963405
0.960973
0.960973
0.961034
0.961034
0.960973
0.961034
0.960973
0.960973
0.960973
0.961034
0.961034
0.960973
0.961034
0.960973
0.960973
0.961034
0.960973
0.960973
0.960973
0.960973
0.960973
0.960973
0.960973
0.960973
0.960912
0.960912
0.960912
0.960973
0.960973
0.960973
0.960973
0.960973
0.960973
0.960912
0.960973
0.960912
0.960912
0.960912
0.960973
0.960912
0.960912
0.960912
0.960912
0.960912
0.960851
0.960851
0.960851
0.960851
0.960851
0.960791
0.960851
0.960791
0.960851
0.960851
0.960912
0.960851
0.960912
0.960851
0.960851
0.960851
0.960851
0.960851
0.960851
0.960851
0.960912
0.960912
0.960973
0.960912
0.960851
0.960912
0.960912
0.960912
0.960851
0.960912
0.960912
0.960912
0.960912
0.960851
0.960851
0.960912
0.960851
0.960912
0.960851
0.960912
0.960912
0.960912
0.960851
0.960912
0.960851
0.960912
0.960851
0.960851
0.960851
0.960851
0.960791
0.960791
0.960730
0.960791
0.960791
0.960791
0.960791
0.960851
0.960851
0.960851
0.960912
0.960912
0.961095
0.961824
0.961885
0.962068
0.965230
0.969304
0.970034
0.972223
0.973986
0.974229
0.974229
0.974229
0.974290
0.974290
0.974351
0.974351
0.974351
0.974412
0.974351
0.974351
0.974412
0.974412
0.974412
0.974351
0.974351
0.974351
0.974351
0.974290
0.974290
0.974229
0.974108
0.973378
0.973378
0.973196
0.970034
0.965959
0.965230
0.963040
0.961277
0.961034
0.961095
0.961034
0.960973
0.960973
0.960973
0.960973
0.960912
0.960912
0.960973
0.960973
0.960912
0.960912
0.960912
0.960973
0.960912
0.960851
0.960912
0.960912
0.960912
0.960973
0.960912
0.960973
0.960912
0.960912
0.960912
0.960912
0.960912
0.960912
0.960912
0.960912
0.960851
0.960912
0.960912
0.960912
0.960851
0.960851
0.960912
0.960851
0.960851
0.960851
0.960851
0.960851
0.960851
0.960851
0.960851
0.960851
0.960851
0.960851
0.960851
0.960791
0.960851
0.960791
0.960851
0.960791
0.960791
0.960791
0.960851
0.960791
0.960730
0.960791
0.960791
0.960791
0.960791
0.960730
0.960791
0.960791
0.960730
0.960791
0.960730
0.960730
0.960791
0.960851
0.960851
0.960791
0.960851
0.960851
0.960851
0.960912
0.960851
0.960851
0.960851
0.960912
0.960912
0.960912
0.960973
0.960912
0.960912
0.960912
0.960973
0.960912
0.960973
0.960973
0.960973
0.961034
0.960973
0.961034
0.961034
0.961034
0.961095
0.961155
0.961095
0.960973
0.961034
0.961095
0.961034
0.961034
0.961034
0.961034
0.961034
0.961034
0.961034
0.961034
0.960973
0.961034
0.961034
0.961034
0.961034
0.961034
0.960973
0.961034
0.961034
0.961034
0.961034
0.961034
0.961034
0.961034
0.961034
0.961034
0.961034
0.961034
0.961034
0.961095
0.961034
0.961034
0.961034
0.961034
0.960973
0.960973
0.960973
0.961034
0.961034
0.961034
0.961034
0.960973
0.960973
0.960973
0.960973
0.960973
0.960973
0.960973
0.960912
0.960912
0.960912
0.960912
0.960912
0.960912
0.960912
0.960851
0.960851
0.960851
0.960851
0.960851
0.960912
0.960851
0.960912
0.960912
0.960912
0.960912
0.960912
0.960851
0.960851
0.960851
0.960912
0.960912
0.960912
0.960912
0.960851
0.960912
0.960912
0.960912
0.960973
0.960912
0.960973
0.960912
0.960912
0.960851
0.960851
0.960851
0.960851
0.960851
0.960851
0.960851
0.961885
0.963405
0.963345
0.963345
0.963345
0.963345
0.963345
0.963405
0.963345
0.963345
0.963345
0.963345
0.963345
0.963345
0.963405
0.963345
0.963345
0.963345
0.963345
0.963405
0.963345
0.963345
0.963405
0.963405
0.963405
0.963405
0.963405
0.963345
0.963405
0.963345
0.962311
0.960791
0.960791
0.960851
0.960851
0.960791
0.960791
0.960730
0.960791
0.960730
0.960730
0.960730
0.960730
0.960730
0.960730
0.960730
0.960730
0.960669
0.960608
0.960608
0.960669
0.960669
0.960608
0.960669
0.960669
0.960730
0.960669
0.960669
0.960669
0.960669
0.960608
0.960669
0.960669
0.960669
0.960669
0.960730
0.960730
0.960730
0.960669
0.960669
0.960669
0.960669
0.960669
0.960669
0.960669
0.960669
0.960669
0.960669
0.960730
0.960669
0.960608
0.960608
0.963101
0.963101
0.965230
0.965899
0.965899
0.965899
0.965899
0.965899
0.965899
0.965838
0.965899
0.965838
0.965899
0.965838
0.965838
0.965899
0.965959
0.965959
0.965899
0.965959
0.965959
0.965959
0.965959
0.965959
0.965959
0.966020
0.965959
0.966020
0.966020
0.966081
0.963588
0.963527
0.961459
0.960730
0.960791
0.960791
0.960730
0.960791
0.960791
0.960791
0.960791
0.960791
0.960730
0.960730
0.960791
0.960730
0.960730
0.960730
0.960730
0.960730
0.960669
0.960730
0.960669
0.960669
0.960730
0.960669
0.960730
0.960669
0.960669
0.960608
0.960669
0.960669
0.960608
0.960669
0.960608
0.960608
0.960608
0.960547
0.960608
0.960608
0.960608
0.960608
0.960608
0.960669
0.960608
0.960608
0.960608
0.960608
0.960608
0.960608
0.960608
0.960608
0.960608
0.960669
0.960669
0.960669
0.960608
0.960669
0.960669
0.960730
0.960669
0.960730
0.960730
0.960730
0.960730
0.960730
0.960730
0.960791
0.960730
0.960791
0.960730
0.960791
0.960791
0.960791
0.960791
0.960851
0.960791
0.960851
0.960851
0.960791
0.960851
0.960851
0.960851
0.960851
0.960791
0.963284
0.963345
0.963284
0.963345
0.963284
0.963284
0.963284
0.963284
0.963284
0.963345
0.963466
0.963466
0.963466
0.963466
0.963466
0.963527
0.963466
0.963466
0.963466
0.963466
0.963466
0.963466
0.965594
0.965899
0.965959
0.965959
0.965899
0.965959
0.965899
0.965899
0.963466
0.963405
0.963466
0.963405
0.963466
0.963466
0.963466
0.963527
0.963466
0.963466
0.963345
0.963405
0.963345
0.963405
0.963345
0.963345
0.963405
0.963405
0.963405
0.963405
0.963405
0.963405
0.961277
0.960973
0.960973
0.960912
0.960973
0.960973
0.960973
0.961034
0.960973
0.961034
0.961034
0.961034
0.961034
0.961034
0.960973
0.960973
0.961034
0.960973
0.960973
0.960973
0.961034
0.960973
0.961034
0.960973
0.960973
0.960973
0.960973
0.960973
0.960973
0.960973
0.960973
0.961034
0.960973
0.960973
0.960973
0.960973
0.960973
0.960973
0.960973
0.960973
0.960912
0.960973
0.960912
0.960973
0.960973
0.960973
0.960912
0.960973
0.960973
0.960973
0.960912
0.960973
0.960973
0.961034
0.960973
0.961034
0.961034
0.961034
0.961034
0.961034
0.961034
0.960973
0.961034
0.961095
0.961034
0.961034
0.961034
0.961034
0.961034
0.961034
0.961095
0.961034
0.961095
0.961034
0.961095
0.961095
0.961095
0.961095
0.961095
0.961095
0.961095
0.961095
0.961885
0.963588
0.965959
0.968453
0.970946
0.972405
0.972405
0.972466
0.972405
0.972466
0.972405
0.972405
0.972405
0.973074
0.973074
0.973074
0.973560
0.973560
0.973500
0.973500
0.973500
0.973560
0.973500
0.974655
0.976783
0.976783
0.976783
0.976844
0.977331
0.979216
0.978364
0.976662
0.974473
0.971919
0.969425
0.968027
0.967966
0.967966
0.967966
0.967966
0.970520
0.970520
0.970581
0.969851
0.970034
0.970398
0.969973
0.970216
0.970642
0.970702
0.970642
0.971067
0.971371
0.970155
0.969365
0.969304
0.969365
0.969304
0.968817
0.966932
0.966932
0.966932
0.966750
0.966811
0.966750
0.966750
0.966811
0.966750
0.966750
0.966750
0.964500
0.964439
0.964439
0.964500
0.966811
0.968270
0.970155
0.969912
0.969790
0.969912
0.969973
0.969547
0.969243
0.969304
0.967966
0.967966
0.967966
0.967966
0.967966
0.967966
0.968027
0.967966
0.968027
0.968027
0.968027
0.968027
0.968027
0.968027
0.968027
0.968027
0.967784
0.967844
0.967844
0.967784
0.965290
0.963466
0.961581
0.961520
0.961277
0.961095
0.961095
0.961034
0.961095
0.961095
0.961095
0.961155
0.961155
0.961095
0.961155
0.961095
0.961095
0.961155
0.961155
0.961095
0.961155
0.961095
0.961095
0.961155
0.961155
0.961095
0.961155
0.961155
0.961095
0.961155
0.961216
0.961155
0.961155
0.961216
0.961155
0.961216
0.961155
0.961216
0.961155
0.962250
0.962432
0.962432
0.962372
0.962432
0.962372
0.962432
0.962372
0.962372
0.962311
0.962372
0.962372
0.962372
0.962372
0.962372
0.962432
0.962432
0.962372
0.962372
0.962432
0.962432
0.962372
0.962432
0.962372
0.962372
0.962432
0.962372
0.962432
0.962372
0.962432
0.961277
0.961155
0.961095
0.961155
0.961095
0.961155
0.961155
0.961216
0.961155
0.961216
0.961155
0.963649
0.963649
0.963649
0.963588
0.963588
0.963649
0.963588
0.963588
0.963527
0.963649
0.963831
0.963831
0.963892
0.964013
0.964013
0.964439
0.964561
0.964622
0.964561
0.964561
0.964804
0.964804
0.966871
0.967297
0.969973
0.969973
0.969973
0.970034
0.970034
0.970034
0.967540
0.967601
0.967601
0.967601
0.967601
0.967601
0.967662
0.967662
0.967662
0.967540
0.967358
0.967358
0.967358
0.967236
0.967236
0.966871
0.966750
0.966689
0.966750
0.966750
0.966507
0.966567
0.964439
0.964074
0.961338
0.961338
0.961277
0.961216
0.961216
0.961277
0.961216
0.961216
0.961155
0.961216
0.961216
0.961155
0.961155
0.961095
0.961155
0.961095
0.961155
0.961095
0.961095
0.961095
0.961034
0.961034
0.960973
0.961034
0.960973
0.961034
0.960973
0.960912
0.960973
0.960912
0.960973
0.960912
0.960973
0.961034
0.960973
0.960973
0.961034
0.961763
0.961824
0.964743
0.965230
0.965412
0.965473
0.965473
0.965655
0.966142
0.966750
0.966811
0.967236
0.967297
0.967540
0.967480
0.967540
0.967540
0.967540
0.967601
0.967601
0.967601
0.967601
0.967662
0.967662
0.967662
0.967662
0.967601
0.967662
0.967662
0.969121
0.969608
0.972040
0.972344
0.974229
0.975081
0.976540
0.976844
0.976662
0.976175
0.975567
0.975506
0.975081
0.974959
0.974777
0.974837
0.974777
0.974777
0.974777
0.974655
0.974716
0.974716
0.974716
0.974716
0.974655
0.974716
0.974716
0.974777
0.974716
0.974716
0.973256
0.971979
0.969547
0.966324
0.963953
0.962919
0.961399
0.961155
0.961155
0.961216
0.961155
0.961216
0.961155
0.961216
0.961155
0.961095
0.961155
0.961155
0.961155
0.961155
0.961095
0.961155
0.961155
0.961095
0.961155
0.961095
0.961095
0.961034
0.961034
0.961034
0.960973
0.961034
0.960973
0.960973
0.960912
0.960973
0.960973
0.960912
0.960912
0.960912
0.960973
0.960973
0.960973
0.960973
0.960973
0.960973
0.960973
0.960912
0.960973
0.960973
0.961034
0.960973
0.960973
0.960973
0.960973
0.960973
0.960973
0.961034
0.963466
0.963466
0.963527
0.963527
0.963527
0.963588
0.963649
0.963588
0.963588
0.963649
0.963588
0.963588
0.963527
0.963527
0.965534
0.970034
0.974655
0.979216
0.983716
0.988276
0.992837
0.997398
1.001533
1.001594
1.001533
1.003479
1.008100
1.012783
1.017404
1.020749
1.022816
1.026039
1.028167
1.028107
1.028167
1.028046
1.028046
1.028107
1.028046
1.028046
1.028046
1.028046
1.028107
1.028046
1.026100
1.021661
1.017100
1.012539
1.008039
1.003540
0.998918
0.994418
0.990283
0.990222
0.990283
0.988398
0.983716
0.979094
0.974412
0.971067
0.966628
0.963345
0.961216
0.961216
0.961155
0.961216
0.961277
0.961277
0.961277
0.961277
0.961338
0.961277
0.961277
0.961277
0.961277
0.961155
0.961155
0.961155
0.961155
0.961095
0.962554
0.966020
0.965959
0.966020
0.966020
0.965959
0.966020
0.965959
0.966020
0.965959
0.965959
0.966081
0.966020
0.966081
0.966081
0.966081
0.966020
0.965959
0.965959
0.965959
0.965959
0.965959
0.965899
0.966507
0.966871
0.967905
0.967844
0.967905
0.967844
0.967905
0.966446
0.962980
0.962980
0.962980
0.962919
0.962980
0.962980
0.962980
0.962919
0.962980
0.962980
0.962919
0.962919
0.962919
0.962919
0.962919
0.962919
0.962919
0.962980
0.962919
0.962919
0.962919
0.962980
0.962372
0.962007
0.960973
0.961034
0.961034
0.961034
0.960973
0.961034
0.960973
0.962068
0.963831
0.964013
0.965594
0.966324
0.966567
0.966628
0.966628
0.966567
0.966567
0.966628
0.966567
0.966567
0.966567
0.966567
0.966567
0.966689
0.967297
0.968696
0.968878
0.968817
0.969061
0.969121
0.969182
0.969182
0.969121
0.969182
0.969243
0.969182
0.969243
0.968209
0.966385
0.966811
0.965534
0.964804
0.964561
0.964561
0.964500
0.964561
0.964561
0.964500
0.967236
0.967236
0.967176
0.967176
0.967236
0.967054
0.966507
0.965108
0.964926
0.964986
0.964743
0.964682
0.964682
0.964622
0.964682
0.964622
0.964622
0.964622
0.964622
0.964622
0.964622
0.964074
0.963709
0.963709
0.963709
0.963709
0.963709
0.963709
0.963649
0.963649
0.960973
0.961034
0.961034
0.961034
0.960973
0.961034
0.960973
0.960973
0.960973
0.960973
0.960973
0.960973
0.960973
0.960973
0.960912
0.960973
0.960973
0.960973
0.960912
0.960973
0.960973
0.960973
0.960973
0.960973
0.960973
0.960973
0.960973
0.960973
0.960973
0.960973
0.960973
0.960973
0.960973
0.960973
0.960973
0.960973
0.960973
0.960973
0.960973
0.960973
0.960973
0.960973
0.960912
0.960973
0.960973
0.960973
0.960912
0.960973
0.960973
0.960912
0.960912
0.960912
0.960912
0.960912
0.960973
0.960912
0.960912
0.960912
0.960973
0.960973
0.960912
0.960973
0.960973
0.960973
0.960973
0.960973
0.960973
0.960973
0.961034
0.961034
0.961034
0.961034
0.961034
0.961034
0.961095
0.961034
0.961095
0.961034
0.961095
0.961034
0.961034
0.961034
0.961034
0.963709
0.963709
0.963709
0.963770
0.964926
0.968817
0.972101
0.972162
0.972466
0.972527
0.972466
0.972466
0.972527
0.972527
0.972466
0.972466
0.972405
0.972466
0.972405
0.972405
0.972405
0.972405
0.972405
0.972405
0.972466
0.972405
0.972466
0.972527
0.972466
0.972527
0.969790
0.969790
0.969790
0.969790
0.968574
0.964682
0.961399
0.961338
0.960973
0.960912
0.960973
0.960973
0.960912
0.960912
0.962007
0.964926
0.965838
0.965838
0.965838
0.965838
0.965838
0.965838
0.965899
0.965899
0.966811
0.969608
0.970763
0.970763
0.970763
0.970763
0.970763
0.970763
0.970824
0.970763
0.970824
0.970824
0.970885
0.970885
0.970885
0.970885
0.970885
0.970885
0.970885
0.970885
0.969851
0.966871
0.966020
0.965959
0.966020
0.966020
0.966020
0.965959
0.965959
0.965959
0.964986
0.962189
0.961034
0.961034
0.961034
0.961034
0.961095
0.961034
0.960973
0.961034
0.961034
0.960973
0.960973
0.961034
0.960973
0.961034
0.961034
0.961034
0.960973
0.961034
0.961034
0.961034
0.961034
0.961095
0.961034
0.961095
0.961034
0.961095
0.961034
0.961034
0.961095
0.961095
0.961034
0.961034
0.961034
0.961034
0.961034
0.961095
0.961095
0.961095
0.961095
0.961095
0.961095
0.961095
0.961095
0.961095
0.961034
0.961095
0.961155
0.961155
0.961095
0.961155
0.961155
0.961095
0.961155
0.961155
0.961155
0.961155
0.961155
0.961155
0.961155
0.961216
0.961216
0.961216
0.961277
0.961216
0.961155
0.961155
0.961216
0.961155
0.961155
0.961155
0.961155
0.961095
0.961095
0.961095
0.961155
0.961095
0.961095
0.961095
0.961095
0.961034
0.961034
0.961095
0.961034
0.961034
0.961095
0.961034
0.961095
0.961034
0.961034
0.961034
0.961034
0.961034
0.960973
0.961034
0.961034
0.961034
0.960973
0.961034
0.961034
0.961034
0.961034
0.961034
0.961095
0.961034
0.961034
0.961095
0.961034
0.961034
0.961095
0.961095
0.961034
0.961034
0.963527
0.963527
0.963527
0.963588
0.963527
0.964074
0.964743
0.964743
0.964865
0.964865
0.964865
0.964865
0.964865
0.964865
0.964926
0.964926
0.964865
0.965716
0.968027
0.970642
0.972527
0.974169
0.974108
0.974108
0.974108
0.974108
0.974047
0.974108
0.974108
0.974108
0.971797
0.971736
0.971736
0.971736
0.971797
0.971311
0.970581
0.970581
0.970459
0.970459
0.970520
0.970459
0.970520
0.970459
0.970459
0.970459
0.970459
0.969669
0.967358
0.964743
0.962858
0.961216
0.961277
0.961216
0.961216
0.961216
0.961277
0.961216
0.961216
0.961216
0.961095
0.961095
0.961034
0.961034
0.961034
0.961034
0.961034
0.961034
0.961095
0.961095
0.961034
0.961095
0.961095
0.961155
0.961095
0.961095
0.963588
0.963588
0.963588
0.963770
0.963709
0.963770
0.963770
0.963770
0.963770
0.963770
0.963770
0.963831
0.963831
0.963831
0.963770
0.963831
0.963892
0.963831
0.963770
0.963770
0.963831
0.963770
0.963770
0.963709
0.963770
0.963770
0.963709
0.963709
0.963709
0.963709
0.961216
0.961216
0.961155
0.961034
0.961095
0.961034
0.961034
0.961034
0.961095
0.961034
0.961034
0.960973
0.961034
0.960973
0.961034
0.960973
0.960973
0.960973
0.960973
0.960973
0.960912
0.960973
0.960912
0.960912
0.960912
0.960912
0.960973
0.960912
0.960973
0.960912
0.960973
0.960912
0.960973
0.960912
0.960912
0.960973
0.960912
0.960912
0.960912
0.960912
0.960912
0.960912
0.960851
0.960912
0.960912
0.960912
0.960851
0.960912
0.960912
0.960912
0.960912
0.960912
0.960912
0.960973
0.965351
0.971979
0.978547
0.985175
0.991743
0.998371
1.004938
1.013938
1.020566
1.027194
1.033762
1.040329
1.046957
1.053586
1.060153
1.066781
1.073349
1.079977
1.086605
1.093173
1.099740
1.106368
1.112936
1.119503
1.126131
1.132699
1.139327
1.145894
1.152523
1.159029
1.161218
1.161157
1.161157
1.161097
1.161097
1.161097
1.161097
1.158725
1.158664
1.158664
1.158664
1.158664
1.158603
1.158664
1.158664
1.158664
1.158664
1.160975
1.163347
1.163286
1.163347
1.163347
1.163407
1.172042
1.180495
1.188583
1.196549
1.204575
1.212541
1.220629
1.228656
1.236622
1.244649
1.252676
1.260702
1.268668
1.276695
1.284661
1.292688
1.300593
1.308559
1.316525
1.324552
1.332458
1.340424
1.348390
1.356356
1.362011
1.367605
1.375632
1.383477
1.391443
1.399409
1.398679
1.398192
1.398071
1.398071
1.398010
1.397949
1.397949
1.397828
1.397828
1.397767
1.397767
1.397706
1.397706
1.397524
1.397402
1.397341
1.397159
1.397098
1.396976
1.396855
1.396794
1.394483
1.385118
1.377943
1.368761
1.359335
1.349971
1.340606
1.331241
1.321816
1.312512
1.303087
1.293722
1.284296
1.274932
1.265628
1.256142
1.246838
1.237473
1.228048
1.218683
1.209319
1.199954
1.190650
1.181346
1.171982
1.162860
1.153495
1.144252
1.134949
1.125645
1.118591
1.118530
1.116341
1.116098
1.116159
1.116098
1.116159
1.116159
1.116159
1.116159
1.116159
1.116159
1.116219
1.116159
1.116159
1.116159
1.116159
1.116159
1.116159
1.116159
1.116159
1.127712
1.132030
1.136165
1.140239
1.144313
1.148448
1.152462
1.156597
1.160671
1.164745
1.168819
1.172894
1.177029
1.181103
1.185177
1.189251
1.193326
1.197461
1.201474
1.205609
1.209683
1.213758
1.217893
1.221967
1.226041
1.230115
1.234190
1.238325
1.242338
1.246412
1.238811
1.238629
1.238629
1.238629
1.238629
1.238568
1.238629
1.238568
1.238629
1.238568
1.238629
1.238629
1.238568
1.238568
1.238629
1.238568
1.238568
1.238568
1.238568
1.238568
1.241487
1.239480
1.237473
1.235527
1.233581
1.231575
1.229568
1.227561
1.225615
1.223609
1.221724
1.219717
1.217710
1.215703
1.213697
1.211751
1.209744
1.207798
1.205731
1.203785
1.201717
1.199711
1.197765
1.195697
1.193690
1.191745
1.189677
1.187670
1.185724
1.183657
1.178731
1.178671
1.178610
1.178549
1.178488
1.178427
1.178427
1.178367
1.178367
1.178306
1.178245
1.178245
1.178184
1.178123
1.178062
1.178062
1.178002
1.178002
1.177941
1.177941
1.181772
1.184022
1.186272
1.188522
1.190772
1.193022
1.195332
1.197582
1.199832
1.203481
1.206704
1.209014
1.211264
1.213514
1.215825
1.218075
1.220325
1.222636
1.224825
1.227379
1.229629
1.231818
1.234068
1.236318
1.239419
1.243129
1.245378
1.247568
1.249878
1.252068
1.250486
1.250365
1.250304
1.250243
1.250182
1.250061
1.250000
1.249878
1.249818
1.248358
1.247264
1.247142
1.247142
1.247020
1.246899
1.246899
1.246777
1.246716
1.246655
1.246291
1.249149
1.252250
1.252736
1.253223
1.252797
1.251703
1.252128
1.252493
1.252858
1.253223
1.253649
1.254074
1.254439
1.254865
1.255290
1.255716
1.256142
1.256567
1.256993
1.257480
1.257905
1.258392
1.258757
1.259182
1.259608
1.260034
1.260459
1.260824
1.261250
1.261675
1.259182
1.256507
1.256385
1.256263
1.256203
1.256142
1.256081
1.256142
1.256020
1.255959
1.255899
1.255838
1.255777
1.255716
1.255655
1.255594
1.255473
1.255412
1.255351
1.255230
1.255230
1.254926
1.252676
1.250426
1.248176
1.245804
1.243554
1.241243
1.238993
1.236683
1.234372
1.232000
1.229690
1.227440
1.225129
1.222818
1.220507
1.218136
1.215947
1.213697
1.211386
1.209136
1.206886
1.204697
1.202386
1.200136
1.197886
1.195697
1.193386
1.191136
1.188765
1.186758
1.186637
1.186576
1.186454
1.186454
1.186393
1.186393
1.186333
1.186333
1.187670
1.189981
1.191684
1.192170
1.192170
1.192109
1.192292
1.192292
1.192900
1.193569
1.193569
1.195454
1.192961
1.190346
1.187792
1.185238
1.183292
1.180738
1.178184
1.175630
1.173137
1.170522
1.168029
1.165475
1.162982
1.160367
1.157813
1.155259
1.152705
1.150151
1.146259
1.141394
1.137259
1.135313
1.136712
1.136651
1.136286
1.136165
1.136165
1.135922
1.135800
1.132516
1.132455
1.132820
1.132820
1.133307
1.135131
1.135374
1.136651
1.136712
1.136773
1.136773
1.136773
1.137077
1.137138
1.137320
1.137503
1.137503
1.137807
1.137867
1.144070
1.144678
1.145104
1.144496
1.141090
1.139266
1.137442
1.135557
1.132942
1.130510
1.128624
1.128077
1.128624
1.128807
1.129901
1.130023
1.128138
1.128381
1.127712
1.128199
1.128685
1.129293
1.129841
1.130084
1.130631
1.131057
1.131482
1.132638
1.132881
1.134219
1.129293
1.129293
1.129293
1.129354
1.129476
1.130753
1.130814
1.130874
1.130814
1.130874
1.130874
1.130874
1.130935
1.130935
1.130449
1.130388
1.130449
1.130510
1.132030
1.143097
1.146502
1.149786
1.153131
1.156475
1.159820
1.165901
1.171677
1.176238
1.179583
1.182076
1.184691
1.187974
1.191319
1.194542
1.197765
1.199771
1.203055
1.206339
1.209683
1.212967
1.216372
1.222697
1.229446
1.234737
1.238081
1.241426
1.244710
1.248054
1.249818
1.242095
1.243919
1.247446
1.249818
1.249818
1.249818
1.247081
1.244588
1.242824
1.242824
1.242824
1.242885
1.245318
1.248784
1.250669
1.250669
1.256993
1.260946
1.261006
1.261006
1.261006
1.261493
1.261371
1.260338
1.258939
1.258939
1.258939
1.258939
1.258939
1.258939
1.258939
1.257054
1.253527
1.251155
1.251216
1.252128
1.253527
1.253527
1.253466
1.253466
1.253527
1.253466
1.251034
1.247628
1.245804
1.245865
1.239602
1.235649
1.235649
1.235649
1.235710
1.235162
1.232304
1.229872
1.229386
1.229386
1.229446
1.229446
1.229446
1.229507
1.229568
1.229568
1.229629
1.232609
1.230541
1.227561
1.224156
1.222149
1.220082
1.218075
1.215947
1.213879
1.211873
1.209744
1.207737
1.205609
1.203542
1.201474
1.199346
1.197278
1.195150
1.193143
1.191015
1.188947
1.186819
1.184691
1.182562
1.180495
1.178306
1.176177
1.173988
1.171921
1.169792
1.164745
1.164684
1.164624
1.164563
1.164502
1.164502
1.164441
1.164441
1.164441
1.164380
1.164380
1.164320
1.164320
1.164259
1.164259
1.164198
1.164259
1.171373
1.176664
1.181954
1.187245
1.192596
1.197886
1.203238
1.211812
1.218379
1.223730
1.229082
1.234433
1.239723
1.245196
1.250486
1.255838
1.261250
1.266601
1.271952
1.277243
1.282594
1.287945
1.293296
1.298648
1.303999
1.309350
1.314701
1.320052
1.325464
1.330755
1.328991
1.329052
1.329113
1.329174
1.329174
1.329295
1.329295
1.326073
1.324978
1.324978
1.325039
1.325100
1.325160
1.325100
1.325160
1.325221
1.326194
1.330876
1.328018
1.325160
1.322302
1.319444
1.316525
1.313667
1.310809
1.307891
1.305032
1.302114
1.299256
1.296398
1.293540
1.290560
1.287702
1.284783
1.281925
1.279067
1.276209
1.273351
1.270432
1.267513
1.264533
1.261554
1.258574
1.255594
1.252676
1.249635
1.245926
1.238264
1.238203
1.238203
1.238081
1.238021
1.237960
1.237838
1.237777
1.237716
1.237595
1.237595
1.237534
1.237534
1.237534
1.239358
1.237108
1.234919
1.232730
1.230419
1.228169
1.225980
1.223730
1.221602
1.219474
1.217285
1.215156
1.212967
1.210839
1.208710
1.206339
1.205062
1.202873
1.200744
1.198616
1.198798
1.196731
1.194603
1.192413
1.190346
1.188218
1.186029
1.183839
1.181650
1.179400
1.175387
1.175387
1.175448
1.175387
1.175387
1.175448
1.175387
1.175387
1.175326
1.175326
1.175326
1.175387
1.180556
1.180556
1.180556
1.180556
1.179704
1.179765
1.179704
1.179704
1.177333
1.177272
1.177333
1.177272
1.177272
1.177272
1.177272
1.177272
1.177211
1.177211
1.177211
1.177211
1.177090
1.177150
1.177150
1.177029
1.177090
1.177090
1.177090
1.177090
1.177090
1.177029
1.171860
1.171799
1.171799
1.171738
1.171677
1.171617
1.171617
1.171617
1.171617
1.171617
1.171556
1.171556
1.174961
1.175569
1.176117
1.176664
1.177211
1.177758
1.178306
1.178914
1.179461
1.179948
1.180495
1.181042
1.181529
1.183475
1.187306
1.188157
1.188643
1.189191
1.189738
1.190285
1.190832
1.191380
1.191927
1.192474
1.193022
1.193569
1.194055
1.194603
1.195150
1.195758
1.192778
1.192718
1.192718
1.192657
1.194663
1.193508
1.192353
1.191136
1.190042
1.188887
1.187731
1.186637
1.185481
1.182927
1.178488
1.177029
1.175934
1.174779
1.173563
1.172407
1.171252
1.170096
1.168941
1.167786
1.166630
1.165475
1.164380
1.163164
1.162009
1.160853
1.159698
1.158543
1.157387
1.156293
1.150090
1.143644
1.137381
1.130996
1.124611
1.118165
1.111780
1.105395
1.098949
1.092564
1.086119
1.079734
1.073349
1.066903
1.060761
1.054437
1.047991
1.041606
1.035221
1.028836
1.022451
1.016066
1.009620
1.003296
0.996850
0.990466
0.984141
0.977696
0.971311
0.964865
0.961520
0.961520
0.961399
0.961338
0.961338
0.961399
0.961338
0.961338
0.961399
0.961338
0.961338
0.961338
0.961277
0.961338
0.961095
0.961034
0.961095
0.961034
0.961095
0.961034
0.961034
0.960973
0.961034
0.960973
0.961034
0.960973
0.960912
0.960973
0.960973
0.960973
0.960973
0.961034
0.960973
0.961034
0.961034
0.961095
0.961095
0.961034
0.960973
0.961095
0.961095
0.961095
0.961095
0.961095
0.961155
0.961095
0.961095
0.961155
0.961095
0.961155
0.961155
0.961155
0.961155
0.961155
0.961155
0.961216
0.961216
0.961216
0.961216
0.961216
0.961216
0.961216
0.961216
0.961216
0.961155
0.961095
0.961095
0.961155
0.961216
0.961095
0.961095
0.961095
0.961095
0.961095
0.963892
0.963892
0.963831
0.963831
0.963831
0.963831
0.963831
0.963831
0.963770
0.963831
0.963831
0.963770
0.964317
0.964257
0.965047
0.965108
0.965655
0.965594
0.965655
0.966871
0.966871
0.966811
0.966993
0.966932
0.966932
0.966993
0.967054
0.967054
0.967115
0.967054
0.964196
0.964257
0.965351
0.965777
0.966993
0.966932
0.968088
0.968817
0.968878
0.969608
0.970459
0.970702
0.970216
0.970398
0.969547
0.969730
0.969669
0.969730
0.969669
0.968453
0.968513
0.968513
0.968392
0.968392
0.968392
0.968392
0.968392
0.968331
0.968270
0.968331
0.968331
0.968331
0.967297
0.966871
0.965655
0.965655
0.967236
0.966567
0.966567
0.965899
0.964986
0.964804
0.964804
0.964682
0.964682
0.964500
0.963953
0.963953
0.964013
0.963953
0.963953
0.964013
0.963953
0.964013
0.964013
0.964013
0.963953
0.964013
0.964074
0.964013
0.964074
0.964013
0.964013
0.963953
0.964013
0.964013
0.961277
0.961216
0.961216
0.961095
0.961155
0.961095
0.961095
0.961034
0.961095
0.961095
0.961095
0.961095
0.961095
0.961095
0.961095
0.961034
0.961095
0.961095
0.961034
0.961034
0.961034
0.960973
0.960912
0.960973
0.960912
0.960973
0.960912
0.960973
0.960912
0.960973
0.960912
0.960973
0.961034
0.962493
0.963588
0.966020
0.968392
0.969486
0.969730
0.969730
0.969790
0.971311
0.972648
0.973013
0.972952
0.973013
0.973013
0.972952
0.973013
0.973013
0.973013
0.973013
0.973074
0.973074
0.973074
0.973074
0.973135
0.973074
0.973135
0.973135
0.973135
0.973135
0.973074
0.971675
0.970520
0.968148
0.965716
0.964682
0.964439
0.964378
0.964378
0.962858
0.961459
0.961155
0.961155
0.961155
0.961095
0.961095
0.961095
0.961095
0.961155
0.961155
0.961155
0.961095
0.961155
0.961095
0.961095
0.961095
0.961095
0.961034
0.961095
0.961034
0.961034
0.961034
0.961155
0.961095
0.961155
0.961095
0.961095
0.961095
0.961095
0.961095
0.961095
0.961095
0.961155
0.961095
0.961095
0.961459
0.961399
0.961399
0.961399
0.961399
0.961399
0.964439
0.964439
0.964500
0.964500
0.964561
0.964500
0.964561
0.964500
0.964561
0.965899
0.966628
0.966567
0.966567
0.966507
0.966507
0.966628
0.966689
0.966628
0.966567
0.966628
0.966628
0.966567
0.966811
0.967054
0.966811
0.966811
0.966811
0.966811
0.966871
0.966871
0.963892
0.963892
0.963831
0.965959
0.967784
0.969547
0.970581
0.970642
0.971189
0.970520
0.970094
0.970034
0.970094
0.970094
0.972040
0.971919
0.971919
0.971919
0.971919
0.971919
0.971919
0.972466
0.975263
0.976479
0.976419
0.979033
0.980918
0.980858
0.981466
0.984202
0.985053
0.985053
0.985053
0.983290
0.982621
0.981648
0.981222
0.981770
0.981222
0.980554
0.980189
0.980250
0.980189
0.981648
0.980189
0.980189
0.980128
0.980432
0.982317
0.984202
0.984202
0.983655
0.980614
0.979216
0.979155
0.976601
0.974655
0.974655
0.974047
0.971311
0.970398
0.970398
0.970398
0.970034
0.968817
0.968148
0.967480
0.966871
0.966871
0.966871
0.966871
0.966871
0.966932
0.965473
0.965047
0.965047
0.965716
0.965473
0.963649
0.961703
0.961703
0.961763
0.962432
0.962432
0.962493
0.962493
0.962554
0.962676
0.964378
0.964378
0.964378
0.964317
0.964317
0.964317
0.964378
0.964257
0.964257
0.964317
0.964317
0.964257
0.964257
0.964257
0.964196
0.964257
0.964196
0.964196
0.963588
0.963527
0.963527
0.963770
0.966142
0.966142
0.965473
0.965473
0.965473
0.965473
0.965412
0.965351
0.963588
0.963588
0.963649
0.963649
0.963709
0.963709
0.963649
0.963649
0.963709
0.963709
0.963649
0.963709
0.963770
0.963770
0.963770
0.963770
0.963770
0.963770
0.963770
0.963831
0.963770
0.963527
0.961155
0.961095
0.961155
0.961095
0.961095
0.961034
0.961095
0.961034
0.961095
0.961034
0.961034
0.961095
0.961095
0.961034
0.961095
0.961095
0.961095
0.961095
0.961095
0.961095
0.961095
0.961034
0.961095
0.961034
0.961095
0.961034
0.961034
0.960973
0.961034
0.961034
0.961034
0.961034
0.961034
0.961034
0.961034
0.961034
0.961034
0.961034
0.961034
0.961034
0.960973
0.960973
0.960912
0.960973
0.960912
0.960973
0.960912
0.960912
0.960912
0.960912
0.960851
0.960851
0.960851
0.960912
0.960851
0.960851
0.960851
0.960912
0.960912
0.960912
0.960912
0.960912
0.960912
0.960912
0.960912
0.960912
0.960851
0.960912
0.960851
0.960912
0.960912
0.960851
0.960912
0.960912
0.960912
0.960851
0.960851
0.960851
0.960912
0.960851
0.960912
0.960912
0.960851
0.960851
0.960851
0.960851
0.960851
0.960791
0.960791
0.960791
0.960730
0.960791
0.960730
0.960791
0.960730
0.960730
0.960730
0.960730
0.960791
0.960730
0.960730
0.960791
0.960730
0.960730
0.960730
0.960730
0.960730
0.960730
0.960669
0.960730
0.960669
0.960730
0.960730
0.960730
0.960730
0.960791
0.960791
0.960851
0.960791
0.960851
0.960851
0.960791
0.960851
0.960851
0.960851
0.960851
0.960851
0.963284
0.963345
0.963405
0.963405
0.963345
0.963345
0.963345
0.963405
0.963405
0.963405
0.963405
0.963405
0.963405
0.963405
0.963345
0.963345
0.963345
0.963345
0.963345
0.963284
0.963284
0.963345
0.963284
0.963284
0.963345
0.963345
0.963284
0.963284
0.963345
0.963405
0.960973
0.960851
0.960791
0.960851
0.960851
0.960851
0.960791
0.960730
0.960791
0.960851
0.960851
0.960851
0.960791
0.960791
0.960851
0.960851
0.960791
0.960851
0.960851
0.960851
0.960791
0.960730
0.960791
0.960791
0.960791
0.960730
0.960730
0.960791
0.960730
0.960669
0.960669
0.960669
0.960669
0.960669
0.960730
0.960730
0.960791
0.960791
0.960791
0.960730
0.960669
0.960669
0.960669
0.960730
0.960669
0.960730
0.960730
0.960669
0.960608
0.960608
0.960608
0.960669
0.960608
0.960669
0.960608
0.960608
0.960669
0.960608
0.960669
0.960669
0.960608
0.960608
0.960608
0.960608
0.960547
0.960608
0.960547
0.960547
0.960486
0.960486
0.960486
0.960486
0.960486
0.960486
0.960486
0.960486
0.960486
0.960547
0.960547
0.960608
0.960669
0.960608
0.963101
0.964986
0.965594
0.965655
0.965594
0.965594
0.965594
0.965594
0.965594
0.965655
0.965716
0.965655
0.965655
0.965655
0.965655
0.965716
0.965716
0.965777
0.965777
0.965838
0.965838
0.968088
0.968331
0.968270
0.968331
0.968270
0.968331
0.968270
0.968270
0.968270
0.965838
0.963892
0.963345
0.963284
0.963345
0.963345
0.963284
0.963284
0.963345
0.963284
0.963284
0.963284
0.963345
0.963284
0.963284
0.963284
0.963284
0.963223
0.963284
0.963284
0.963284
0.961034
0.960791
0.960851
0.960791
0.960791
0.960791
0.960791
0.960791
0.960791
0.960730
0.960791
0.960791
0.960791
0.960791
0.960791
0.960851
0.960851
0.960791
0.960851
0.960851
0.960851
0.960791
0.960791
0.960851
0.960791
0.960791
0.960851
0.960791
0.960730
0.960791
0.960730
0.960791
0.960730
0.960791
0.960791
0.960791
0.960791
0.960730
0.960791
0.960851
0.960791
0.960912
0.960973
0.960973
0.960973
0.960912
0.960973
0.963405
0.963405
0.963405
0.963466
0.963466
0.963527
0.963466
0.963466
0.963527
0.963466
0.963527
0.963527
0.963466
0.963527
0.963527
0.963527
0.963466
0.963466
0.963466
0.963466
0.963527
0.963466
0.963466
0.963466
0.963345
0.963284
0.963284
0.963284
0.963345
0.963284
0.960912
0.960912
0.960851
0.960791
0.960851
0.960851
0.960851
0.960912
0.960851
0.960912
0.960912
0.960912
0.960973
0.960912
0.960912
0.960973
0.960973
0.961034
0.960973
0.961034
0.960973
0.961034
0.961034
0.961034
0.960973
0.961034
0.960973
0.961034
0.960973
0.961034
0.961034
0.960973
0.961034
0.961034
0.961034
0.960973
0.960973
0.960973
0.960973
0.960973
0.960912
0.960973
0.960912
0.960973
0.960973
0.960912
0.960973
0.960912
0.960973
0.960912
0.960973
0.960912
0.960851
0.960912
0.960912
0.960912
0.960912
0.960912
0.960912
0.960912
0.960851
0.960912
0.960912
0.960912
0.960912
0.960912
0.960973
0.960912
0.960912
0.960912
0.960973
0.960912
0.960912
0.960912
0.960851
0.960912
0.960912
0.960912
0.960912
0.960912
0.960912
0.960912
0.960973
0.960973
0.961034
0.960973
0.961034
0.960973
0.961034
0.960973
0.961034
0.960973
0.960973
0.960973
0.960973
0.960973
0.960973
0.960973
0.963405
0.963466
0.963466
0.963466
0.966020
0.970824
0.975750
0.979094
0.979702
0.979702
0.979702
0.979702
0.979702
0.979885
0.980189
0.980736
0.980736
0.980858
0.981040
0.981101
0.981040
0.981101
0.981101
0.981101
0.981648
0.981648
0.981648
0.981648
0.981648
0.981709
0.979337
0.979277
0.979216
0.979277
0.976783
0.971979
0.967115
0.963770
0.963162
0.963162
0.963162
0.963162
0.963162
0.962980
0.962736
0.962189
0.962128
0.962068
0.962797
0.962797
0.963040
0.963345
0.963345
0.964682
0.964378
0.964439
0.964378
0.964439
0.964378
0.964378
0.964378
0.964378
0.964378
0.964378
0.964378
0.964317
0.964317
0.964317
0.964257
0.964317
0.964317
0.964378
0.964317
0.964378
0.964317
0.964257
0.964257
0.964257
0.963588
0.963527
0.963345
0.963040
0.962980
0.961703
0.961459
0.961459
0.962858
0.962797
0.963466
0.963405
0.963405
0.964378
0.965899
0.965838
0.966081
0.966081
0.966081
0.966263
0.966324
0.966324
0.966811
0.966750
0.966811
0.966750
0.966750
0.966811
0.966871
0.966811
0.966567
0.966628
0.966628
0.966567
0.966567
0.966567
0.966567
0.966507
0.965108
0.965169
0.964561
0.964622
0.964561
0.963588
0.962068
0.962068
0.961824
0.961885
0.961824
0.961642
0.961581
0.961581
0.961034
0.961095
0.961095
0.961095
0.961034
0.961034
0.960973
0.961034
0.961277
0.961277
0.961277
0.961338
0.961338
0.961277
0.961277
0.961338
0.961399
0.961338
0.961338
0.961277
0.961338
0.961277
0.962311
0.963831
0.963831
0.963770
0.963831
0.963831
0.963831
0.963831
0.963831
0.963831
0.963831
0.963892
0.963892
0.963892
0.963953
0.963953
0.963649
0.963649
0.963588
0.963588
0.963649
0.963649
0.963588
0.963588
0.963588
0.963588
0.963527
0.963588
0.963588
0.963588
0.962615
0.961155
0.961095
0.961095
0.961095
0.961034
0.961095
0.961095
0.961095
0.961095
0.961034
0.960973
0.961034
0.961034
0.961034
0.961034
0.961034
0.961034
0.961034
0.961034
0.960973
0.961034
0.961216
0.963466
0.963405
0.963466
0.963527
0.963466
0.963466
0.963527
0.963466
0.963527
0.963527
0.963649
0.963588
0.963649
0.963588
0.963588
0.963588
0.963588
0.963649
0.963709
0.963709
0.963649
0.963588
0.963770
0.965108
0.966567
0.966628
0.966628
0.966750
0.966750
0.966567
0.964257
0.964317
0.964317
0.964257
0.964317
0.964317
0.964257
0.964257
0.964196
0.964196
0.964135
0.964135
0.964135
0.964196
0.964135
0.964196
0.964196
0.964135
0.964257
0.964257
0.964257
0.966932
0.967054
0.965716
0.964257
0.964622
0.964561
0.964500
0.964561
0.964622
0.964622
0.964622
0.964622
0.964622
0.964622
0.964622
0.964622
0.964682
0.964682
0.964682
0.964682
0.964682
0.964682
0.964682
0.964743
0.964682
0.964682
0.964743
0.964561
0.964561
0.964622
0.962311
0.963953
0.965655
0.965716
0.966811
0.966932
0.966932
0.966871
0.966811
0.966871
0.966871
0.966811
0.966871
0.966811
0.966811
0.966871
0.966811
0.966811
0.966871
0.966871
0.966871
0.966871
0.966871
0.966811
0.966871
0.966871
0.966871
0.966871
0.966871
0.969304
0.969121
0.967176
0.965534
0.965412
0.963953
0.963892
0.963892
0.963892
0.963892
0.963892
0.963831
0.963892
0.963831
0.963892
0.963892
0.963831
0.963892
0.963892
0.963831
0.963831
0.965777
0.966324
0.966324
0.966324
0.966324
0.966324
0.966324
0.966324
0.966324
0.963953
0.963770
0.963770
0.963770
0.963770
0.963770
0.963770
0.963709
0.963709
0.963770
0.963709
0.963770
0.963709
0.963770
0.963770
0.963770
0.963770
0.963709
0.963709
0.963770
0.963709
0.961824
0.961216
0.961216
0.961216
0.961216
0.961216
0.961155
0.961216
0.961155
0.961095
0.961095
0.961095
0.961095
0.961155
0.961095
0.961095
0.961095
0.961034
0.961034
0.961095
0.961034
0.961034
0.961034
0.961034
0.960973
0.961034
0.961034
0.963345
0.963466
0.963466
0.963466
0.963527
0.963466
0.963527
0.963527
0.963527
0.963527
0.963527
0.963527
0.963527
0.963588
0.963527
0.963527
0.963466
0.963588
0.963588
0.963588
0.963649
0.963588
0.963588
0.965594
0.969304
0.972892
0.976479
0.980128
0.984263
0.989067
0.990952
0.994418
0.998492
1.002080
1.005668
1.009377
1.012965
1.016553
1.020140
1.023789
1.027438
1.031086
1.034674
1.038262
1.041910
1.045498
1.049207
1.052734
1.056322
1.059971
1.063558
1.067207
1.070795
1.072437
1.072376
1.072437
1.072437
1.072437
1.071768
1.067025
1.062829
1.059180
1.055106
1.051518
1.047930
1.044221
1.040633
1.036985
1.033397
1.029748
1.026100
1.022451
1.018863
1.015215
1.011627
1.007979
1.004330
1.000681
0.997094
0.993506
0.989857
0.986270
0.982682
0.979033
0.975446
0.976236
0.975750
0.972162
0.968635
0.968635
0.968574
0.968635
0.968696
0.968635
0.968635
0.968635
0.968635
0.968696
0.968635
0.968696
0.968635
0.968696
0.968635
0.968635
0.968635
0.968696
0.968635
0.968635
0.968635
0.968635
0.968635
0.968635
0.968574
0.968635
0.968574
0.964135
0.961034
0.960973
0.961034
0.961034
0.961034
0.960973
0.960973
0.961034
0.960973
0.961034
0.960973
0.960973
0.960973
0.960973
0.960973
0.960973
0.961034
0.961034
0.961155
0.961338
0.961399
0.961459
0.961399
0.961338
0.961399
0.961399
0.961399
0.961338
0.961399
0.961338
0.961277
0.961338
0.961277
0.961277
0.961338
0.961399
0.961338
0.961338
0.961399
0.961399
0.961459
0.961459
0.961459
0.961459
0.961520
0.961459
0.961399
0.961459
0.961277
0.961095
0.961095
0.961034
0.961095
0.961095
0.961034
0.960973
0.961034
0.961034
0.961034
0.961034
0.961095
0.961034
0.961095
0.961034
0.961034
0.960973
0.961034
0.960973
0.960973
0.960973
0.960912
0.960912
0.960973
0.960912
0.963223
0.965959
0.965959
0.966142
0.966142
0.966203
0.966142
0.966203
0.966203
0.966324
0.966446
0.966446
0.966446
0.966567
0.966567
0.966567
0.968088
0.970459
0.970459
0.970520
0.970520
0.970520
0.970520
0.970581
0.970520
0.970520
0.970581
0.970520
0.970520
0.970520
0.968209
0.965534
0.965534
0.965351
0.965351
0.965290
0.965351
0.965412
0.967844
0.970216
0.970642
0.971675
0.972405
0.972283
0.972283
0.972283
0.970763
0.968392
0.968392
0.968331
0.968270
0.968331
0.968331
0.968270
0.968331
0.968331
0.968270
0.968270
0.968270
0.968331
0.968331
0.968270
0.968331
0.968270
0.968331
0.968331
0.968270
0.968209
0.965777
0.963284
0.962797
0.961824
0.961034
0.961095
0.961095
0.961095
0.961095
0.961095
0.961095
0.961095
0.961155
0.961155
0.961095
0.961155
0.961155
0.961095
0.961155
0.961155
0.961155
0.961155
0.961095
0.961155
0.961155
0.961216
0.961216
0.961216
0.961216
0.961216
0.961216
0.961216
0.961216
0.961155
0.961216
0.961155
0.961155
0.961155
0.961155
0.961216
0.961216
0.961216
0.961216
0.961155
0.961216
0.961216
0.961155
0.961216
0.961155
0.961155
0.961155
0.961155
0.961155
0.961095
0.961095
0.961034
0.961034
0.960973
0.961034
0.960973
0.960973
0.961034
0.961034
0.961034
0.960973
0.961034
0.961034
0.961034
0.961034
0.960973
0.960973
0.960973
0.960973
0.961034
0.960973
0.960912
0.961155
0.963466
0.963527
0.963527
0.963466
0.963466
0.963466
0.963709
0.963709
0.963709
0.963709
0.963709
0.963709
0.963770
0.963770
0.963709
0.963709
0.963709
0.963770
0.963709
0.963649
0.963709
0.963709
0.963709
0.963709
0.963770
0.963709
0.963649
0.963709
0.963770
0.963527
0.961155
0.961155
0.961216
0.961216
0.961155
0.961216
0.961034
0.960973
0.961034
0.961034
0.961034
0.961034
0.960973
0.960973
0.961034
0.960973
0.961034
0.961034
0.961034
0.961034
0.961034
0.960973
0.961034
0.961034
0.960973
0.961338
0.963649
0.963649
0.963588
0.963649
0.963649
0.963649
0.963649
0.963649
0.963649
0.963649
0.963649
0.963649
0.963588
0.963649
0.963649
0.963649
0.963709
0.963709
0.963709
0.963709
0.963709
0.963709
0.963709
0.963770
0.963770
0.963770
0.963770
0.963770
0.963770
0.963466
0.961155
0.961155
0.961155
0.961155
0.961216
0.961155
0.961155
0.961155
0.961216
0.961216
0.961155
0.961216
0.961216
0.961155
0.961216
0.961155
0.961095
0.961095
0.961095
0.961095
0.961095
0.961095
0.961095
0.961095
0.961095
0.961095
0.961095
0.961095
0.961095
0.961095
0.961095
0.961095
0.961095
0.961095
0.961034
0.961095
0.961095
0.961095
0.961095
0.961034
0.961095
0.961034
0.961095
0.961034
0.961034
0.963527
0.966081
0.966081
0.966020
0.966081
0.966081
0.966081
0.966567
0.968635
0.968574
0.968635
0.968635
0.968574
0.968635
0.968635
0.968635
0.968635
0.968696
0.968696
0.968696
0.968635
0.968635
0.969304
0.969547
0.969973
0.969912
0.969973
0.970094
0.972040
0.973804
0.971311
0.968757
0.968757
0.968817
0.968757
0.968757
0.968696
0.968270
0.966203
0.966203
0.966203
0.966203
0.966263
0.966203
0.966203
0.966263
0.966203
0.966203
0.966203
0.966203
0.966263
0.966203
0.965594
0.965290
0.964926
0.964926
0.964926
0.964743
0.962858
0.961095
0.961155
0.961155
0.961095
0.961095
0.961155
0.961155
0.961155
0.961155
0.961155
0.961155
0.961155
0.961095
0.961095
0.961095
0.961034
0.960973
0.961034
0.960973
0.960973
0.961034
0.960973
0.961034
0.960973
0.960973
0.960912
0.960973
0.960912
0.960973
0.960912
0.960851
0.960851
0.960912
0.960912
0.960912
0.960851
0.960851
0.960851
0.960851
0.960791
0.960851
0.960791
0.960851
0.960791
0.960851
0.960912
0.960912
0.960912
0.960912
0.960851
0.960851
0.960912
0.960851
0.960851
0.960851
0.960912
0.960851
0.960912
0.960851
0.960912
0.960912
0.960851
0.963284
0.963345
0.963405
0.963466
0.963405
0.963405
0.963405
0.963466
0.963405
0.963466
0.963466
0.963466
0.963466
0.963466
0.963466
0.963405
0.963466
0.963466
0.963466
0.963405
0.963466
0.963527
0.963527
0.963527
0.963588
0.963527
0.963588
0.963527
0.963588
0.963588
0.961095
0.961095
0.961034
0.960973
0.961034
0.961034
0.961034
0.960973
0.961034
0.961034
0.960973
0.961034
0.960973
0.960973
0.960973
0.960973
0.960973
0.960973
0.960973
0.960973
0.960973
0.960912
0.960973
0.960973
0.960912
0.960973
0.960912
0.960973
0.960973
0.961034
0.961034
0.961034
0.960973
0.961034
0.961034
0.961034
0.961034
0.961034
0.961034
0.960973
0.960973
0.960973
0.960973
0.960973
0.960973
0.961034
0.961034
0.961034
0.961034
0.961095
0.961034
0.961034
0.961034
0.960973
0.961034
0.960973
0.961034
0.961034
0.961034
0.960973
0.961034
0.960973
0.961034
0.960973
0.960973
0.960973
0.960912
0.960973
0.960973
0.960973
0.960973
0.960973
0.960973
0.960912
0.960973
0.960912
0.960851
0.960851
0.960851
0.960851
0.960851
0.960851
0.960851
0.960851
0.960851
0.960851
0.960851
0.960851
0.960851
0.960912
0.960851
0.960851
0.960851
0.960851
0.960851
0.960851
0.960851
0.960791
0.960791
0.960851
0.960851
0.960851
0.960912
0.960912
0.960851
0.960851
0.960851
0.960851
0.960851
0.960851
0.960851
0.960912
0.960912
0.960912
0.960912
0.960912
0.960912
0.963345
0.965899
0.965838
0.965899
0.965959
0.965899
0.965959
0.965899
0.965899
0.965959
0.965959
0.965959
0.965899
0.965959
0.965959
0.965899
0.965959
0.966020
0.966020
0.966020
0.966081
0.966081
0.966081
0.966081
0.966020
0.966020
0.966081
0.966020
0.966081
0.966020
0.963588
0.960973
0.960973
0.960912
0.960912
0.960912
0.960912
0.960912
0.960973
0.960912
0.960973
0.960912
0.960912
0.960912
0.960912
0.960912
0.960851
0.960851
0.960912
0.960912
0.960851
0.960791
0.960730
0.960791
0.960791
0.960730
0.960730
0.960791
0.960730
0.960791
0.960730
0.960791
0.960791
0.960791
0.960730
0.960791
0.960730
0.960730
0.960730
0.960791
0.960730
0.960730
0.960730
0.960730
0.960669
0.960669
0.960730
0.960669
0.960669
0.960669
0.960730
0.960730
0.960791
0.960730
0.960791
0.960791
0.960730
0.963223
0.963284
0.963223
0.963284
0.963284
0.963284
0.963345
0.963345
0.963284
0.963345
0.963345
0.963345
0.963284
0.963284
0.963345
0.963345
0.963284
0.963284
0.963345
0.963284
0.963284
0.963223
0.963284
0.963223
0.963284
0.963223
0.963223
0.963223
0.963223
0.963284
0.960791
0.960730
0.960791
0.960730
0.960669
0.960669
0.960669
0.960669
0.960730
0.960669
0.960669
0.960669
0.960669
0.960669
0.960669
0.960669
0.960669
0.960730
0.960669
0.960730
0.960730
0.960791
0.960730
0.960730
0.960669
0.960730
0.960730
0.960669
0.960730
0.960669
0.960669
0.960730
0.960669
0.960730
0.960730
0.960791
0.960730
0.960791
0.960730
0.960730
0.960791
0.960791
0.960791
0.960851
0.960791
0.960851
0.960912
0.960851
0.960851
0.960851
0.960851
0.960791
0.960851
0.960851
0.960912
0.960851
0.960912
0.960912
0.960912
0.960912
0.960851
0.960851
0.960851
0.960851
0.960851
0.960851
0.960912
0.960851
0.960851
0.960851
0.960851
0.960791
0.960851
0.960791
0.960791
0.960791
0.960730
0.963284
0.963284
0.963284
0.963284
0.963345
0.963345
0.963345
0.963345
0.963405
0.963345
0.963588
0.963588
0.963588
0.963649
0.963588
0.963649
0.963588
0.963649
0.963588
0.963588
0.963649
0.963649
0.963709
0.963649
0.963709
0.963709
0.963709
0.963770
0.963709
0.963770
0.961216
0.961277
0.961216
0.961277
0.961216
0.961216
0.961216
0.961216
0.961155
0.961216
0.960973
0.960973
0.960973
0.960973
0.960973
0.960973
0.961034
0.960973
0.961034
0.961034
0.960973
0.960973
0.960973
0.960973
0.960973
0.960912
0.960973
0.960973
0.960973
0.960973
0.962736
0.963405
0.963405
0.963345
0.963405
0.963405
0.963405
0.963405
0.963405
0.963405
0.963466
0.963466
0.963466
0.963405
0.963466
0.963466
0.963466
0.963466
0.963466
0.963466
0.963527
0.963527
0.963527
0.963588
0.963527
0.963527
0.963527
0.963527
0.963527
0.963527
0.961763
0.961095
0.961095
0.961155
0.961155
0.961095
0.961155
0.961095
0.961155
0.963588
0.963588
0.966081
0.967419
0.968635
0.968574
0.968574
0.968574
0.968635
0.968574
0.968574
0.968513
0.968635
0.968574
0.968574
0.968635
0.968696
0.968696
0.969547
0.972223
0.972344
0.973074
0.974898
0.975202
0.975263
0.975202
0.975263
0.975263
0.975263
0.975263
0.972770
0.973256
0.970763
0.971189
0.970702
0.970763
0.970763
0.970763
0.970763
0.970763
0.970763
0.970824
0.970702
0.970763
0.970702
0.970702
0.970702
0.970763
0.969912
0.967236
0.967115
0.966689
0.964804
0.965655
0.965534
0.965594
0.966020
0.966020
0.966263
0.967358
0.967419
0.966932
0.966871
0.965169
0.964865
0.964865
0.964804
0.965108
0.965108
0.965351
0.965351
0.965351
0.965351
0.965290
0.965351
0.965351
0.965290
0.965290
0.965230
0.965230
0.965230
0.964986
0.965230
0.966628
0.969243
0.970338
0.971675
0.971675
0.971675
0.970581
0.970581
0.970581
0.970581
0.970581
0.970216
0.970155
0.970216
0.969912
0.969851
0.969669
0.969669
0.969608
0.969608
0.969669
0.969669
0.969608
0.969669
0.969547
0.969608
0.969669
0.969669
0.969608
0.969425
0.966932
0.964317
0.963223
0.961399
0.961399
0.961216
0.961155
0.961155
0.961095
0.961095
0.961095
0.961095
0.961095
0.961095
0.961095
0.961095
0.961095
0.961095
0.961095
0.961155
0.961095
0.961095
0.961095
0.961095
0.961155
0.961095
0.961095
0.961095
0.961095
0.961034
0.960973
0.961034
0.961034
0.961095
0.961034
0.961034
0.961034
0.961034
0.961095
0.961095
0.961095
0.961034
0.961095
0.961034
0.961034
0.961095
0.961095
0.961034
0.961095
0.961034
0.961095
0.961034
0.961095
0.961095
0.961034
0.961095
0.961034
0.961034
0.961095
0.961095
0.961155
0.961095
0.961095
0.961095
0.961155
0.961095
0.961155
0.961155
0.961155
0.961155
0.961155
0.961155
0.961155
0.961216
0.961216
0.961216
0.961155
0.961216
0.961216
0.961277
0.961216
0.961277
0.961277
0.961277
0.961277
0.961277
0.961277
0.961277
0.961216
0.961277
0.961277
0.961277
0.961277
0.961277
0.961216
0.961216
0.961216
0.961216
0.961155
0.961155
0.961155
0.961155
0.961155
0.961095
0.961034
0.961034
0.961216
0.961155
0.963588
0.963588
0.963588
0.963588
0.963588
0.964500
0.964986
0.964986
0.964986
0.964986
0.964986
0.964986
0.965108
0.965108
0.965108
0.965108
0.965108
0.965169
0.965169
0.965108
0.965169
0.965230
0.965169
0.965230
0.965230
0.965230
0.965230
0.965230
0.965047
0.965108
0.962676
0.962615
0.962676
0.962615
0.962615
0.961703
0.961216
0.961216
0.961277
0.961216
0.961216
0.961216
0.961095
0.961095
0.961034
0.961034
0.961095
0.961095
0.961095
0.961095
0.964135
0.966628
0.967176
0.967236
0.967176
0.967236
0.967297
0.967358
0.967358
0.967419
0.969304
0.972588
0.975142
0.975446
0.975385
0.975446
0.976175
0.976297
0.976236
0.978000
0.978060
0.978243
0.980493
0.980554
0.980614
0.980554
0.982439
0.986148
0.988155
0.989067
0.986026
0.983472
0.982986
0.982864
0.982925
0.982925
0.982864
0.982804
0.982804
0.984081
0.985175
0.984020
0.981466
0.981162
0.981222
0.981162
0.980432
0.980310
0.980371
0.978608
0.978608
0.978425
0.976114
0.976175
0.976114
0.976175
0.974290
0.971189
0.969851
0.969486
0.969425
0.969486
0.969425
0.969486
0.970216
0.974351
0.978608
0.982439
0.984081
0.982743
0.979702
0.977635
0.977635
0.977635
0.981466
0.985418
0.989432
0.993384
0.997337
1.001350
1.005303
1.009316
1.013330
1.017222
1.021235
1.025188
1.028958
1.028289
1.027620
1.027134
1.027134
1.027134
1.027194
1.027194
1.026404
1.022269
1.018012
1.014181
1.012600
1.012539
1.012600
1.012600
1.012539
1.012539
1.008708
1.004695
1.000742
0.996729
0.992776
0.988824
0.984810
0.980736
0.976783
0.972770
0.968817
0.964804
0.960973
0.961034
0.961034
0.960973
0.961034
0.960973
0.960973
0.960912
0.960973
0.960912
0.960973
0.960912
0.960912
0.960912
0.960912
0.960912
0.960912
0.960973
0.960912
0.960912
0.960912
0.960973
0.960912
0.960851
0.960912
0.960912
0.960912
0.960912
0.960912
0.960912
0.960973
0.960973
0.960912
0.960973
0.960912
0.960973
0.960973
0.961034
0.960973
0.961034
0.960973
0.960973
0.960973
0.960973
0.962189
0.963405
0.963466
0.963466
0.963466
0.963527
0.963466
0.963466
0.963527
0.965959
0.965959
0.965959
0.965959
0.966020
0.965959
0.966020
0.965959
0.965959
0.966020
0.965959
0.966020
0.966020
0.965959
0.965959
0.966020
0.965959
0.966020
0.966081
0.966020
0.966081
0.964804
0.963588
0.963527
0.963466
0.963527
0.963466
0.963527
0.963466
0.963466
0.961095
0.961034
0.961095
0.961095
0.961095
0.964500
0.966263
0.966324
0.966263
0.966263
0.966324
0.966263
0.966203
0.966263
0.966203
0.966203
0.966263
0.966203
0.966203
0.966263
0.966203
0.966263
0.966263
0.966263
0.966324
0.966263
0.966263
0.966263
0.966324
0.966263
0.966203
0.966263
0.966203
0.966203
0.966203
0.962797
0.961034
0.960973
0.960973
0.960973
0.960912
0.960973
0.960973
0.960973
0.961034
0.960973
0.961034
0.961034
0.961034
0.961034
0.961034
0.960973
0.960973
0.960973
0.960973
0.960973
0.960973
0.961095
0.961095
0.961095
0.961095
0.961095
0.961095
0.961095
0.961034
0.961095
0.961034
0.961095
0.961095
0.961095
0.961155
0.961095
0.961155
0.961095
0.961095
0.961155
0.961034
0.961095
0.961034
0.961034
0.961034
0.961095
0.961034
0.961095
0.961034
0.961095
0.961155
0.960973
0.960973
0.960973
0.960973
0.960973
0.960973
0.960973
0.960973
0.960973
0.960973
0.960973
0.961034
0.961034
0.961034
0.961095
0.961034
0.961034
0.960973
0.960973
0.961034
0.960973
0.960973
0.960973
0.960973
0.960973
0.960973
0.960912
0.960973
0.960912
0.960912
0.960912
0.960912
0.960912
0.960912
0.960912
0.960973
0.960912
0.960973
0.960912
0.960912
0.960912
0.960912
0.960851
0.960851
0.960791
0.960851
0.960912
0.960912
0.960912
0.960851
0.960912
0.960912
0.960912
0.960912
0.960912
0.960973
0.960973
0.960973
0.961034
0.961034
0.961034
0.964682
0.966385
0.966811
0.966811
0.966750
0.966811
0.966750
0.966871
0.966932
0.966871
0.966871
0.966932
0.966871
0.966871
0.966871
0.966871
0.966932
0.966871
0.966932
0.966871
0.966932
0.966932
0.966932
0.966932
0.966932
0.966932
0.966871
0.966871
0.966811
0.966871
0.963162
0.961520
0.961155
0.961155
0.961155
0.961155
0.961216
0.961095
0.961095
0.961095
0.961095
0.961095
0.961155
0.961155
0.961155
0.961095
0.961095
0.961155
0.961095
0.961155
0.961155
0.961095
0.961155
0.961095
0.961095
0.961095
0.961095
0.961034
0.961095
0.961095
0.961095
0.961095
0.961095
0.961034
0.961095
0.961034
0.961034
0.961095
0.961095
0.961095
0.961095
0.961034
0.961034
0.961034
0.961034
0.961034
0.961034
0.961034
0.961034
0.961034
0.961034
0.961034
0.961034
0.961095
0.961095
0.961155
0.961155
0.961216
0.961155
0.961095
0.961095
0.961095
0.961095
0.961155
0.961095
0.961459
0.961399
0.961399
0.961703
0.961703
0.961946
0.961946
0.961946
0.961946
0.961946
0.961946
0.961946
0.961885
0.961946
0.961946
0.962128
0.962189
0.962189
0.962128
0.962128
0.962068
0.962128
0.962068
0.962128
0.962189
0.962189
0.962189
0.962189
0.962128
0.962128
0.961824
0.961885
0.961824
0.961520
0.961520
0.961277
0.961277
0.961277
0.961277
0.961277
0.961338
0.961277
0.961338
0.961277
0.961277
0.961095
0.961034
0.961034
0.961095
0.961034
0.961095
0.961095
0.961095
0.961034
0.961034
0.961095
0.961034
0.961034
0.961095
0.961095
0.961095
0.961095
0.961095
0.961095
0.961155
0.961155
0.961155
0.961155
0.961216
0.961216
0.961155
0.961155
0.961155
0.961155
0.961155
0.961155
0.961155
0.961155
0.961095
0.961155
0.961095
0.961095
0.961095
0.961155
0.961155
0.961095
0.961155
0.961095
0.961095
0.961095
0.961095
0.961034
0.961095
0.961034
0.961034
0.960973
0.961034
0.960973
0.960973
0.960973
0.961034
0.961034
0.961034
0.961095
0.961034
0.961034
0.961034
0.961034
0.961095
0.961034
0.961095
0.961034
0.961095
0.961034
0.961034
0.961095
0.961034
0.961095
0.961095
0.961095
0.961095
0.961095
0.961095
0.961095
0.961095
0.961095
0.961095
0.961095
0.961095
0.961095
0.961034
0.961095
0.961034
0.961034
0.961095
0.961034
0.961095
0.961034
0.961034
0.961034
0.961034
0.961095
0.961338
0.965169
0.968878
0.969121
0.969121
0.969121
0.969121
0.969121
0.969121
0.969121
0.969121
0.969121
0.969121
0.969121
0.969121
0.969182
0.969182
0.969121
0.969182
0.969182
0.969243
0.969243
0.969182
0.969182
0.969182
0.969243
0.969182
0.969243
0.969182
0.969182
0.968939
0.965108
0.961399
0.961155
0.961216
0.961155
0.961155
0.961155
0.961155
0.961155
0.961155
0.961155
0.961155
0.961155
0.961155
0.961095
0.961095
0.961095
0.961095
0.961095
0.961034
0.961034
0.961034
0.961095
0.961095
0.961034
0.961095
0.961034
0.961095
0.961034
0.961034
0.961034
0.961095
0.962189
0.962919
0.962919
0.962919
0.962919
0.962919
0.962919
0.962919
0.962919
0.965290
0.965412
0.965412
0.965473
0.965412
0.965412
0.965412
0.965412
0.965473
0.966750
0.968878
0.969182
0.971615
0.974108
0.974108
0.974108
0.974108
0.974169
0.974108
0.974169
0.974047
0.972952
0.972162
0.972223
0.972162
0.972223
0.972162
0.972162
0.972162
0.972223
0.969790
0.969669
0.969669
0.969608
0.969669
0.969669
0.969608
0.969547
0.969547
0.968209
0.966142
0.965838
0.963345
0.960912
0.960912
0.960912
0.960912
0.960851
0.960912
0.960851
0.960912
0.960851
0.960912
0.960851
0.960912
0.960851
0.960851
0.960912
0.960912
0.960851
0.960851
0.960912
0.960912
0.960912
0.960912
0.960912
0.960973
0.960973
0.960973
0.961034
0.960973
0.960973
0.960973
0.960912
0.960912
0.960912
0.960851
0.960912
0.960851
0.960912
0.960851
0.960912
0.960912
0.960973
0.960912
0.960973
0.960973
0.960973
0.960912
0.960973
0.960973
0.960912
0.960912
0.960912
0.960912
0.960912
0.960912
0.960912
0.960912
0.960851
0.960912
0.960851
0.960912
0.960912
0.960851
0.960912
0.960912
0.960912
0.960912
0.960912
0.960912
0.960912
0.960912
0.960912
0.960912
0.960912
0.960912
0.960912
0.960912
0.960912
0.960912
0.960973
0.960912
0.960973
0.960912
0.960973
0.960973
0.961034
0.960973
0.961034
0.960973
0.961034
0.960973
0.960973
0.960973
0.960973
0.960973
0.960973
0.960973
0.960912
0.960973
0.960912
0.960912
0.967966
0.974655
0.981283
0.988033
0.994661
1.001350
1.008039
1.014728
1.021357
1.028107
1.034735
1.041424
1.047991
1.054619
1.061187
1.067815
1.074443
1.081071
1.087639
1.094328
1.100956
1.107584
1.114152
1.120841
1.127408
1.134036
1.140665
1.147293
1.153921
1.160489
1.160002
1.159941
1.159820
1.159698
1.159637
1.159576
1.159455
1.159394
1.159333
1.159151
1.159090
1.159029
1.159029
1.158968
1.158908
1.158908
1.158847
1.158786
1.158786
1.158725
1.158664
1.158664
1.159394
1.170948
1.179035
1.187062
1.195028
1.202994
1.210960
1.218987
1.226953
1.234980
1.243007
1.250973
1.258939
1.266905
1.274871
1.282837
1.290742
1.298708
1.306674
1.314580
1.322485
1.330451
1.338417
1.346322
1.354227
1.362254
1.370159
1.378065
1.386031
1.393936
1.401051
1.397280
1.397037
1.396915
1.396794
1.396611
1.396551
1.396368
1.396307
1.396125
1.396125
1.396064
1.396003
1.395943
1.395882
1.395821
1.395760
1.395760
1.395638
1.395638
1.395638
1.396125
1.389314
1.380010
1.370767
1.361464
1.352160
1.342917
1.333613
1.324370
1.315127
1.305945
1.296702
1.287459
1.278216
1.269033
1.259729
1.250547
1.241243
1.232061
1.222697
1.213454
1.206521
1.199893
1.190589
1.181346
1.172103
1.162860
1.153617
1.144374
1.135070
1.125280
1.122787
1.122848
1.122787
1.122787
1.122787
1.122787
1.122787
1.122787
1.122787
1.122787
1.122787
1.122787
1.122787
1.122787
1.122787
1.122787
1.122787
1.122787
1.122787
1.122787
1.121206
1.130631
1.134766
1.138840
1.142975
1.146989
1.151124
1.155198
1.159272
1.163347
1.167421
1.171495
1.175569
1.179583
1.183718
1.187731
1.191805
1.195880
1.199954
1.203967
1.208042
1.212055
1.216190
1.220203
1.224278
1.228291
1.232365
1.236318
1.240392
1.244406
1.247689
1.239662
1.239602
1.239541
1.239480
1.239480
1.239419
1.239358
1.239358
1.239237
1.239237
1.239176
1.239176
1.239115
1.239054
1.239054
1.238993
1.238933
1.238933
1.238872
1.238872
1.240575
1.238507
1.236500
1.234494
1.232487
1.230480
1.228534
1.226528
1.224521
1.222575
1.220568
1.218562
1.216555
1.214548
1.212541
1.210535
1.209683
1.208893
1.206886
1.204879
1.202873
1.200866
1.198920
1.196853
1.194846
1.192839
1.190832
1.188947
1.187001
1.184995
1.181225
1.181225
1.181164
1.181103
1.181285
1.183292
1.183292
1.183231
1.183231
1.183110
1.183049
1.182988
1.182988
1.182927
1.182927
1.182866
1.181711
1.180434
1.180434
1.180434
1.185238
1.187488
1.189738
1.192049
1.194299
1.196609
1.198859
1.200988
1.203298
1.205548
1.207859
1.210048
1.212359
1.214670
1.216737
1.216980
1.219230
1.221541
1.223730
1.226041
1.228352
1.230663
1.232913
1.235223
1.237473
1.239784
1.241973
1.244284
1.246595
1.248784
1.246169
1.246169
1.246108
1.246047
1.245987
1.245926
1.245865
1.245804
1.245683
1.245622
1.245561
1.245500
1.247203
1.247689
1.247628
1.247568
1.247507
1.247446
1.247446
1.247385
1.253040
1.253466
1.253892
1.254317
1.254682
1.255108
1.255534
1.255899
1.256324
1.256750
1.257175
1.257601
1.258027
1.258452
1.258878
1.259304
1.259729
1.260155
1.260581
1.261006
1.261432
1.261858
1.260520
1.260398
1.260824
1.261250
1.261675
1.262040
1.262466
1.262892
1.257601
1.257540
1.257480
1.257358
1.257358
1.257297
1.257236
1.257236
1.257115
1.257115
1.257115
1.256993
1.256932
1.256932
1.256871
1.256811
1.256750
1.256750
1.256689
1.256628
1.257905
1.255594
1.253223
1.250791
1.248358
1.245926
1.243493
1.241122
1.238689
1.236257
1.233825
1.231392
1.228960
1.226528
1.224095
1.221663
1.219230
1.216798
1.214366
1.211873
1.209440
1.207008
1.204636
1.202143
1.199711
1.197339
1.194907
1.192413
1.190042
1.187610
1.183900
1.183779
1.183657
1.183657
1.183596
1.183596
1.183535
1.183475
1.183475
1.183414
1.183414
1.183353
1.183292
1.183292
1.183292
1.183353
1.185603
1.185542
1.188278
1.190650
1.196001
1.195940
1.195880
1.197157
1.195880
1.193386
1.190954
1.188522
1.185968
1.183535
1.181042
1.178610
1.176177
1.173684
1.171313
1.168819
1.166874
1.165414
1.162921
1.160428
1.157935
1.155502
1.153070
1.150698
1.148205
1.146502
1.141820
1.139388
1.134219
1.129476
1.121631
1.119260
1.116827
1.113118
1.111963
1.111963
1.111963
1.111963
1.112023
1.112084
1.112145
1.112206
1.112206
1.112267
1.112267
1.112388
1.111963
1.111537
1.114091
1.117679
1.125706
1.128868
1.130692
1.131118
1.131665
1.131361
1.132577
1.134766
1.136165
1.136651
1.137685
1.139631
1.140178
1.140665
1.141273
1.141759
1.142367
1.142975
1.143644
1.144313
1.144861
1.145529
1.146077
1.146928
1.147415
1.148023
1.148509
1.148570
1.146746
1.143827
1.136955
1.134341
1.133185
1.133550
1.133550
1.133611
1.132942
1.131300
1.130510
1.130510
1.130084
1.128928
1.128928
1.129050
1.128989
1.129111
1.129111
1.129050
1.139753
1.143280
1.146563
1.150090
1.153435
1.156354
1.159698
1.162860
1.166265
1.169549
1.172711
1.175995
1.178731
1.182076
1.185299
1.182866
1.177394
1.171799
1.166326
1.160853
1.155320
1.149847
1.144252
1.138536
1.133064
1.127469
1.121996
1.116402
1.110868
1.105334
1.089038
1.079855
1.070977
1.061795
1.052917
1.044160
1.035282
1.026465
1.017586
1.008708
0.999830
0.991013
0.982195
0.973865
0.965047
0.961703
0.961703
0.962615
0.963831
0.963831
0.963770
0.966263
0.966263
0.966263
0.966203
0.966263
0.966263
0.966263
0.966263
0.966263
0.966263
0.966203
0.966263
0.966263
0.966263
0.966263
0.966324
0.966263
0.966263
0.966263
0.966324
0.966263
0.966263
0.965716
0.965716
0.965655
0.965655
0.964804
0.963527
0.963527
0.963527
0.961034
0.961095
0.961095
0.961095
0.961095
0.961034
0.961095
0.961034
0.961095
0.961034
0.961095
0.961034
0.961034
0.961095
0.961034
0.961034
0.961034
0.961034
0.961034
0.961034
0.961095
0.961034
0.961034
0.961034
0.961095
0.961034
0.961034
0.961034
0.961034
0.961034
0.961034
0.961034
0.960973
0.960973
0.960973
0.960973
0.960912
0.960973
0.960912
0.960973
0.960973
0.961034
0.960973
0.960973
0.960973
0.960912
0.960973
0.960973
0.960973
0.960973
0.960912
0.960973
0.960973
0.960973
0.960912
0.960973
0.960973
0.960973
0.962554
0.963527
0.963466
0.963466
0.963527
0.963527
0.963527
0.963588
0.966020
0.965959
0.965959
0.965959
0.965899
0.965899
0.965959
0.965899
0.965959
0.965959
0.965959
0.965959
0.965959
0.965959
0.965959
0.965959
0.966020
0.965959
0.966020
0.965959
0.965959
0.966020
0.964378
0.963466
0.963466
0.963466
0.963405
0.963466
0.963466
0.963405
0.961034
0.961095
0.961095
0.961095
0.961095
0.961095
0.961034
0.961095
0.961095
0.961095
0.961095
0.961034
0.961095
0.961034
0.961095
0.961034
0.961034
0.961034
0.961034
0.961034
0.961034
0.961034
0.961095
0.961034
0.961095
0.961034
0.961095
0.961034
0.961034
0.961034
0.961034
0.960973
0.961034
0.960973
0.961034
0.960973
0.961034
0.960973
0.960973
0.960973
0.960973
0.960973
0.960973
0.961034
0.960973
0.961034
0.961034
0.961034
0.961034
0.961095
0.961034
0.961034
0.961034
0.961095
0.961034
0.961095
0.961155
0.961155
0.961155
0.961155
0.961155
0.961216
0.961155
0.961216
0.961216
0.961216
0.961155
0.961216
0.961216
0.961216
0.961155
0.961216
0.961155
0.961155
0.961155
0.961155
0.961095
0.961155
0.961095
0.961034
0.961095
0.961095
0.961034
0.961034
0.961034
0.961034
0.960912
0.960973
0.960973
0.960973
0.960912
0.960851
0.960912
0.960851
0.960851
0.960851
0.960851
0.960851
0.960791
0.960851
0.960851
0.960791
0.960851
0.960791
0.960851
0.960791
0.960791
0.960791
0.960791
0.960851
0.960791
0.960730
0.960791
0.960730
0.960791
0.960791
0.960791
0.960791
0.960730
0.960791
0.960851
0.960851
0.960791
0.960851
0.960851
0.960851
0.960912
0.960851
0.960912
0.960851
0.960912
0.960973
0.960912
0.960912
0.960912
0.960973
0.960973
0.960973
0.961034
0.961034
0.961095
0.961095
0.961095
0.961095
0.963527
0.963527
0.963527
0.963527
0.963527
0.963527
0.963466
0.963527
0.963588
0.963527
0.963527
0.963527
0.963527
0.963527
0.963527
0.963527
0.963527
0.963466
0.963527
0.963527
0.963527
0.963466
0.963527
0.963466
0.963405
0.963405
0.963345
0.963405
0.963345
0.963405
0.960912
0.961399
0.961399
0.961399
0.961459
0.961399
0.961399
0.961399
0.961338
0.961399
0.961338
0.961399
0.961338
0.961399
0.961338
0.961399
0.961399
0.961399
0.961399
0.961399
0.961399
0.961459
0.961399
0.961459
0.961459
0.961399
0.961459
0.961399
0.961459
0.961399
0.961459
0.960973
0.960973
0.960973
0.960912
0.960973
0.960973
0.960973
0.960973
0.960973
0.960973
0.960973
0.960973
0.960973
0.960973
0.960912
0.960912
0.960912
0.960912
0.960912
0.960912
0.960851
0.960912
0.960851
0.960851
0.960912
0.960851
0.960912
0.960851
0.960851
0.960851
0.960851
0.960851
0.960851
0.960851
0.960851
0.960851
0.960791
0.960851
0.960791
0.960851
0.960791
0.960851
0.960851
0.960851
0.960912
0.960851
0.960912
0.960851
0.960912
0.960912
0.960912
0.960851
0.960851
0.960912
0.960912
0.960912
0.960912
0.960912
0.960973
0.960912
0.960851
0.960912
0.960912
0.960912
0.960851
0.960912
0.960912
0.960912
0.960912
0.961703
0.963588
0.963527
0.963527
0.963527
0.963527
0.963588
0.963527
0.963709
0.963709
0.963709
0.963770
0.967115
0.967176
0.967176
0.967115
0.967176
0.967115
0.967115
0.967115
0.967115
0.967176
0.967176
0.967176
0.967176
0.967236
0.967236
0.967236
0.967236
0.967297
0.966446
0.964622
0.964682
0.964622
0.964682
0.964682
0.964682
0.964682
0.964561
0.964561
0.964500
0.964500
0.961155
0.961155
0.961155
0.961216
0.961155
0.961216
0.961216
0.961216
0.961216
0.961216
0.961216
0.961155
0.961216
0.961216
0.961155
0.961216
0.961216
0.961216
0.961216
0.961216
0.961216
0.961216
0.961155
0.961155
0.961095
0.961155
0.961095
0.961095
0.961095
0.961095
0.961155
0.961095
0.961338
0.961277
0.961338
0.961277
0.961338
0.961338
0.961399
0.961338
0.961338
0.961399
0.961338
0.961581
0.961581
0.961581
0.961581
0.961520
0.961581
0.961520
0.961520
0.961581
0.961581
0.961520
0.961581
0.961581
0.961581
0.961581
0.961581
0.961581
0.961520
0.962068
0.962372
0.963405
0.964317
0.964317
0.964378
0.965716
0.968331
0.968513
0.969730
0.969730
0.969730
0.969486
0.971858
0.972040
0.972040
0.972101
0.972040
0.972101
0.972101
0.972040
0.972101
0.972101
0.972101
0.972101
0.972162
0.972101
0.972162
0.972101
0.972162
0.971675
0.971128
0.970094
0.969182
0.969243
0.969121
0.967723
0.965108
0.964986
0.963770
0.963709
0.963770
0.963770
0.961399
0.961216
0.961216
0.961155
0.961216
0.961155
0.961155
0.961216
0.961155
0.961155
0.961155
0.961155
0.961095
0.961155
0.961155
0.961216
0.961155
0.961155
0.961095
0.961155
0.961095
0.961095
0.961095
0.961155
0.961155
0.961095
0.961155
0.961155
0.961095
0.961095
0.961095
0.961095
0.961034
0.961034
0.961034
0.961034
0.961034
0.960973
0.961034
0.961095
0.961034
0.961034
0.961034
0.961034
0.961034
0.960973
0.961034
0.961034
0.961034
0.961034
0.961095
0.961034
0.961095
0.961034
0.961034
0.961095
0.960973
0.961034
0.961034
0.961034
0.961095
0.961034
0.961095
0.961155
0.961095
0.961155
0.961095
0.961155
0.961095
0.961095
0.961095
0.961095
0.961095
0.961095
0.961034
0.961095
0.961095
0.961034
0.961034
0.961034
0.961034
0.961034
0.961034
0.961034
0.961034
0.960973
0.961034
0.960973
0.961034
0.960973
0.960973
0.961034
0.960973
0.960973
0.960973
0.960912
0.960973
0.960973
0.960973
0.960973
0.960973
0.960973
0.960973
0.960973
0.960973
0.960973
0.960973
0.960973
0.960973
0.960973
0.960973
0.961459
0.961459
0.961459
0.961581
0.962128
0.962128
0.962128
0.962250
0.962311
0.964743
0.964682
0.964743
0.964926
0.966385
0.968209
0.968209
0.968574
0.968574
0.968574
0.968635
0.968696
0.968696
0.968757
0.968757
0.968757
0.968757
0.968757
0.968817
0.968757
0.968757
0.968270
0.968270
0.968331
0.968148
0.967662
0.967662
0.967966
0.967844
0.967844
0.965351
0.965412
0.965351
0.965169
0.963709
0.961946
0.961885
0.961459
0.961520
0.961520
0.961459
0.961399
0.961399
0.961338
0.961338
0.961338
0.961277
0.961338
0.961277
0.961338
0.961338
0.961338
0.961338
0.961277
0.961338
0.961277
0.961216
0.960912
0.960851
0.960851
0.960912
0.960851
0.960912
0.960912
0.960912
0.960912
0.960973
0.960973
0.960973
0.960912
0.961216
0.961155
0.961216
0.961216
0.961216
0.961216
0.961216
0.961216
0.961216
0.961155
0.961155
0.961216
0.961155
0.961216
0.961155
0.962007
0.964865
0.964926
0.964986
0.964926
0.964926
0.964926
0.964926
0.964926
0.964986
0.964926
0.964865
0.964865
0.964865
0.964926
0.964622
0.964622
0.964561
0.964561
0.964561
0.964561
0.964561
0.964561
0.964622
0.964622
0.964622
0.964561
0.964622
0.964561
0.964622
0.963831
0.963466
0.964074
0.964135
0.964378
0.967723
0.967784
0.967784
0.967784
0.967784
0.969486
0.971493
0.973865
0.973865
0.974655
0.975506
0.978851
0.980979
0.981648
0.983351
0.985662
0.990466
0.996729
0.997519
0.999222
1.003357
1.008283
1.008769
1.009803
1.014181
1.015945
1.013512
1.013634
1.014607
1.014364
1.011019
1.011019
1.011202
1.011141
1.011141
1.009438
1.007492
1.005121
1.005060
1.004269
1.003418
1.000134
0.998006
0.997337
0.995634
0.993324
0.988520
0.982195
0.981405
0.979702
0.975567
0.970642
0.970155
0.969121
0.964743
0.962919
0.962919
0.962128
0.961095
0.961095
0.961034
0.961338
0.961459
0.961459
0.961399
0.961459
0.961459
0.962068
0.962128
0.962128
0.962128
0.962068
0.962128
0.962919
0.963953
0.963892
0.963892
0.963953
0.963892
0.963953
0.963953
0.964013
0.963953
0.963953
0.963953
0.964013
0.963953
0.963953
0.963953
0.963953
0.964013
0.963649
0.963284
0.963284
0.963345
0.963284
0.963284
0.962676
0.962615
0.962615
0.962615
0.962676
0.962615
0.961763
0.960791
0.960851
0.960851
0.960851
0.960912
0.960851
0.960851
0.960851
0.960851
0.960912
0.960851
0.960851
0.960851
0.960912
0.960851
0.960912
0.960851
0.960912
0.960912
0.960973
0.960912
0.964135
0.964135
0.964135
0.964257
0.964196
0.964257
0.964196
0.964257
0.964257
0.964257
0.964196
0.964257
0.964196
0.964135
0.964196
0.964196
0.964135
0.964196
0.964135
0.964196
0.964196
0.964257
0.964196
0.964257
0.964196
0.964257
0.964196
0.964257
0.964257
0.964257
0.961034
0.961034
0.961034
0.960973
0.960973
0.960912
0.960973
0.960912
0.960973
0.960912
0.960912
0.960912
0.960912
0.960973
0.960912
0.960912
0.960912
0.960912
0.960912
0.960912
0.960851
0.960851
0.960851
0.960851
0.960851
0.960851
0.960851
0.960791
0.960791
0.960791
0.960851
0.960791
0.960791
0.960730
0.960791
0.960851
0.960791
0.960791
0.960730
0.960730
0.960791
0.960791
0.960791
0.960730
0.960791
0.960730
0.960791
0.960730
0.960730
0.960730
0.960730
0.960730
0.960730
0.960669
0.960730
0.960669
0.960730
0.960730
0.960669
0.960669
0.960669
0.960669
0.960669
0.960730
0.960669
0.960608
0.960669
0.960669
0.960730
0.960730
0.960669
0.960608
0.960669
0.960669
0.960669
0.960669
0.960608
0.960608
0.960669
0.960608
0.960669
0.960608
0.960669
0.960669
0.960669
0.960669
0.960608
0.960608
0.960608
0.960608
0.960547
0.960608
0.960669
0.960608
0.960608
0.963162
0.963831
0.963831
0.963831
0.963831
0.963892
0.963892
0.963831
0.963831
0.963831
0.963892
0.963892
0.963953
0.963892
0.963953
0.963892
0.963953
0.963892
0.963953
0.963892
0.963892
0.963892
0.963892
0.963892
0.963953
0.963953
0.963953
0.963892
0.963892
0.963953
0.961399
0.960669
0.960730
0.960669
0.960669
0.960669
0.960669
0.960730
0.960730
0.960669
0.960608
0.960608
0.960608
0.960608
0.960608
0.960608
0.960547
0.960547
0.960547
0.960547
0.960547
0.960608
0.960608
0.960608
0.960547
0.960608
0.960547
0.960608
0.960608
0.960547
0.960608
0.960608
0.960608
0.960608
0.960608
0.960547
0.960608
0.960547
0.960547
0.960547
0.960608
0.960608
0.960547
0.960608
0.960547
0.960608
0.960608
0.960608
0.960547
0.960608
0.960608
0.960608
0.960608
0.960608
0.960608
0.960547
0.960608
0.960547
0.960608
0.960608
0.961338
0.963709
0.963649
0.963649
0.963649
0.963649
0.963588
0.963588
0.963649
0.963649
0.963649
0.963649
0.966142
0.967115
0.967115
0.967115
0.967115
0.967176
0.967176
0.967176
0.967176
0.967176
0.967176
0.967176
0.967176
0.967176
0.967115
0.967115
0.967054
0.967115
0.966324
0.964013
0.964013
0.964074
0.964074
0.964135
0.964135
0.964682
0.966628
0.966628
0.966567
0.966567
0.964135
0.963101
0.963162
0.963101
0.963162
0.963162
0.965777
0.965716
0.966446
0.973378
0.977452
0.981466
0.985418
0.989432
0.993384
0.997337
1.001290
1.003600
1.003600
1.003540
1.003540
1.003540
1.003540
1.003479
1.003540
1.002992
1.001594
1.003783
1.006945
1.007431
1.007371
1.007371
1.007310
1.010472
1.013756
1.019107
1.020566
1.024519
1.027742
1.024701
1.024580
1.024519
1.024519
1.022999
1.019046
1.015093
1.011141
1.008830
1.008830
1.008891
1.008952
1.009012
1.009012
1.009073
1.009012
1.009012
1.008404
1.006215
1.003053
1.002567
1.002567
1.002627
1.002627
0.999526
0.996182
0.990770
0.986756
0.982804
0.978912
0.974959
0.972527
0.971797
0.970398
0.970520
0.971432
0.972831
0.973986
0.973925
0.973925
0.976966
0.980918
0.985236
0.989249
0.993202
0.997398
1.000742
1.003114
1.004391
1.004452
1.004452
1.004452
1.004695
1.004999
1.009195
1.013208
1.017161
1.021053
1.025005
1.025066
1.025127
1.023607
1.020445
1.018073
1.018438
1.020992
1.022330
1.023728
1.024276
1.024276
1.021235
1.017951
1.013634
1.009620
1.005607
1.001533
0.998249
0.996242
0.996242
0.996182
0.996182
0.996182
0.995938
0.995999
0.991743
0.987972
0.984020
0.980250
0.976297
0.976419
0.976479
0.976479
0.976662
0.976723
0.973743
0.970581
0.968088
0.966020
0.965473
0.965534
0.965534
0.966142
0.966081
0.966081
0.966081
0.966020
0.965959
0.966507
0.966446
0.968148
0.969121
0.969121
0.971432
0.971371
0.971432
0.971189
0.971250
0.971067
0.971250
0.971189
0.971128
0.971128
0.970946
0.970702
0.970702
0.970459
0.970216
0.969790
0.969851
0.969851
0.969790
0.968513
0.968453
0.968513
0.968513
0.968513
0.968513
0.967662
0.966446
0.964804
0.963892
0.963892
0.961581
0.961338
0.961277
0.961338
0.961338
0.961338
0.961216
0.961034
0.961034
0.961034
0.961034
0.962554
0.962919
0.963040
0.964013
0.964257
0.965290
0.967844
0.968513
0.968817
0.973560
0.975324
0.977087
0.982013
0.982074
0.982074
0.982074
0.982074
0.982013
0.982013
0.982013
0.981952
0.982013
0.982013
0.981952
0.982013
0.981952
0.982013
0.981952
0.982013
0.982013
0.980493
0.980189
0.980006
0.979094
0.978790
0.977756
0.975202
0.974533
0.974229
0.969486
0.967723
0.965959
0.961034
0.960973
0.960973
0.960973
0.960973
0.960973
0.961034
0.960973
0.961034
0.960973
0.960973
0.960973
0.960973
0.960973
0.960973
0.960973
0.960973
0.960912
0.960973
0.960973
0.960973
0.960973
0.960973
0.960973
0.960912
0.960973
0.960912
0.960973
0.960912
0.960912
0.960912
0.960912
0.960912
0.960912
0.960912
0.960912
0.960912
0.960973
0.960912
0.960973
0.960912
0.960912
0.960912
0.960973
0.960912
0.960912
0.960912
0.960973
0.960912
0.960851
0.960912
0.960851
0.960912
0.960851
0.960912
0.960851
0.960912
0.960851
0.960851
0.960851
0.960851
0.960851
0.960851
0.960851
0.960851
0.960912
0.960851
0.960791
0.965473
0.965412
0.965473
0.965473
0.965473
0.965473
0.965473
0.965473
0.965473
0.965473
0.965473
0.965473
0.965473
0.965534
0.965473
0.965534
0.965473
0.965534
0.965534
0.965534
0.965594
0.965594
0.965594
0.965655
0.965594
0.965594
0.965594
0.965534
0.968574
0.968635
0.963953
0.964013
0.964013
0.964013
0.964013
0.966932
0.969304
0.969851
0.969790
0.969973
0.970642
0.976236
0.979155
0.982317
0.984263
0.984324
0.984871
0.985905
0.987851
0.989675
0.991925
0.993688
0.993628
0.993628
0.993628
0.993628
0.993628
0.993871
0.991986
0.991925
0.991925
0.991925
0.991864
0.991925
0.993202
0.990770
0.990040
0.991986
0.993445
0.993445
0.995938
0.992776
0.992533
0.990283
0.988337
0.988276
0.987729
0.986635
0.984689
0.982864
0.980614
0.978851
0.978851
0.978851
0.978851
0.978912
0.978851
0.978668
0.977574
0.977574
0.977635
0.977635
0.977635
0.977574
0.976540
0.976054
0.974412
0.975324
0.976783
0.980250
0.980006
0.978486
0.975810
0.975506
0.975567
0.975567
0.978182
0.978243
0.978243
0.983108
0.987182
0.990161
0.992715
0.992655
0.992715
0.992776
0.992837
0.992776
0.992776
0.995026
0.999283
1.003053
1.005850
1.006458
1.006702
1.007006
1.007006
1.003661
1.000742
0.997094
0.995878
0.998067
1.001046
1.000560
1.000681
1.000681
0.998249
0.998553
0.998553
0.993749
0.989614
0.986635
0.984141
0.984141
0.984141
0.984020
0.984020
0.987303
0.989979
0.991013
0.986756
0.983351
0.980614
0.980432
0.980250
0.980614
0.983655
0.983776
0.984324
0.984263
0.982621
0.979581
0.976540
0.976419
0.976236
0.976236
0.976114
0.975871
0.975810
0.975810
0.978243
0.978973
0.978912
0.978973
0.978973
0.979277
0.981709
0.978486
0.975810
0.972527
0.972466
0.972101
0.972040
0.971675
0.971311
0.970642
0.967662
0.967480
0.966993
0.967054
0.967419
0.969790
0.970885
0.970885
0.970885
0.970885
0.971189
0.972466
0.973560
0.974716
0.972283
0.971736
0.973743
0.973743
0.973682
0.973378
0.972101
0.973439
0.973439
0.974412
0.974473
0.974412
0.974412
0.974412
0.974412
0.974716
0.976236
0.976297
0.976540
0.976479
0.976114
0.973682
0.972648
0.972648
0.972648
0.972648
0.972283
0.970946
0.969851
0.968696
0.968757
0.968574
0.966567
0.966567
0.966628
0.966628
0.965473
0.964135
0.964074
0.963101
0.963101
0.963101
0.966020
0.966385
0.966385
0.966507
0.969000
0.969000
0.968757
0.968817
0.968757
0.969486
0.969425
0.969425
0.969425
0.969425
0.969730
0.970155
0.970216
0.970155
0.970094
0.972648
0.974047
0.975324
0.975324
0.975324
0.975324
0.975263
0.975324
0.975385
0.975324
0.975385
0.972466
0.972101
0.972162
0.971675
0.967662
0.967601
0.967601
0.967540
0.967601
0.966932
0.966932
0.966932
0.966993
0.966932
0.966689
0.966203
0.966203
0.966263
0.966263
0.963770
0.962372
0.961095
0.961034
0.961095
0.961155
0.964500
0.964439
0.964439
0.964439
0.964439
0.964500
0.964500
0.964500
0.964500
0.964439
0.964439
0.964439
0.964500
0.964439
0.964439
0.964439
0.964439
0.967905
0.967905
0.967905
0.967905
0.967905
0.967905
0.967966
0.967905
0.967966
0.967905
0.967966
0.968209
0.968331
0.965230
0.965290
0.965412
0.965473
0.965473
0.967905
0.967844
0.971371
0.971858
0.971919
0.971979
0.971919
0.971919
0.971919
0.971919
0.971979
0.971919
0.968453
0.968453
0.968453
0.968513
0.968453
0.968453
0.968513
0.968513
0.968453
0.968513
0.968696
0.968696
0.968453
0.969730
0.972040
0.971919
0.971858
0.971858
0.969425
0.969486
0.965899
0.965473
0.965412
0.965412
0.965473
0.965473
0.965473
0.965473
0.965473
0.965534
0.965473
0.965534
0.965534
0.965534
0.965534
0.965594
0.965473
0.965534
0.965594
0.965594
0.965351
0.965108
0.965169
0.963709
0.961338
0.961338
0.961399
0.961399
0.961399
0.961338
0.961399
0.961338
0.961399
0.961399
0.961399
0.961338
0.964074
0.964074
0.964074
0.964196
0.964196
0.964196
0.964196
0.964196
0.964257
0.964135
0.964196
0.964196
0.964196
0.964196
0.964257
0.964257
0.964196
0.964439
0.968392
0.971675
0.972223
0.976054
0.976054
0.978668
0.978668
0.982135
0.982135
0.982074
0.982074
0.982135
0.979459
0.979520
0.979520
0.979398
0.979824
0.980067
0.980067
0.981831
0.982439
0.982499
0.983412
0.983533
0.983472
0.983472
0.983412
0.983776
0.983837
0.983533
0.979763
0.976479
0.975932
0.972040
0.972040
0.969486
0.969486
0.966020
0.966020
0.966081
0.966081
0.966081
0.968939
0.968878
0.968817
0.968817
0.968453
0.968209
0.968148
0.966385
0.965777
0.965777
0.964865
0.964682
0.964743
0.964743
0.964804
0.964439
0.964439
0.964500
0.964317
0.964317
0.964317
0.964378
0.964378
0.964317
0.964317
0.964378
0.964743
0.964743
0.964743
0.964743
0.962068
0.962068
0.962068
0.962068
0.962068
0.962068
0.962128
0.962128
0.962068
0.962068
0.962068
0.962128
0.962128
0.962068
0.962068
0.962676
0.962676
0.962676
0.962736
0.962676
0.962736
0.962980
0.962919
0.962980
0.965412
0.965473
0.965047
0.965047
0.965047
0.965047
0.964865
0.964804
0.964865
0.964865
0.964865
0.964865
0.964865
0.964865
0.964926
0.964926
0.964865
0.964865
0.964865
0.964926
0.964926
0.964317
0.964317
0.964317
0.964317
0.964317
0.964257
0.964013
0.964074
0.964074
0.961642
0.961581
0.961642
0.961642
0.961581
0.961581
0.961581
0.961642
0.961642
0.961642
0.961581
0.961581
0.961581
0.961581
0.961520
0.961520
0.961581
0.961520
0.961520
0.961520
0.961520
0.961459
0.961459
0.961459
0.961399
0.961459
0.961459
0.961459
0.961399
0.961399
0.961399
0.961399
0.961399
0.961338
0.961399
0.961399
0.961338
0.961338
0.961277
0.961277
0.961338
0.961338
0.961277
0.961277
0.961338
0.961338
0.961277
0.961338
0.961338
0.961338
0.961277
0.961399
0.961399
0.961399
0.961399
0.961399
0.961399
0.961338
0.961399
0.961338
0.961338
0.961338
0.961277
0.961338
0.961338
0.961277
0.961338
0.961338
0.961338
0.961338
0.961338
0.961277
0.961338
0.961338
0.961277
0.961277
0.961338
0.961338
0.961277
0.962919
0.964926
0.966324
0.966324
0.966324
0.966324
0.966324
0.966324
0.966385
0.966324
0.966385
0.966324
0.966324
0.966385
0.966324
0.966324
0.966385
0.966385
0.966324
0.966385
0.966385
0.966385
0.966385
0.966385
0.966385
0.966385
0.966385
0.966385
0.966324
0.966385
0.964682
0.962736
0.961277
0.961216
0.961216
0.961216
0.961216
0.961155
0.961155
0.961216
0.961155
0.961216
0.961155
0.961155
0.961155
0.963588
0.963588
0.963588
0.963588
0.963527
0.963466
0.963466
0.963527
0.963466
0.963466
0.963527
0.963466
0.963466
0.963466
0.963466
0.963466
0.963466
0.963466
0.963466
0.963466
0.963527
0.963466
0.963527
0.963466
0.963466
0.963527
0.963466
0.963527
0.963527
0.963831
0.962068
0.962858
0.962858
0.962919
0.962919
0.962980
0.962919
0.962919
0.965169
0.965412
0.965351
0.965351
0.965351
0.965351
0.965351
0.965351
0.965290
0.965290
0.965351
0.965290
0.965534
0.965655
0.965594
0.965655
0.967905
0.971006
0.972040
0.973865
0.974716
0.974473
0.973743
0.972892
0.972892
0.972892
0.972892
0.972831
0.972892
0.972831
0.970642
0.970338
0.970338
0.970398
0.970398
0.970398
0.970338
0.970398
0.970459
0.970459
0.970398
0.970459
0.970155
0.970094
0.970094
0.970094
0.967784
0.964622
0.963649
0.961763
0.960912
0.960851
0.960851
0.960912
0.960851
0.960851
0.960851
0.960912
0.960851
0.960912
0.960851
0.960912
0.960973
0.960912
0.960851
0.960912
0.960912
0.960912
0.960851
0.960791
0.960851
0.960791
0.960851
0.960791
0.960851
0.960791
0.960851
0.960851
0.960851
0.960851
0.960851
0.960851
0.960851
0.960851
0.960851
0.960851
0.960851
0.960851
0.960851
0.960851
0.960851
0.960791
0.960791
0.960791
0.960851
0.960851
0.960912
0.960851
0.960851
0.960912
0.960912
0.960912
0.960851
0.960912
0.960851
0.960912
0.960851
0.960851
0.960851
0.960851
0.960851
0.960851
0.960851
0.960791
0.960851
0.960851
0.960851
0.960791
0.960851
0.960791
0.960851
0.960851
0.960791
0.960791
0.960791
0.960730
0.960730
0.960730
0.960730
0.960730
0.960730
0.960755
0.960782
0.960743
0.960772
0.960730
0.960760
0.960793
0.960746
0.960782
0.960730
0.960768
0.960811
0.960858
0.960798
