0.960000
0.960000
0.960000
0.960000
0.960000
0.960000
0.960000
0.960000
0.960000
0.960000
0.960000
0.960000
0.960000
0.960000
0.960000
0.960000
0.960000
0.960000
0.960000
0.960000
0.960000
0.960000
0.960000
0.960000
0.960000
0.960000
0.960000
0.960000
0.960000
0.960000
0.960000
0.960000
0.960000
0.960000
0.960000
0.960000
0.960000
0.960000
0.960000
0.960000
0.960000
0.960000
0.960000
0.960000
0.960000
0.960000
0.960000
0.960000
0.960000
0.960000
0.960000
0.960000
0.960000
0.960000
0.960000
0.960000
0.960000
0.960000
0.960000
0.960000
0.960000
0.960000
0.960000
0.960000
0.960000
0.960000
0.960000
0.960000
0.960000
0.960000
0.960000
0.960000
0.960000
0.960000
0.960000
0.960000
0.960000
0.960000
0.960000
0.960000
0.960000
0.960000
0.960000
0.960000
0.960000
0.960000
0.960000
0.960000
0.960000
0.960000
0.960000
0.960000
0.960000
0.960000
0.960000
0.960000
0.960000
0.960000
0.960000
0.960000
0.960000
0.960000
0.960000
0.960000
0.960000
0.960000
0.960000
0.960000
0.960000
0.960000
0.960000
0.960000
0.960000
0.960000
0.960000
0.960000
0.960000
0.960000
0.960000
0.960000
0.960000
0.960000
0.960000
0.960000
0.960000
0.960000
0.960000
0.960000
0.960000
0.960000
0.960000
0.960000
0.960000
0.960000
0.960000
0.960000
0.960000
0.960000
0.960000
0.960000
0.960000
0.960000
0.960000
0.960000
0.960000
0.960000
0.960000
0.960000
0.960000
0.960000
0.960000
0.960000
0.960000
0.960000
0.960000
0.960000
0.960000
0.960000
0.960000
0.960000
0.960000
0.960000
0.960000
0.960000
0.960000
0.960000
0.960000
0.960000
0.960000
0.961283
0.961283
0.961283
0.961283
0.961283
0.961283
0.961283
0.961283
0.961283
0.961283
0.961283
0.961283
0.961283
0.961283
0.961283
0.961283
0.961283
0.961283
0.961283
0.961283
0.961283
0.961283
0.961283
0.961283
0.961283
0.961283
0.961283
0.961283
0.961283
0.961283
0.960000
0.960000
0.960000
0.960000
0.960000
0.960000
0.960000
0.960000
0.960000
0.960000
0.960000
0.965947
0.969329
0.972711
0.976093
0.979475
0.982857
0.986122
0.989504
0.992886
0.996268
0.999649
1.003031
1.006413
1.009678
1.013060
1.016442
1.019824
1.023206
1.026588
1.029970
1.033235
1.036617
1.039999
1.043380
1.046762
1.050144
1.053526
1.056791
1.060173
1.063555
1.060990
1.060990
1.060873
1.060873
1.060873
1.060873
1.060990
1.060873
1.060873
1.060873
1.060873
1.060756
1.060756
1.060873
1.060873
1.060873
1.060873
1.060873
1.060873
1.060756
1.060873
1.060873
1.060756
1.060756
1.060756
1.060640
1.060640
1.060756
1.060640
1.059473
1.056092
1.052710
1.049445
1.046063
1.042681
1.039299
1.035917
1.032652
1.029270
1.025888
1.022506
1.019241
1.015859
1.012477
1.009095
1.005713
1.002332
0.998950
0.995568
0.992303
0.988921
0.985539
0.982274
0.978892
0.975510
0.972245
0.968863
0.965481
0.962216
0.960000
0.960000
0.960000
0.960000
0.960000
0.960000
0.960000
0.960000
0.960000
0.960000
0.960000
0.960000
0.960000
0.960000
0.960000
0.960000
0.960000
0.960000
0.960000
0.960000
0.960000
0.960000
0.960000
0.960000
0.960000
0.960000
0.960000
0.960000
0.960000
0.960000
0.960000
0.960000
0.960000
0.960000
0.960000
0.960000
0.960000
0.960000
0.960000
0.960000
0.960000
0.960000
0.960000
0.960000
0.960000
0.960000
0.960000
0.960000
0.960000
0.960000
0.960000
0.960000
0.960000
0.960000
0.960000
0.960000
0.960000
0.960000
0.960000
0.960000
0.960000
0.960000
0.960000
0.960000
0.960000
0.960000
0.960000
0.960000
0.960000
0.960000
0.960000
0.960000
0.960000
0.960000
0.960000
0.960000
0.960000
0.960000
0.960000
0.960000
0.960000
0.960000
0.960000
0.960000
0.960000
0.960000
0.960000
0.960000
0.960000
0.960000
0.960000
0.960000
0.960000
0.960000
0.960000
0.960000
0.960000
0.960000
0.960000
0.960000
0.960000
0.960000
0.960000
0.960000
0.960000
0.960000
0.960000
0.960000
0.960000
0.960000
0.960000
0.960000
0.960000
0.960000
0.960000
0.960000
0.960000
0.960000
0.960000
0.960000
0.960000
0.960000
0.960000
0.960000
0.960000
0.960000
0.960000
0.960000
0.960000
0.960000
0.960000
0.960000
0.960000
0.960000
0.960000
0.960000
0.960000
0.960000
0.960000
0.960000
0.960000
0.960000
0.960000
0.960000
0.960000
0.960000
0.960000
0.962682
0.967580
0.972245
0.976909
0.981574
0.986239
0.990903
0.995451
1.000116
1.004781
1.009445
1.013993
1.017258
1.022739
1.029037
1.033818
1.038599
1.043380
1.048162
1.051077
1.051077
1.051077
1.051777
1.053060
1.054226
1.055392
1.056441
1.056558
1.056558
1.056558
1.053876
1.050144
1.053759
1.049328
1.044663
1.039999
1.035334
1.031136
1.026588
1.021923
1.017492
1.013410
1.010611
1.005130
0.998833
0.994052
0.989271
0.984489
0.979708
0.976793
0.976793
0.976793
0.980641
0.981574
0.986122
0.985072
0.984023
0.983906
0.983906
0.983906
0.984373
0.983207
0.974927
0.974694
0.975043
0.976443
0.976443
0.977376
0.977492
0.977492
0.977259
0.976793
0.976326
0.976326
0.976326
0.976326
0.976326
0.976326
0.976559
0.980408
0.985072
0.985072
0.980524
0.978309
0.972595
0.972478
0.972478
0.972478
0.972478
0.972478
0.972011
0.972011
0.972011
0.972011
0.971662
0.970262
0.970262
0.968979
0.968863
0.969096
0.969096
0.969096
0.969096
0.969096
0.969096
0.969096
0.969096
0.969096
0.968863
0.965014
0.960350
0.960350
0.960350
0.960350
0.960350
0.960350
0.960350
0.960350
0.960350
0.960350
0.960350
0.960350
0.960350
0.960350
0.960350
0.960350
0.960350
0.960350
0.960233
0.960000
0.960000
0.960000
0.960000
0.960000
0.960000
0.960000
0.960000
0.960000
0.960000
0.960000
0.960000
0.960000
0.960000
0.960000
0.960000
0.960000
0.960000
0.960000
0.960000
0.960000
0.960000
0.960000
0.960000
0.960000
0.960000
0.960000
0.960000
0.960000
0.960000
0.960000
0.960000
0.960000
0.960000
0.960000
0.960000
0.960000
0.960000
0.960000
0.960000
0.960000
0.960000
0.960000
0.960000
0.960000
0.960000
0.960000
0.960000
0.960000
0.960000
0.960000
0.960000
0.960000
0.960000
0.960000
0.960000
0.960000
0.960000
0.960000
0.960000
0.960000
0.960000
0.960000
0.960000
0.960000
0.960000
0.960000
0.960000
0.960000
0.960000
0.960000
0.960000
0.960000
0.960000
0.960000
0.960000
0.960000
0.960000
0.960000
0.960000
0.960000
0.960000
0.960000
0.960000
0.960000
0.960000
0.960000
0.960000
0.960000
0.960000
0.960000
0.960000
0.960000
0.960000
0.960000
0.960000
0.960117
0.960117
0.960117
0.960117
0.960117
0.960117
0.960117
0.960117
0.960117
0.960117
0.960233
0.960350
0.960466
0.960466
0.960466
0.960466
0.960466
0.960583
0.960933
0.969912
0.971195
0.971195
0.971195
0.971895
0.972011
0.972011
0.972011
0.972011
0.972011
0.972011
0.971895
0.971895
0.971895
0.971895
0.979591
0.979708
0.979708
0.979708
0.979708
0.979708
0.979591
0.979475
0.979358
0.979358
0.979358
0.979358
0.979358
0.979242
0.978892
0.970612
0.969329
0.969329
0.971428
0.978775
0.978659
0.978659
0.978659
0.978659
0.978659
0.978659
0.978659
0.978659
0.978659
0.978659
0.970962
0.970845
0.970845
0.970845
0.970845
0.970845
0.970845
0.971195
0.971195
0.971195
0.971195
0.971195
0.971312
0.971312
0.971312
0.970612
0.970612
0.970612
0.968513
0.960466
0.960466
0.965598
0.970962
0.970962
0.970962
0.970962
0.970962
0.970962
0.970962
0.970962
0.970962
0.970962
0.970962
0.970962
0.970962
0.970962
0.970962
0.970612
0.970612
0.970612
0.970612
0.970612
0.970495
0.970495
0.970495
0.970495
0.970495
0.978192
0.978542
0.978542
0.978542
0.973411
0.968047
0.968047
0.968047
0.968047
0.968047
0.968047
0.968047
0.968047
0.968047
0.968047
0.968047
0.968163
0.968163
0.968163
0.968163
0.968163
0.968163
0.968163
0.968163
0.968163
0.968163
0.968163
0.968163
0.968163
0.968163
0.960466
0.960117
0.960117
0.960117
0.960117
0.960117
0.960117
0.960117
0.960117
0.960117
0.960117
0.960117
0.960117
0.960233
0.960233
0.960233
0.960117
0.960117
0.960117
0.960233
0.960233
0.960233
0.960350
0.961283
0.961283
0.961283
0.961283
0.961283
0.961283
0.961283
0.961283
0.961283
0.961283
0.961283
0.961283
0.961283
0.961283
0.961283
0.961283
0.961283
0.961283
0.961283
0.961283
0.961166
0.961166
0.961166
0.961166
0.961166
0.961166
0.961050
0.961050
0.961050
0.960933
0.960000
0.960000
0.960000
0.960000
0.960000
0.960000
0.960000
0.960000
0.960000
0.960000
0.960000
0.960000
0.960000
0.960000
0.960000
0.962332
0.966297
0.966297
0.966297
0.966297
0.966297
0.966297
0.966297
0.966297
0.966297
0.966297
0.966297
0.966297
0.966297
0.966297
0.966297
0.966297
0.966414
0.966414
0.966414
0.966414
0.966414
0.966414
0.966414
0.966414
0.969679
0.976559
0.976559
0.984839
0.986822
0.984489
0.980524
0.980524
0.983906
0.986938
0.987172
0.987172
0.987521
0.990437
0.990437
0.990437
0.990437
0.990437
0.990437
0.990437
0.990437
0.990437
0.990320
0.990320
0.990320
0.990320
0.990320
0.990320
0.990320
0.990320
0.987055
0.980175
0.980175
0.971895
0.969912
0.969912
0.969912
0.969912
0.966530
0.963498
0.963265
0.963265
0.962915
0.960000
0.960000
0.960000
0.960000
0.960000
0.960000
0.960000
0.960000
0.960000
0.960000
0.960000
0.960000
0.960000
0.960000
0.960000
0.960000
0.960000
0.960000
0.960000
0.960000
0.960000
0.960000
0.960000
0.960000
0.960000
0.960000
0.960000
0.960000
0.960000
0.960000
0.960000
0.960000
0.960000
0.960000
0.960000
0.960000
0.960000
0.960000
0.960000
0.960000
0.960000
0.960000
0.960000
0.960000
0.960000
0.960000
0.960000
0.960000
0.960000
0.960000
0.960000
0.960000
0.960000
0.960000
0.960000
0.960000
0.960000
0.960000
0.960000
0.960000
0.960000
0.960000
0.960000
0.960000
0.960000
0.960000
0.960000
0.960000
0.960000
0.960000
0.960000
0.960000
0.960000
0.960000
0.960000
0.960000
0.960000
0.960000
0.960000
0.960000
0.960000
0.960000
0.960000
0.960000
0.960000
0.960000
0.960000
0.960000
0.960000
0.960000
0.960000
0.960000
0.960000
0.960000
0.960000
0.960000
0.960000
0.960000
0.960000
0.960000
0.960000
0.960000
0.960000
0.960000
0.960000
0.960000
0.960000
0.960000
0.960000
0.960000
0.960000
0.960000
0.960000
0.960000
0.960000
0.960000
0.960000
0.960000
0.960000
0.960000
0.960000
0.960000
0.960000
0.960000
0.960000
0.960000
0.960000
0.960000
0.960000
0.960000
0.960000
0.960000
0.960000
0.960000
0.960000
0.960000
0.960000
0.960000
0.960000
0.965014
0.970146
0.970146
0.970146
0.970146
0.970146
0.970146
0.970146
0.970146
0.970146
0.970146
0.970146
0.970146
0.970379
0.970379
0.970379
0.971195
0.971195
0.971195
0.971195
0.971195
0.971195
0.971195
0.971195
0.971195
0.971195
0.971195
0.971195
0.971195
0.971195
0.966181
0.961050
0.961050
0.961050
0.961050
0.961050
0.961050
0.961050
0.961283
0.961283
0.961283
0.961283
0.961283
0.961050
0.961050
0.961050
0.960233
0.960233
0.960233
0.960233
0.960233
0.960233
0.960233
0.960350
0.960700
0.960700
0.960700
0.960700
0.960700
0.960700
0.960700
0.960700
0.960700
0.960933
0.960933
0.961050
0.961050
0.961050
0.960933
0.961516
0.964198
0.964198
0.965481
0.967697
0.969912
0.972128
0.974344
0.976559
0.985072
0.985072
0.986588
0.989271
0.996734
0.997201
0.998133
0.999533
0.999649
0.999649
1.000816
1.003498
1.004081
1.004197
1.004314
1.004081
1.004197
1.004081
1.004081
1.004081
1.004081
1.003498
1.000932
1.000932
0.999649
0.997434
0.995218
0.993002
0.996151
0.994752
0.986239
0.986239
0.984723
0.982040
0.974577
0.973994
0.972711
0.971312
0.971195
0.971195
0.970029
0.967347
0.966764
0.967463
0.970029
0.975043
0.979941
0.984839
0.984839
0.985306
0.985189
0.985306
0.985189
0.985189
0.985189
0.985189
0.985189
0.985189
0.979941
0.988921
0.988921
0.989037
0.989271
0.990670
0.991253
0.992419
0.992536
0.992536
0.992536
0.992536
0.992536
0.992536
0.992536
0.991720
0.989037
0.984023
0.979008
0.974111
0.974111
0.973644
0.973644
0.973527
0.973527
0.973527
0.974577
0.974577
0.974577
0.974577
0.974460
0.964665
0.966181
0.966997
0.966764
0.965364
0.973411
0.974460
0.976909
0.978075
0.978192
0.978309
0.978309
0.978309
0.978309
0.978309
0.978309
0.978309
0.978309
0.978309
0.978309
0.978309
0.978309
0.978309
0.978309
0.978309
0.977259
0.977259
0.977259
0.977259
0.977259
0.977259
0.975743
0.974810
0.974810
0.974810
0.966181
0.963965
0.961399
0.960233
0.960117
0.960000
0.960000
0.960000
0.960000
0.960000
0.960000
0.960000
0.960000
0.960000
0.960000
0.960000
0.960000
0.960000
0.960000
0.960000
0.960000
0.960000
0.960000
0.960000
0.960000
0.960000
0.960000
0.960000
0.960000
0.960000
0.960000
0.960000
0.960000
0.960000
0.960000
0.960000
0.960000
0.960000
0.960000
0.960000
0.960000
0.960000
0.960000
0.960000
0.960000
0.960000
0.960000
0.960000
0.960000
0.960000
0.960000
0.960000
0.960000
0.960000
0.960000
0.960000
0.960000
0.960000
0.960000
0.960000
0.960000
0.960000
0.960000
0.960000
0.960000
0.960000
0.960000
0.960000
0.960000
0.960000
0.960000
0.960000
0.960000
0.960000
0.960000
0.960000
0.960000
0.960000
0.960000
0.960000
0.960000
0.960000
0.960000
0.960000
0.960000
0.960000
0.960000
0.960000
0.960000
0.960000
0.960000
0.960000
0.960000
0.960000
0.960000
0.960000
0.960000
0.960000
0.960000
0.960000
0.960000
0.960000
0.960000
0.960000
0.960000
0.960000
0.960000
0.960000
0.960000
0.960000
0.960000
0.960000
0.960000
0.960000
0.960000
0.960000
0.960000
0.960000
0.960000
0.960000
0.960000
0.960000
0.960000
0.960000
0.960000
0.960000
0.960000
0.960000
0.960000
0.960000
0.960000
0.960000
0.960000
0.960000
0.960000
0.960000
0.960000
0.960000
0.960000
0.960000
0.960000
0.960000
0.960000
0.960000
0.960000
0.960000
0.960000
0.960000
0.960000
0.960000
0.960000
0.960000
0.960000
0.960000
0.960000
0.960000
0.960000
0.960000
0.960000
0.960000
0.960000
0.960000
0.960000
0.960000
0.960000
0.960000
0.960000
0.960000
0.960000
0.960000
0.960000
0.960000
0.960000
0.960000
0.960000
0.960000
0.960000
0.960000
0.960000
0.960233
0.960233
0.960233
0.960233
0.960233
0.960233
0.960233
0.960233
0.960233
0.960233
0.960233
0.960233
0.960233
0.960233
0.960233
0.960233
0.960233
0.960233
0.960233
0.960233
0.960233
0.960233
0.960233
0.960233
0.960233
0.960233
0.960233
0.960233
0.960233
0.960233
0.960000
0.960000
0.960000
0.960000
0.960000
0.960000
0.960000
0.960000
0.960000
0.960000
0.960000
0.960000
0.960000
0.960000
0.960000
0.960000
0.960000
0.960000
0.960000
0.960000
0.960000
0.960000
0.960000
0.960000
0.960000
0.960000
0.960000
0.960000
0.960000
0.960000
0.960000
0.960000
0.960000
0.960000
0.960000
0.960000
0.960000
0.960000
0.960000
0.960000
0.960000
0.960000
0.960000
0.960000
0.960000
0.960000
0.960000
0.960000
0.960000
0.960000
0.960000
0.960000
0.960000
0.960000
0.960000
0.960000
0.960000
0.960000
0.960000
0.960000
0.960000
0.960000
0.960000
0.960000
0.960000
0.960000
0.960000
0.960000
0.960000
0.960000
0.960000
0.960000
0.960000
0.960000
0.960000
0.960000
0.960000
0.960000
0.960000
0.960000
0.960000
0.960000
0.960000
0.960000
0.960000
0.960000
0.960000
0.960000
0.960000
0.960000
0.960000
0.960000
0.960000
0.960000
0.960000
0.960000
0.960000
0.960000
0.960000
0.960000
0.960000
0.960000
0.960000
0.960000
0.960000
0.960000
0.960000
0.960000
0.960000
0.960000
0.960000
0.960000
0.960000
0.960000
0.960000
0.960000
0.960000
0.960000
0.960000
0.960000
0.960000
0.960000
0.960000
0.960000
0.960000
0.960000
0.960000
0.960000
0.960000
0.960000
0.960000
0.960000
0.960000
0.960000
0.960000
0.960000
0.960000
0.960000
0.960000
0.960000
0.960000
0.960000
0.960000
0.960000
0.960000
0.960000
0.960000
0.960000
0.960000
0.960000
0.960000
0.960000
0.965714
0.969213
0.972595
0.975976
0.979358
0.982740
0.986122
0.989504
0.992886
0.996268
0.999649
1.003031
1.006413
1.009795
1.013177
1.016442
1.019824
1.023206
1.026588
1.029970
1.033351
1.036733
1.040115
1.043380
1.046762
1.050144
1.053526
1.056908
1.060173
1.063555
1.061223
1.061106
1.060990
1.060990
1.060990
1.060990
1.060873
1.060873
1.060873
1.060756
1.060756
1.060756
1.060640
1.060640
1.060640
1.060640
1.060640
1.060640
1.060523
1.060523
1.060523
1.060406
1.060406
1.060406
1.060406
1.060290
1.060290
1.060290
1.060290
1.059590
1.056208
1.052826
1.049561
1.046179
1.042797
1.039416
1.036150
1.032768
1.029387
1.029736
1.029037
1.025655
1.022390
1.019008
1.015626
1.012361
1.008979
1.005597
1.002332
0.998950
0.995568
0.992303
0.988921
0.985656
0.982274
0.979008
0.975627
0.972245
0.969096
0.966414
0.966414
0.966414
0.968746
0.972711
0.972711
0.972944
0.972944
0.973061
0.981924
0.980175
0.977492
0.977492
0.977492
0.977492
0.977492
0.977492
0.977492
0.977492
0.977492
0.977492
0.977492
0.977492
0.977492
0.977492
0.977492
0.977492
0.977492
0.984723
0.990670
0.996617
1.002565
1.008512
1.012011
1.013877
1.019824
1.025422
1.031252
1.036967
1.033935
1.037783
1.041515
1.041515
1.041515
1.041515
1.041515
1.041515
1.041515
1.041515
1.041515
1.041515
1.041515
1.041515
1.041515
1.041515
1.041515
1.041515
1.041515
1.034284
1.028220
1.022506
1.016792
1.010845
1.005014
0.999183
0.993236
0.987405
0.981574
0.975860
0.970029
0.964315
0.961399
0.961399
0.964548
0.967697
0.967697
0.967697
0.967930
0.967930
0.967930
0.967930
0.967930
0.967930
0.967930
0.967930
0.967930
0.967930
0.967930
0.967930
0.967930
0.967697
0.967463
0.967463
0.967697
0.967697
0.967697
0.975627
0.982507
0.987405
0.992303
0.997201
1.001282
1.006297
1.008046
1.009212
1.009212
1.009212
1.008979
1.008979
1.009912
1.010028
1.011428
1.012011
1.012011
1.012011
1.012011
1.012011
1.012244
1.013527
1.013527
1.013527
1.013527
1.013527
1.013294
1.013294
1.013294
1.005364
0.998483
0.993935
0.989037
0.984140
0.979475
0.974927
0.970495
0.966181
0.966181
0.966414
0.966414
0.966414
0.965481
0.965364
0.963965
0.963382
0.963382
0.963382
0.963382
0.963382
0.965831
0.972011
0.972011
0.972011
0.972011
0.972478
0.972828
0.972944
0.973411
0.982973
0.990320
0.997201
1.002332
1.002332
1.002098
1.001632
1.001165
1.001165
1.001165
1.000932
1.000932
1.000932
1.002565
1.003265
1.003265
1.003265
1.003381
1.003381
1.003381
1.003381
1.000699
0.993236
0.993236
0.993236
0.993236
0.992769
0.992419
0.992303
0.991836
0.982274
0.974927
0.967580
0.962449
0.962449
0.962449
0.962449
0.963265
0.969329
0.970612
0.970612
0.970612
0.970612
0.968979
0.968280
0.968280
0.968280
0.968163
0.968163
0.968163
0.968163
0.968163
0.968163
0.968163
0.968163
0.968163
0.968163
0.968163
0.968163
0.968163
0.968163
0.968163
0.968163
0.968163
0.968163
0.968163
0.968163
0.967347
0.961283
0.960000
0.960000
0.960000
0.960000
0.960000
0.960000
0.960000
0.960000
0.960000
0.960000
0.960000
0.960000
0.960000
0.960000
0.960000
0.960000
0.960000
0.960000
0.960000
0.960000
0.960000
0.960000
0.960000
0.960000
0.960000
0.960000
0.960000
0.960000
0.960000
0.960000
0.960000
0.960000
0.960000
0.960000
0.960000
0.960000
0.960000
0.960000
0.960000
0.960000
0.960000
0.960000
0.960000
0.960000
0.960000
0.960000
0.960000
0.960000
0.960000
0.960000
0.960000
0.960000
0.960000
0.960000
0.960000
0.960000
0.960000
0.960000
0.960000
0.960000
0.960000
0.960000
0.960000
0.960000
0.960000
0.960000
0.960000
0.960000
0.960000
0.960000
0.960583
0.960583
0.960583
0.960583
0.960583
0.960583
0.960583
0.960583
0.960583
0.960583
0.960583
0.960583
0.960583
0.960583
0.960583
0.960583
0.960583
0.960583
0.960583
0.960583
0.960583
0.960583
0.960583
0.963965
0.973061
0.978075
0.982857
0.987755
0.992652
0.996617
0.996034
0.996034
0.996034
0.996151
0.996268
0.996268
0.996268
0.996268
0.996268
0.996268
0.996268
0.996268
0.996268
0.996268
0.996268
0.996268
0.996268
0.996268
0.996268
0.996268
0.996268
0.996268
0.996268
0.992886
0.983790
0.978775
0.973994
0.969096
0.964198
0.960233
0.960233
0.960233
0.960233
0.960117
0.960000
0.960000
0.960000
0.960000
0.960000
0.960000
0.960000
0.960000
0.960000
0.960000
0.960000
0.960000
0.960000
0.960000
0.960000
0.960000
0.960000
0.960000
0.960000
0.960000
0.960000
0.960000
0.960000
0.960000
0.960000
0.960000
0.960000
0.960000
0.960000
0.960000
0.960000
0.960000
0.960000
0.960000
0.960000
0.960000
0.960000
0.960000
0.960000
0.960000
0.960000
0.960000
0.960000
0.960000
0.960000
0.960000
0.960000
0.960000
0.960000
0.960000
0.960000
0.960000
0.960000
0.960000
0.960000
0.960000
0.960000
0.960000
0.960000
0.960000
0.960000
0.960000
0.960000
0.960000
0.960000
0.960000
0.960000
0.960000
0.960000
0.960000
0.960000
0.960000
0.960000
0.960000
0.960000
0.960000
0.960000
0.960000
0.960000
0.960000
0.960000
0.960000
0.960000
0.960000
0.960000
0.960000
0.960000
0.960000
0.960000
0.960000
0.960000
0.960000
0.960000
0.960000
0.960000
0.960000
0.960000
0.960000
0.960000
0.960000
0.960000
0.960000
0.960000
0.960000
0.960000
0.960000
0.960000
0.960000
0.960000
0.960000
0.960000
0.960000
0.960000
0.960000
0.960000
0.960000
0.960000
0.960000
0.960000
0.960000
0.960000
0.960000
0.960000
0.960000
0.960000
0.960000
0.960000
0.960000
0.960000
0.960000
0.960000
0.960000
0.960000
0.960000
0.960000
0.960000
0.960000
0.960000
0.960000
0.960000
0.960000
0.960000
0.960000
0.960000
0.960000
0.960000
0.961399
0.970029
0.970146
0.970146
0.970146
0.970146
0.970146
0.970146
0.970146
0.970146
0.970146
0.970146
0.970146
0.970146
0.970146
0.970146
0.970146
0.970146
0.970146
0.970146
0.970146
0.972361
0.976326
0.976326
0.976326
0.976326
0.976326
0.976326
0.976326
0.976326
0.974927
0.966297
0.966181
0.966181
0.966181
0.966181
0.966181
0.966181
0.966181
0.966181
0.966181
0.966181
0.966181
0.966181
0.966181
0.966181
0.966181
0.966647
0.966647
0.966647
0.966647
0.964431
0.960466
0.960466
0.960466
0.960466
0.960466
0.960466
0.960466
0.960466
0.960466
0.960466
0.960466
0.960466
0.960466
0.960466
0.960466
0.960466
0.960466
0.960466
0.960466
0.968047
0.970612
0.970612
0.970612
0.970729
0.970845
0.970379
0.970379
0.970379
0.970379
0.970379
0.970379
0.970379
0.970379
0.970379
0.970379
0.970379
0.970379
0.978775
0.980524
0.980524
0.980524
0.980524
0.980524
0.980524
0.980758
0.980991
0.980991
0.980991
0.980991
0.973411
0.970845
0.970845
0.970845
0.970729
0.970612
0.970612
0.976443
0.976443
0.976443
0.976443
0.976443
0.976443
0.976443
0.976443
0.976793
0.976793
0.976793
0.968396
0.966647
0.966647
0.966647
0.966647
0.966647
0.966647
0.966414
0.966181
0.966181
0.966181
0.966181
0.966181
0.966181
0.966181
0.966181
0.966181
0.966181
0.966181
0.960350
0.960350
0.960350
0.960350
0.960350
0.960350
0.960350
0.960350
0.960000
0.960000
0.960000
0.960000
0.960000
0.960000
0.960000
0.960000
0.960000
0.960000
0.960000
0.960000
0.960000
0.960000
0.960000
0.960000
0.960000
0.960000
0.960000
0.960000
0.960000
0.960000
0.960000
0.960000
0.960000
0.960000
0.960000
0.960000
0.960000
0.960000
0.960000
0.960000
0.960000
0.960000
0.960000
0.960000
0.960000
0.960000
0.960000
0.960000
0.960000
0.960000
0.960000
0.960000
0.960000
0.960000
0.960000
0.960000
0.960000
0.960000
0.960000
0.960000
0.960000
0.960000
0.960233
0.960233
0.960233
0.960233
0.960233
0.960816
0.960816
0.960816
0.960816
0.960816
0.960816
0.960816
0.960816
0.960816
0.960816
0.960816
0.960816
0.960816
0.960816
0.960816
0.960816
0.960816
0.960816
0.960816
0.960816
0.960816
0.968746
0.968979
0.968979
0.968979
0.968746
0.968746
0.968863
0.968979
0.968979
0.968513
0.968513
0.968513
0.968513
0.968630
0.968630
0.968746
0.968746
0.968863
0.968863
0.968979
0.968979
0.968979
0.968979
0.968979
0.968979
0.969096
0.969096
0.969096
0.969096
0.969096
0.961166
0.960933
0.960933
0.960933
0.960933
0.960933
0.960816
0.960700
0.960700
0.960583
0.960583
0.960583
0.960583
0.960466
0.960583
0.960466
0.965481
0.976793
0.981691
0.986588
0.991603
0.995218
0.995218
0.995218
0.995218
0.995101
0.995101
0.996851
1.011078
1.018075
1.018075
1.018075
1.018075
1.018075
1.018075
1.018075
1.018075
1.018075
1.019358
1.020290
1.020290
1.020290
1.020290
1.020290
1.020174
1.020174
1.015159
1.003731
0.998833
1.001749
0.998950
0.995335
0.995335
0.995335
0.995335
0.999416
1.006996
1.012944
1.006880
1.015393
1.029503
1.044080
1.055392
1.061106
1.061106
1.061106
1.061106
1.061106
1.059823
1.058890
1.058890
1.058890
1.058890
1.058890
1.058890
1.058890
1.058890
1.058890
1.058890
1.050961
1.048745
1.048745
1.048745
1.048745
1.048745
1.044663
1.037083
1.029387
1.021223
1.005713
0.991603
0.977026
0.965714
0.960000
0.960000
0.960000
0.960000
0.960000
0.960000
0.960000
0.960000
0.960000
0.960000
0.960000
0.960000
0.960000
0.960000
0.960000
0.960000
0.960000
0.960000
0.960000
0.960000
0.960000
0.960000
0.960000
0.960000
0.960000
0.960000
0.960000
0.960000
0.960000
0.960000
0.960000
0.960000
0.960000
0.960000
0.960000
0.960000
0.960000
0.960000
0.962682
0.968746
0.974694
0.989387
0.997084
1.001399
1.001399
1.001399
1.001399
1.001399
1.001399
1.001515
1.001515
1.001515
1.001632
1.001749
1.001749
1.001749
1.001749
1.001749
1.001749
1.001749
1.001749
1.001749
1.001749
1.001749
1.001749
1.001749
1.001749
1.001749
0.999066
0.993002
0.987055
0.972361
0.964665
0.960350
0.960350
0.960350
0.960350
0.960350
0.960583
0.960583
0.960583
0.960583
0.960583
0.960466
0.960466
0.960466
0.966997
0.972361
0.973527
0.973877
0.973877
0.973877
0.973877
0.973877
0.973877
0.973877
0.973877
0.973877
0.973877
0.973877
0.973877
0.973877
0.973877
0.973877
0.973877
0.973877
0.973877
0.973877
0.973644
0.973527
0.973527
0.973527
0.973411
0.973411
0.973411
0.973411
0.966880
0.961516
0.960350
0.960000
0.960000
0.960000
0.960000
0.960000
0.960583
0.969329
0.971428
0.971895
0.972011
0.972011
0.972011
0.972011
0.972011
0.972011
0.972011
0.972011
0.972011
0.972011
0.972011
0.972011
0.972011
0.972011
0.972011
0.972011
0.972011
0.972011
0.972011
0.972011
0.972011
0.972011
0.972011
0.972011
0.972011
0.972011
0.971428
0.962682
0.960583
0.960117
0.960000
0.960000
0.960000
0.963732
0.967230
0.967230
0.974694
0.977143
0.977143
0.977143
0.977143
0.977143
0.977143
0.977143
0.977143
0.977143
0.977143
0.977143
0.977143
0.977143
0.977143
0.977143
0.977143
0.977143
0.977143
0.977143
0.977143
0.977259
0.977259
0.977259
0.977259
0.977259
0.977259
0.973527
0.970029
0.970029
0.962566
0.960117
0.960117
0.960117
0.960117
0.960117
0.960117
0.960117
0.960117
0.960117
0.960117
0.960117
0.960117
0.960233
0.960233
0.960233
0.960233
0.960233
0.960233
0.960233
0.960350
0.960233
0.960233
0.960233
0.960233
0.960233
0.960233
0.960233
0.960233
0.960233
0.960233
0.960233
0.960233
0.960233
0.960233
0.960233
0.960233
0.960233
0.960233
0.960233
0.960233
0.960233
0.960233
0.960117
0.960117
0.960117
0.960117
0.960117
0.960117
0.960117
0.960000
0.960000
0.960000
0.960000
0.960000
0.960000
0.960000
0.960000
0.960000
0.960000
0.960000
0.960000
0.960000
0.960000
0.960117
0.960117
0.960117
0.960117
0.960117
0.960117
0.960117
0.960117
0.960117
0.960117
0.960117
0.960117
0.960117
0.960117
0.960117
0.960117
0.960117
0.960117
0.960117
0.960117
0.960117
0.960117
0.960117
0.960117
0.960117
0.960117
0.960117
0.960117
0.960117
0.960117
0.960000
0.960000
0.960000
0.960000
0.960000
0.960000
0.960000
0.960000
0.960000
0.960000
0.960000
0.960000
0.960000
0.960000
0.960000
0.960000
0.960000
0.960000
0.960000
0.960000
0.960000
0.960000
0.960000
0.960000
0.960000
0.960000
0.960000
0.960000
0.960000
0.960000
0.960000
0.960000
0.960000
0.960000
0.960000
0.960000
0.960000
0.960000
0.960000
0.960000
0.960000
0.960000
0.960000
0.960000
0.960000
0.960000
0.960000
0.960000
0.960000
0.960000
0.960000
0.960000
0.960000
0.960000
0.960000
0.960000
0.960000
0.960000
0.960000
0.960000
0.960000
0.960000
0.960000
0.960000
0.960000
0.960000
0.960000
0.960000
0.960000
0.960000
0.960000
0.960000
0.960000
0.960000
0.960000
0.960000
0.960000
0.960000
0.960000
0.960000
0.960000
0.960000
0.960000
0.960000
0.960000
0.960000
0.960000
0.960000
0.960000
0.960000
0.960000
0.960000
0.960000
0.960000
0.960000
0.960000
0.960000
0.960000
0.960000
0.960000
0.960000
0.960000
0.960000
0.960000
0.960000
0.960000
0.960000
0.960000
0.960000
0.960000
0.960000
0.960000
0.960000
0.960000
0.960000
0.960000
0.960000
0.960000
0.960000
0.960000
0.960000
0.960000
0.960000
0.960000
0.960000
0.960000
0.960000
0.960000
0.960000
0.960000
0.960000
0.960000
0.960000
0.960000
0.960000
0.960000
0.960000
0.960000
0.960000
0.960000
0.960000
0.960000
0.960000
0.960000
0.960000
0.960000
0.960000
0.960000
0.960000
0.960000
0.960000
0.960000
0.960000
0.960000
0.960000
0.960000
0.960000
0.960000
0.960000
0.960000
0.960000
0.960000
0.960000
0.960000
0.960000
0.960000
0.960000
0.960000
0.960000
0.960000
0.960000
0.960000
0.960000
0.960000
0.960000
0.960000
0.960000
0.960000
0.960000
0.960000
0.960000
0.960000
0.960000
0.960000
0.960000
0.960000
0.960000
0.960000
0.960000
0.960000
0.960000
0.960000
0.960000
0.960000
0.960000
0.960000
0.960000
0.960000
0.960000
0.960000
0.960000
0.960000
0.960000
0.960000
0.960000
0.960000
0.960000
0.960000
0.960000
0.964898
0.968396
0.971778
0.975160
0.978542
0.981924
0.985306
0.988571
0.991953
0.995335
0.998717
1.001982
1.005364
1.008746
1.012127
1.015509
1.018891
1.022156
1.025538
1.028920
1.032185
1.035567
1.038949
1.042331
1.045713
1.049095
1.052360
1.055742
1.059124
1.062506
1.060873
1.060756
1.060756
1.060640
1.060640
1.060640
1.060523
1.060640
1.060640
1.060640
1.060523
1.060640
1.060640
1.060523
1.060523
1.060523
1.060406
1.060523
1.060523
1.060406
1.060523
1.060523
1.060406
1.060406
1.060406
1.060290
1.060406
1.060290
1.060290
1.060057
1.056791
1.053409
1.050028
1.046762
1.043380
1.039999
1.036733
1.033351
1.032302
1.032885
1.029620
1.026238
1.022856
1.019591
1.016209
1.012827
1.009562
1.006180
1.002798
0.999533
0.996151
0.992769
0.989504
0.986122
0.982740
0.979475
0.976093
0.972828
0.969563
0.966414
0.966414
0.966414
0.966414
0.966414
0.966414
0.966414
0.966414
0.966414
0.964082
0.960117
0.960117
0.966297
0.966414
0.966414
0.966414
0.966414
0.966414
0.966414
0.966414
0.966414
0.966414
0.966414
0.966414
0.966414
0.966414
0.966414
0.966414
0.966414
0.966297
0.966297
0.966297
0.966297
0.966297
0.966297
0.966297
0.966297
0.966297
0.966297
0.966297
0.966297
0.970262
0.970962
0.971079
0.971079
0.971195
0.971195
0.971195
0.971195
0.971195
0.971195
0.971195
0.971195
0.971195
0.971195
0.971195
0.971195
0.971195
0.971195
0.971195
0.971195
0.971195
0.971195
0.972595
0.972711
0.972828
0.972828
0.972828
0.972828
0.972828
0.972828
0.968863
0.968163
0.973994
0.973994
0.973877
0.973877
0.973994
0.975393
0.975393
0.975393
0.975393
0.975393
0.975393
0.975393
0.975393
0.975393
0.975393
0.975393
0.975393
0.975393
0.975393
0.975393
0.973994
0.974111
0.973994
0.973994
0.973994
0.977376
0.985772
0.990787
0.995685
0.994402
0.993236
0.998017
1.002915
1.007813
1.009329
1.007929
1.007929
1.007929
1.008396
1.008396
1.008396
1.008396
1.008396
1.008396
1.008396
1.008396
1.008396
1.008396
1.008396
1.008629
1.008629
1.008396
1.008396
1.008629
1.011078
1.007929
0.999533
0.995335
0.990787
0.986005
0.981108
0.976559
0.971662
0.966764
0.965131
0.965131
0.965131
0.965131
0.964665
0.964665
0.964665
0.964665
0.964665
0.964665
0.964665
0.964665
0.964665
0.964665
0.964665
0.964431
0.964431
0.964431
0.964431
0.964198
0.961749
0.961516
0.961516
0.960700
0.960350
0.963382
0.970612
0.971895
0.971895
0.971895
0.971895
0.971895
0.971895
0.971895
0.971895
0.971895
0.971895
0.971895
0.971895
0.971895
0.971895
0.971895
0.971895
0.971895
0.971895
0.971895
0.971895
0.971895
0.971895
0.971895
0.971895
0.971895
0.971895
0.971895
0.971895
0.968746
0.961516
0.960000
0.960000
0.960000
0.960000
0.960000
0.960000
0.960000
0.960000
0.960000
0.960000
0.960000
0.960000
0.960000
0.960000
0.960000
0.960000
0.960000
0.960000
0.960000
0.960000
0.960000
0.960000
0.960000
0.960000
0.960000
0.960000
0.960000
0.960000
0.960000
0.960000
0.960000
0.960000
0.960000
0.960000
0.960000
0.960000
0.960000
0.960000
0.960000
0.960000
0.960000
0.960000
0.960000
0.960000
0.960000
0.960000
0.960000
0.960000
0.960000
0.960000
0.960000
0.960000
0.960000
0.960000
0.960000
0.960000
0.960000
0.960000
0.960000
0.960000
0.960233
0.966181
0.966181
0.966181
0.966181
0.966181
0.966181
0.966181
0.966181
0.966181
0.966181
0.966181
0.966181
0.966181
0.966181
0.966181
0.966181
0.966181
0.966181
0.966181
0.966181
0.966181
0.966181
0.966181
0.966181
0.974227
0.983906
0.992069
0.996967
1.001865
1.006530
1.004314
1.005364
1.005830
1.005830
1.005947
1.005947
1.007929
1.017025
1.018191
1.018191
1.018191
1.018191
1.018191
1.018191
1.018191
1.018191
1.018191
1.018191
1.018191
1.018191
1.018191
1.018191
1.018191
1.018425
1.010378
1.000699
0.992536
0.987638
0.982740
0.977842
0.979008
0.980291
0.979825
0.979825
0.979708
0.979708
0.977726
0.968630
0.967463
0.967463
0.967463
0.967463
0.967463
0.967463
0.967463
0.967463
0.967463
0.967463
0.967463
0.967463
0.967463
0.967463
0.967463
0.967230
0.967230
0.967230
0.967230
0.967230
0.967230
0.967230
0.962332
0.960000
0.960000
0.960000
0.960000
0.960000
0.960000
0.960000
0.960000
0.960000
0.960000
0.960000
0.960000
0.960000
0.960000
0.960000
0.960000
0.960000
0.960000
0.960000
0.960000
0.960000
0.960000
0.960000
0.960000
0.960000
0.960000
0.960000
0.960000
0.960000
0.960000
0.960000
0.960000
0.960000
0.960000
0.960000
0.960000
0.960000
0.960000
0.960000
0.960000
0.960000
0.960000
0.960000
0.960000
0.960000
0.960000
0.960000
0.960000
0.960000
0.960000
0.960000
0.960000
0.960000
0.960000
0.960000
0.960000
0.960000
0.960000
0.960000
0.960000
0.960000
0.960000
0.960000
0.960000
0.960000
0.960000
0.960000
0.960000
0.960000
0.960000
0.960000
0.960000
0.960000
0.960000
0.960000
0.960000
0.960000
0.960000
0.960000
0.960000
0.960000
0.960000
0.960000
0.960000
0.960000
0.960000
0.960000
0.960000
0.960000
0.960000
0.960000
0.960000
0.960000
0.960000
0.960000
0.960000
0.960000
0.960000
0.960000
0.960000
0.960000
0.960000
0.960000
0.960000
0.960000
0.960000
0.960000
0.960000
0.960000
0.960000
0.960000
0.960000
0.960000
0.960000
0.960000
0.960000
0.960000
0.960000
0.960000
0.960000
0.960000
0.960000
0.960000
0.960000
0.960000
0.960000
0.960000
0.960000
0.960000
0.960000
0.960000
0.960000
0.960000
0.960000
0.960000
0.960000
0.960000
0.960000
0.960000
0.960000
0.960000
0.960000
0.960000
0.960000
0.960000
0.960000
0.960000
0.967114
0.970146
0.970146
0.970146
0.970146
0.970146
0.970146
0.970146
0.970146
0.970146
0.970146
0.970146
0.970146
0.970379
0.970379
0.970379
0.970379
0.970379
0.970379
0.970379
0.970379
0.970379
0.970379
0.970495
0.970612
0.970845
0.971428
0.971428
0.971428
0.971428
0.964315
0.961283
0.961283
0.961283
0.961283
0.961283
0.961283
0.961283
0.961283
0.961283
0.961283
0.961283
0.967347
0.967230
0.967230
0.967230
0.967230
0.967230
0.967230
0.967230
0.967230
0.967230
0.967230
0.967114
0.966997
0.966764
0.966297
0.966297
0.966297
0.972711
0.976210
0.976210
0.976210
0.976210
0.976210
0.976210
0.976210
0.976210
0.976210
0.976443
0.976559
0.976676
0.970612
0.970495
0.970495
0.970845
0.970845
0.970845
0.970845
0.970845
0.970845
0.970845
0.972828
0.974927
0.974927
0.974927
0.974810
0.974810
0.974810
0.968396
0.964898
0.964898
0.964898
0.964898
0.964898
0.964898
0.964898
0.964898
0.964898
0.964898
0.964898
0.964781
0.964781
0.971662
0.980175
0.994635
1.002448
1.003848
1.003848
1.003848
1.003848
1.003848
1.001865
0.999766
0.999766
0.999766
1.000932
1.002098
1.002215
1.002215
1.002215
1.002215
1.002215
1.002215
1.002215
1.002215
1.002215
1.002215
1.002215
1.001982
1.001865
1.001865
1.001865
0.994985
0.986472
0.971662
0.964082
0.962682
0.962682
0.962682
0.962682
0.962682
0.962682
0.962682
0.966064
0.970845
0.969679
0.968513
0.968396
0.968396
0.968396
0.968396
0.974927
0.981574
0.988571
0.995568
1.002681
1.009795
1.016559
1.016559
1.020174
1.023789
1.023906
1.024022
1.024022
1.024022
1.023789
1.023789
1.023789
1.023789
1.023789
1.023789
1.023789
1.023789
1.020407
1.015626
1.015626
1.015626
1.015626
1.015626
1.015626
1.015626
1.009095
1.002448
0.995451
0.988454
0.981341
0.974227
0.967463
0.967463
0.963848
0.960233
0.960117
0.960000
0.960000
0.960000
0.960000
0.960000
0.960000
0.960000
0.960000
0.960000
0.960117
0.960700
0.960700
0.965014
0.973061
0.979825
0.986938
0.998833
1.010961
1.018308
1.019241
1.019241
1.019241
1.019241
1.019241
1.019241
1.019241
1.019241
1.019241
1.019241
1.019241
1.019241
1.019241
1.019241
1.019824
1.020524
1.020640
1.021223
1.021340
1.021457
1.021807
1.021223
1.021573
1.017492
1.009562
1.003031
0.996151
0.984489
0.972595
0.965598
0.964665
0.964665
0.964781
0.965131
0.965364
0.965598
0.965831
0.966530
0.968863
0.968863
0.968863
0.969679
0.970379
0.970379
0.969796
0.969096
0.968979
0.968396
0.968280
0.968163
0.967697
0.967697
0.967347
0.967114
0.967580
0.968513
0.970612
0.970729
0.970612
0.972478
0.979941
0.989854
0.994635
0.999300
1.003964
1.008629
1.011428
1.010728
1.008512
1.008629
1.008746
1.008279
1.007579
1.007813
1.008746
1.008862
1.008862
1.008862
1.008862
1.008862
1.008862
1.009095
1.009095
1.009212
1.008629
1.022390
1.021807
1.021457
1.021340
1.019124
1.011661
1.001749
0.996851
0.991836
0.986938
0.982040
0.979008
0.979008
0.978892
0.978775
0.978659
0.978309
0.978309
0.978075
0.977143
0.977026
0.977026
0.977026
0.977026
0.977026
0.977026
0.976793
0.976793
0.976676
0.976676
0.961749
0.960000
0.960000
0.963615
0.975277
0.993469
1.004664
1.014810
1.019941
1.019941
1.019941
1.019941
1.019941
1.019941
1.019941
1.019941
1.019941
1.019941
1.019941
1.019941
1.019941
1.019941
1.019941
1.019941
1.019941
1.019941
1.019941
1.019941
1.019941
1.019941
1.019941
1.024605
1.030669
1.033118
1.027521
1.015276
1.010028
1.005947
1.006763
1.012710
1.018658
1.024605
1.030553
1.036500
1.042331
1.048278
1.054342
1.060290
1.066237
1.072185
1.072768
1.072768
1.072768
1.072768
1.072768
1.072768
1.072768
1.072768
1.078132
1.078948
1.079298
1.074750
1.068803
1.062739
1.056791
1.050844
1.045013
1.039066
1.033118
1.027171
1.021223
1.015276
1.009445
1.003498
0.997667
0.991720
0.985656
0.979708
0.973761
0.973527
0.987288
1.000582
1.005014
1.016092
1.026938
1.037083
1.042564
1.048395
1.048512
1.053060
1.058890
1.065304
1.070669
1.076033
1.081164
1.086412
1.091543
1.096674
1.101805
1.107636
1.112767
1.121047
1.129443
1.135391
1.142388
1.142388
1.142388
1.142504
1.149968
1.151833
1.147285
1.146119
1.142271
1.131192
1.120930
1.110785
1.105304
1.099473
1.093992
1.088628
1.082447
1.076033
1.070552
1.067520
1.065654
1.063555
1.059590
1.056675
1.052360
1.047112
1.043264
1.035334
1.026821
1.020874
1.014226
1.014226
1.014226
1.017375
1.021223
1.021573
1.019824
1.016792
1.018774
1.020407
1.020057
1.020057
1.020057
1.020057
1.020057
1.020057
1.020057
1.019941
1.019941
1.017608
1.014226
1.011078
1.009795
1.007463
1.006646
1.006063
1.004781
1.004431
1.004431
1.004431
1.004081
1.004081
1.004081
1.000816
0.989504
0.981574
0.973527
0.964431
0.961866
0.960233
0.960000
0.960000
0.964431
0.970612
0.971778
0.973178
0.980641
0.988104
0.996501
1.005130
1.011544
1.011544
1.011544
1.011544
1.011544
1.011544
1.011544
1.011544
1.011544
1.011544
1.011544
1.011544
1.011544
1.011544
1.011544
1.011544
1.011544
1.011544
1.011544
1.011544
1.011544
1.011544
1.007113
1.000932
0.999766
0.998483
0.991020
0.983556
0.975160
0.966530
0.960117
0.960117
0.960117
0.960117
0.960117
0.960117
0.960117
0.960117
0.960117
0.960117
0.960117
0.960117
0.960117
0.960117
0.960117
0.960117
0.960117
0.960117
0.960117
0.960117
0.960117
0.960117
0.960117
0.960117
0.960117
0.960000
0.960000
0.960000
0.960000
0.960000
0.960000
0.960000
0.960000
0.960000
0.960000
0.960000
0.960000
0.960000
0.960000
0.960000
0.960000
0.960000
0.960000
0.960000
0.960000
0.960000
0.960000
0.960000
0.960000
0.960000
0.960000
0.960000
0.960000
0.960000
0.960000
0.960000
0.960000
0.960000
0.960000
0.960000
0.960000
0.960000
0.960000
0.960000
0.960000
0.960000
0.960000
0.960000
0.960000
0.960000
0.960000
0.960000
0.960000
0.960000
0.960000
0.960000
0.960000
0.960000
0.960000
0.960000
0.960000
0.960000
0.960000
0.960000
0.960000
0.960000
0.960000
0.960000
0.960000
0.960000
0.960000
0.960000
0.960000
0.960000
0.960000
0.960000
0.960000
0.960000
0.960000
0.960000
0.960000
0.960000
0.960000
0.960000
0.960000
0.960000
0.960000
0.960000
0.960000
0.960000
0.960000
0.960000
0.960000
0.960000
0.960000
0.960000
0.960000
0.960000
0.960000
0.960000
0.960000
0.960000
0.960000
0.960000
0.960000
0.960000
0.960000
0.960000
0.960000
0.960000
0.960000
0.960000
0.960000
0.960000
0.960000
0.960000
0.960000
0.960000
0.960000
0.960000
0.960000
0.960000
0.960000
0.960000
0.960000
0.960000
0.960000
0.960000
0.960000
0.960000
0.960000
0.960000
0.960000
0.960000
0.960000
0.960000
0.960000
0.960000
0.960000
0.960000
0.960000
0.960000
0.960000
0.960000
0.960000
0.960000
0.960000
0.960000
0.960000
0.960000
0.960000
0.960000
0.960000
0.960000
0.960000
0.960000
0.960000
0.960000
0.960000
0.960000
0.960000
0.960000
0.960000
0.960000
0.960000
0.960000
0.960000
0.960000
0.960000
0.960000
0.960000
0.960000
0.960000
0.960000
0.960000
0.960000
0.960000
0.960000
0.960000
0.960000
0.960000
0.960000
0.960000
0.960000
0.960000
0.960000
0.960000
0.960000
0.960000
0.960000
0.960000
0.960000
0.960000
0.960000
0.960000
0.960000
0.960000
0.960000
0.960000
0.960000
0.960000
0.960000
0.960000
0.960000
0.960000
0.960000
0.960000
0.960000
0.960000
0.960000
0.960000
0.960000
0.960000
0.960000
0.960000
0.960000
0.960000
0.960000
0.960000
0.960000
0.960000
0.960000
0.960000
0.960000
0.960000
0.960000
0.960000
0.960000
0.960000
0.960000
0.960000
0.960000
0.960000
0.960000
0.960000
0.960000
0.960000
0.960000
0.960000
0.960000
0.960000
0.960000
0.960000
0.960000
0.960000
0.960000
0.960000
0.960000
0.960000
0.960000
0.960000
0.960000
0.960000
0.960000
0.960000
0.960000
0.960000
0.960000
0.960000
0.960000
0.960000
0.960000
0.960000
0.960000
0.960000
0.960000
0.960000
0.960000
0.960000
0.960000
0.960000
0.960000
0.960000
0.960000
0.960000
0.960000
0.960000
0.960000
0.960000
0.960000
0.960000
0.960000
0.960000
0.960000
0.960000
0.960000
0.960000
0.960000
0.960000
0.960000
0.960000
0.960000
0.960000
0.960000
0.960000
0.960000
0.960000
0.960000
0.967930
0.971428
0.974810
0.978192
0.981574
0.984956
0.988338
0.991720
0.995101
0.998483
1.001865
1.005247
1.008629
1.012011
1.015393
1.018774
1.022156
1.025538
1.028920
1.032185
1.035567
1.038949
1.042331
1.045713
1.048978
1.052360
1.055742
1.059124
1.062389
1.065771
1.061223
1.061106
1.061106
1.060990
1.060990
1.060990
1.060873
1.060873
1.060873
1.060873
1.060756
1.060756
1.060756
1.060640
1.060640
1.060640
1.060523
1.060523
1.060523
1.060523
1.060523
1.060523
1.060406
1.060406
1.060406
1.060406
1.060406
1.060290
1.060406
1.057491
1.054109
1.050727
1.047345
1.044080
1.040698
1.037316
1.034051
1.030669
1.027287
1.030086
1.026938
1.023556
1.020174
1.016909
1.013527
1.059473
1.106120
1.152650
1.199180
1.245826
1.292123
1.338769
1.385299
1.431829
1.478592
1.525005
1.571535
1.618181
1.664711
1.714156
1.764068
1.813979
1.863891
1.913803
1.963714
2.013743
2.063654
2.117298
2.173623
2.217354
2.285808
2.351929
2.418050
2.484288
2.550293
2.567202
2.583295
2.599155
2.615248
2.630991
2.647201
2.662944
2.678804
2.694547
2.710174
2.726033
2.742010
2.757870
2.773496
2.789473
2.805099
2.820842
2.836702
2.852329
2.868188
2.883815
2.899558
2.911686
2.921132
2.936642
2.964163
2.994134
3.023638
3.053375
3.083228
3.112849
3.143519
3.173956
3.203926
3.234363
3.264566
3.294537
3.324857
3.355527
3.385730
3.416051
3.446254
3.476225
3.507011
3.536982
3.567535
3.597972
3.628992
3.659195
3.689632
3.679953
3.664559
3.646717
3.627126
3.607767
3.558789
3.513892
3.465263
3.415584
3.365906
3.316111
3.265499
3.215471
3.165559
3.115648
3.065736
3.016058
2.966263
2.916001
2.866323
2.816528
2.766499
2.724517
2.684168
2.638805
2.604869
2.567436
2.529302
2.490469
2.448604
2.446971
2.451053
2.457350
2.465630
2.474376
2.481606
2.484871
2.492218
2.500265
2.508428
2.516824
2.525104
2.533267
2.541547
2.549710
2.557990
2.566386
2.574666
2.583529
2.592158
2.550293
2.505629
2.453269
2.397759
2.347498
2.285341
2.226684
2.168026
2.111117
2.056774
2.002431
1.948088
1.900858
1.850597
1.796137
1.741794
1.687334
1.632991
1.578648
1.524305
1.469845
1.415502
1.361159
1.306933
1.252590
1.198130
1.143670
1.089211
1.034401
0.979591
0.975277
0.973877
0.972478
0.972011
0.971778
0.978075
0.985422
0.992769
0.998367
0.999300
0.999300
0.999300
0.992303
0.988104
0.987755
0.987755
0.987755
0.987755
0.989271
0.990087
0.990087
0.990087
0.990087
0.989970
0.989970
0.990087
0.990087
0.990087
0.989970
0.989970
0.989970
0.989970
0.989970
0.989970
0.989970
0.983673
0.976326
0.968979
0.963382
0.962449
0.962449
0.962566
0.962566
0.967813
0.970729
0.970729
0.970729
0.970729
0.969213
0.969446
0.969446
0.969446
0.969446
0.969446
0.969446
0.970962
0.971895
0.971895
0.971895
0.971895
0.971895
0.971895
0.971895
0.971895
0.971895
0.971895
0.971895
0.971895
0.971895
0.971895
0.971895
0.971778
0.971778
0.966530
0.963615
0.963615
0.963615
0.963615
0.963615
0.962566
0.962566
0.962566
0.962566
0.962566
0.962566
0.960933
0.960000
0.960000
0.960000
0.960000
0.960000
0.960000
0.960000
0.960000
0.960000
0.960000
0.960000
0.960000
0.960000
0.960000
0.960000
0.960000
0.960000
0.960000
0.960000
0.960000
0.960000
0.960000
0.960000
0.960000
0.960000
0.960000
0.960000
0.960466
0.960466
0.960466
0.964431
0.969329
0.974111
0.979008
0.981108
0.981108
0.981108
0.981108
0.981108
0.981108
0.981108
0.981108
0.981108
0.981108
0.981108
0.981108
0.981108
0.981108
0.981108
0.981108
0.981108
0.981108
0.981108
0.981108
0.981108
0.981108
0.981108
0.980641
0.980641
0.980641
0.976676
0.971778
0.966997
0.962099
0.960000
0.960000
0.960000
0.960000
0.960000
0.960000
0.960000
0.960000
0.960000
0.960000
0.960000
0.960000
0.960000
0.960000
0.960000
0.960000
0.960000
0.960000
0.960000
0.960000
0.960000
0.960000
0.960000
0.960000
0.960000
0.960000
0.960000
0.960000
0.960000
0.960000
0.960000
0.960000
0.960000
0.960000
0.960000
0.960000
0.960000
0.960000
0.960000
0.960000
0.960000
0.960000
0.960000
0.960000
0.960000
0.960000
0.960000
0.960000
0.960000
0.960000
0.960000
0.960000
0.960000
0.960000
0.960000
0.960000
0.960000
0.960000
0.960117
0.960117
0.960117
0.960117
0.960117
0.960117
0.960117
0.960117
0.960117
0.960117
0.960117
0.960117
0.960117
0.960117
0.960117
0.960117
0.960117
0.960117
0.960117
0.960117
0.960117
0.960117
0.960117
0.960117
0.960117
0.960117
0.960233
0.960350
0.960350
0.960350
0.960233
0.960233
0.960233
0.960233
0.960233
0.960233
0.960233
0.960233
0.960233
0.960233
0.960233
0.960233
0.960233
0.960233
0.960233
0.960233
0.960233
0.960233
0.960350
0.960350
0.960350
0.960350
0.960350
0.960350
0.960350
0.960350
0.960233
0.960117
0.960117
0.960117
0.960117
0.960117
0.960117
0.960117
0.960117
0.960117
0.960117
0.960117
0.960117
0.960117
0.960117
0.960117
0.960117
0.960117
0.960117
0.960117
0.960117
0.960117
0.960000
0.960000
0.960000
0.960000
0.960000
0.960000
0.960000
0.960000
0.960117
0.960117
0.960117
0.960117
0.960117
0.960117
0.960117
0.960117
0.960117
0.960233
0.960233
0.960233
0.960233
0.960350
0.960350
0.960350
0.960350
0.960350
0.960350
0.960350
0.960350
0.960350
0.960350
0.960350
0.960350
0.960350
0.960350
0.960350
0.960350
0.960350
0.960233
0.960233
0.960233
0.960233
0.960233
0.960233
0.960233
0.960233
0.960233
0.960117
0.960117
0.960117
0.960117
0.960000
0.960000
0.960000
0.960000
0.960000
0.960000
0.960000
0.960000
0.960000
0.960000
0.960000
0.960000
0.960000
0.960000
0.960000
0.960000
0.960000
0.960000
0.960000
0.960000
0.960000
0.960000
0.960000
0.960000
0.960000
0.960000
0.960000
0.960000
0.960000
0.960000
0.960000
0.960000
0.960000
0.960000
0.961866
0.970845
0.977259
0.977259
0.977259
0.977259
0.977259
0.977259
0.977259
0.980175
0.983556
0.983556
0.983556
0.983556
0.983556
0.983556
0.983556
0.983556
0.983556
0.983556
0.983556
0.983556
0.983556
0.983556
0.983556
0.983556
0.983556
0.983556
0.983556
0.983556
0.981691
0.972711
0.966297
0.966297
0.972361
0.972828
0.980641
0.980758
0.980758
0.977842
0.975743
0.976093
0.976210
0.978425
0.992419
0.993236
0.993236
0.993236
0.993236
0.993236
0.993236
0.993236
0.993236
0.993236
0.993236
0.993236
0.993236
0.993236
0.993236
0.993236
0.993236
0.993236
0.993236
0.993236
0.987172
0.986705
0.978892
0.978775
0.978775
0.978775
0.977492
0.977143
0.977026
0.974810
0.960816
0.960000
0.960000
0.960117
0.960117
0.960117
0.960117
0.960117
0.960117
0.960117
0.960117
0.960117
0.960117
0.960117
0.960117
0.960117
0.960117
0.960117
0.960117
0.960117
0.960117
0.960117
0.960117
0.960117
0.960117
0.960117
0.960117
0.960117
0.960117
0.960117
0.960117
0.960117
0.960117
0.960000
0.960000
0.960000
0.960000
0.960000
0.960117
0.960233
0.960350
0.960350
0.960350
0.960350
0.960350
0.960350
0.960350
0.960350
0.960350
0.960350
0.960350
0.960350
0.960350
0.960350
0.960350
0.960466
0.960466
0.960466
0.960466
0.960583
0.960700
0.961050
0.961166
0.961283
0.961516
0.961516
0.961516
0.961516
0.961516
0.961516
0.961749
0.961982
0.962099
0.962332
0.962799
0.962915
0.963149
0.963382
0.963382
0.963615
0.963732
0.963848
0.963848
0.963848
0.963965
0.963965
0.963965
0.964198
0.964198
0.964198
0.964198
0.963848
0.963732
0.963615
0.963382
0.963382
0.963382
0.963382
0.963265
0.963149
0.962915
0.962682
0.962566
0.962332
0.961866
0.961749
0.961516
0.961283
0.961283
0.961050
0.960933
0.960816
0.960816
0.960816
0.960700
0.960583
0.960583
0.960350
0.960583
0.960583
0.960466
0.960466
0.960466
0.960466
0.960466
0.960583
0.960583
0.960583
0.960700
0.960816
0.960700
0.960700
0.960700
0.960700
0.960700
0.960700
0.960700
0.960700
0.960700
0.960700
0.960700
0.960700
0.960700
0.960700
0.960700
0.960816
0.960933
0.960933
0.960816
0.960700
0.960700
0.960700
0.960700
0.960700
0.963848
0.966297
0.966297
0.969213
0.973877
0.973761
0.973761
0.973761
0.973761
0.973761
0.973761
0.973761
0.973761
0.973761
0.973877
0.973877
0.973877
0.973877
0.973877
0.973877
0.973994
0.977492
0.980058
0.980058
0.979941
0.979941
0.985539
0.986705
0.992886
0.996734
0.993585
0.991020
0.991020
0.988104
0.983323
0.983323
0.983323
0.983323
0.983440
0.983440
0.983556
0.983556
0.983556
0.983556
0.983440
0.983440
0.983440
0.983556
0.983556
0.983673
0.983556
0.979941
0.977259
0.977259
0.977259
0.977376
0.971778
0.970612
0.964431
0.960700
0.960700
0.960816
0.960816
0.960816
0.960816
0.960816
0.960816
0.960933
0.960933
0.960933
0.960816
0.960933
0.960933
0.960933
0.960933
0.960933
0.960933
0.960816
0.960816
0.960700
0.960700
0.960700
0.960700
0.960700
0.960700
0.960583
0.960583
0.960583
0.960583
0.960466
0.960466
0.960350
0.960350
0.960350
0.960350
0.960350
0.960350
0.960233
0.960117
0.960117
0.960117
0.960000
0.960000
0.960000
0.960000
0.960000
0.960000
0.960000
0.960000
0.960000
0.960000
0.960000
0.960000
0.960000
0.960117
0.960117
0.960117
0.960117
0.960117
0.960117
0.960350
0.960350
0.960350
0.960350
0.960350
0.960350
0.960350
0.960350
0.960350
0.960350
0.968746
0.970612
0.970612
0.970612
0.970612
0.970612
0.970612
0.970612
0.970612
0.970612
0.970612
0.970612
0.978309
0.978659
0.978542
0.978542
0.978542
0.978542
0.978542
0.978542
0.978309
0.978309
0.978309
0.978309
0.978309
0.978309
0.978309
0.978309
0.978309
0.978309
0.976443
0.974694
0.975510
0.984839
0.985656
0.985656
0.985656
0.985656
0.989737
0.998017
1.004081
1.010028
1.008279
1.012944
1.012944
1.012944
1.012944
1.012944
1.012944
1.012944
1.012944
1.012944
1.012944
1.012944
1.012944
1.012944
1.012944
1.012944
1.022856
1.024722
1.018541
1.032535
1.046063
1.050961
1.060756
1.065654
1.066354
1.066587
1.070552
1.063322
1.057258
1.051427
1.045480
1.040465
1.042098
1.046646
1.046646
1.046762
1.047579
1.047812
1.047812
1.047812
1.047812
1.047812
1.047812
1.047812
1.048978
1.055042
1.047462
1.045596
1.045246
1.031136
1.016792
1.002565
0.991953
0.987055
0.986355
0.986122
0.978075
0.977026
0.977026
0.976909
0.978309
0.978542
0.976909
0.972595
0.972595
0.972478
0.971662
0.971428
0.971428
0.971428
0.971428
0.971428
0.971428
0.971428
0.970262
0.965131
0.971428
0.971778
0.972361
0.974577
0.982390
0.982507
0.982507
0.982507
0.982507
0.982507
0.982507
0.982507
0.982507
0.982507
0.981108
0.980874
0.980874
0.980641
0.980641
0.980641
0.980641
0.980641
0.980641
0.980641
0.980641
0.980641
0.980641
0.980641
0.980641
0.979708
0.971079
0.970729
0.970146
0.967930
0.960117
0.960000
0.960000
0.960000
0.960000
0.960000
0.960000
0.960000
0.960000
0.960000
0.960000
0.960000
0.960000
0.960000
0.960000
0.960000
0.960000
0.960000
0.960000
0.960000
0.960000
0.960000
0.960000
0.960000
0.960000
0.960000
0.960000
0.960000
0.960000
0.960000
0.960000
0.960000
0.960000
0.960000
0.960000
0.960000
0.960000
0.960000
0.960000
0.960000
0.960000
0.960000
0.960000
0.960000
0.960000
0.960000
0.960000
0.960000
0.960000
0.960000
0.960000
0.960000
0.960000
0.960000
0.960000
0.960000
0.960000
0.960000
0.960000
0.960000
0.960000
0.960000
0.960000
0.960000
0.960000
0.960000
0.960000
0.960000
0.960000
0.960000
0.960000
0.960000
0.960000
0.960000
0.960000
0.960000
0.960000
0.960000
0.960000
0.960000
0.960000
0.960000
0.960000
0.960000
0.960000
0.960000
0.960000
0.960000
0.960000
0.960000
0.960000
0.960000
0.960000
0.960000
0.960000
0.960000
0.960000
0.960000
0.960000
0.960000
0.960000
0.960000
0.960000
0.960000
0.960000
0.960000
0.960000
0.960000
0.960000
0.960000
0.960000
0.960000
0.960000
0.960000
0.960000
0.960000
0.960000
0.960000
0.960000
0.960000
0.960000
0.960000
0.960000
0.960000
0.960000
0.960000
0.960000
0.960000
0.960000
0.960000
0.960000
0.960000
0.960000
0.960000
0.960000
0.960000
0.960000
0.960000
0.960000
0.960000
0.960000
0.960000
0.960000
0.960000
0.960000
0.960000
0.960000
0.960000
0.960000
0.964548
0.966647
0.966647
0.966647
0.966647
0.966647
0.966647
0.966647
0.966647
0.966647
0.966647
0.966647
0.966647
0.966647
0.966647
0.966647
0.966647
0.966647
0.966647
0.966647
0.966647
0.966647
0.966647
0.966647
0.966647
0.966647
0.966647
0.966647
0.966647
0.966647
0.962099
0.960000
0.960000
0.960000
0.960000
0.960000
0.960000
0.960000
0.960000
0.960000
0.960000
0.960000
0.960000
0.960000
0.960000
0.960000
0.960000
0.960000
0.960000
0.960000
0.960000
0.960000
0.960000
0.960000
0.960000
0.960000
0.960000
0.960000
0.960000
0.960000
0.960000
0.960000
0.960000
0.960000
0.960000
0.960000
0.960000
0.960000
0.960000
0.960000
0.960000
0.960000
0.960000
0.960000
0.960000
0.960000
0.960000
0.960000
0.960000
0.960000
0.960000
0.960000
0.960000
0.960000
0.960000
0.960000
0.960000
0.960000
0.960000
0.960000
0.960000
0.960000
0.960000
0.960000
0.960000
0.960000
0.960000
0.960000
0.960000
0.960000
0.960000
0.960000
0.960000
0.960000
0.960000
0.960000
0.960000
0.960000
0.960000
0.960000
0.960000
0.960000
0.960000
0.960000
0.960000
0.960000
0.960000
0.960000
0.960000
0.960000
0.960000
0.960000
0.960000
0.960000
0.960000
0.960000
0.960000
0.960000
0.960000
0.960000
0.960000
0.960000
0.960000
0.960000
0.960000
0.960000
0.960000
0.960000
0.960000
0.960000
0.960000
0.960000
0.960000
0.960000
0.960000
0.960000
0.960000
0.960000
0.960000
0.960000
0.960000
0.960000
0.960000
0.960000
0.960000
0.960000
0.960000
0.960000
0.960000
0.960000
0.960000
0.960000
0.960000
0.960000
0.960000
0.960000
0.960000
0.960000
0.960000
0.960000
0.960000
0.960000
0.960000
0.960000
0.960000
0.967463
0.970845
0.974344
0.977726
0.980991
0.984373
0.987755
0.991136
0.994518
0.997900
1.001282
1.004664
1.008046
1.011428
1.014810
1.018191
1.021573
1.024839
1.028220
1.031602
1.034984
1.038249
1.041631
1.045013
1.048395
1.051660
1.055042
1.058424
1.061806
1.065188
1.060990
1.060990
1.060873
1.060756
1.060873
1.060873
1.060873
1.060756
1.060756
1.060756
1.060640
1.060640
1.060640
1.060523
1.060523
1.060523
1.060406
1.060523
1.060406
1.060406
1.060406
1.060406
1.060406
1.060406
1.060290
1.060406
1.060406
1.060290
1.060290
1.057841
1.054692
1.051310
1.047929
1.044663
1.041281
1.037900
1.034518
1.031252
1.027871
1.024489
1.027404
1.024139
1.020757
1.017492
1.014110
1.010728
1.007463
1.004081
1.000816
0.997434
0.994052
0.990787
0.987405
0.984023
0.980758
0.977376
0.973994
0.970729
0.967347
0.972944
0.972828
0.972944
0.972944
0.972944
0.972944
0.972944
0.972944
0.972944
0.972944
0.972944
0.966764
0.966647
0.966647
0.966647
0.966647
0.966647
0.966647
0.966647
0.966647
0.966647
0.966647
0.966647
0.966647
0.966647
0.966647
0.966647
0.970845
0.977259
0.977726
0.971195
0.971195
0.971079
0.971079
0.972595
0.979242
0.979242
0.979242
0.979242
0.979242
0.979242
0.979242
0.980641
0.980641
0.980641
0.980641
0.980641
0.980874
0.980874
0.980874
0.980874
0.980874
0.980874
0.980874
0.980874
0.980874
0.980874
0.976676
0.970262
0.971662
0.971778
0.971778
0.971778
0.971778
0.970262
0.963615
0.963615
0.963615
0.963615
0.963615
0.963615
0.963848
0.962915
0.962915
0.963498
0.963498
0.963498
0.970029
0.980291
0.985306
0.990204
0.995101
1.000116
1.005014
1.006530
1.006530
1.006530
1.006530
1.007346
1.005480
1.005364
1.005364
1.005364
1.005364
1.006646
1.006763
1.006763
1.006763
1.006763
1.006763
1.006763
1.006530
1.006063
1.006063
1.005480
1.005480
1.005480
0.998717
0.988454
0.983673
0.978775
0.973877
0.969329
0.964898
0.964431
0.972595
0.974927
0.976909
0.982157
0.983440
0.992419
0.992886
0.992886
0.992886
0.999300
1.006297
1.006413
1.008396
1.014576
1.016792
1.019358
1.019824
1.020640
1.021457
1.021457
1.021457
1.021457
1.021457
1.021457
1.021457
1.021457
1.021923
1.021457
1.020990
1.031952
1.030903
1.033468
1.036500
1.034518
1.033235
1.024255
1.025072
1.026355
1.026355
1.018658
1.011544
1.011428
1.009445
1.003265
1.001049
0.998483
0.998017
0.997201
0.996851
0.996851
0.996851
0.996851
0.996851
0.996851
0.998017
0.998717
0.998717
0.998717
0.998950
0.987288
0.980175
0.975277
0.970612
0.966997
0.967114
0.967114
0.965831
0.964548
0.964548
0.964548
0.964548
0.964548
0.964548
0.964548
0.964548
0.964548
0.964548
0.964548
0.964082
0.964082
0.964082
0.964082
0.964082
0.964082
0.962682
0.961982
0.961516
0.961516
0.961283
0.960933
0.960933
0.960933
0.960583
0.960117
0.960000
0.960000
0.960000
0.960000
0.960000
0.960000
0.960000
0.960000
0.960000
0.960000
0.962566
0.966297
0.966297
0.966530
0.973527
0.973761
0.973761
0.973761
0.973761
0.973761
0.973761
0.973761
0.973761
0.973761
0.973761
0.973761
0.973761
0.973761
0.973761
0.973761
0.973761
0.973761
0.973761
0.973761
0.973761
0.973761
0.973761
0.973761
0.973761
0.973761
0.971195
0.967463
0.967463
0.967230
0.960233
0.960000
0.960000
0.960000
0.960000
0.960000
0.960117
0.960117
0.960117
0.960117
0.960117
0.960117
0.960117
0.960117
0.960117
0.960117
0.960117
0.960117
0.960117
0.960117
0.960117
0.960117
0.960117
0.960117
0.960117
0.960117
0.960117
0.960117
0.960117
0.960117
0.960117
0.960117
0.960117
0.960117
0.960117
0.960117
0.960000
0.960000
0.960000
0.960000
0.960000
0.960000
0.960000
0.960000
0.960000
0.960000
0.960000
0.960000
0.960000
0.960000
0.960000
0.960000
0.960000
0.960000
0.960000
0.960000
0.960000
0.960000
0.960000
0.960000
0.960000
0.960000
0.960000
0.960000
0.960000
0.960000
0.960000
0.960000
0.960000
0.960000
0.960000
0.960000
0.960000
0.960000
0.960000
0.960000
0.960000
0.960000
0.960000
0.960000
0.960000
0.960000
0.960000
0.960000
0.960000
0.960000
0.960000
0.960000
0.960000
0.960000
0.960000
0.960000
0.960000
0.960000
0.960000
0.960000
0.960000
0.960000
0.960000
0.960000
0.960000
0.960000
0.960000
0.960000
0.960000
0.960000
0.960000
0.960000
0.960000
0.960000
0.960000
0.960000
0.960000
0.960000
0.960000
0.960000
0.960000
0.960000
0.960000
0.960000
0.960000
0.960000
0.960000
0.960000
0.960000
0.960000
0.960000
0.960000
0.960000
0.960000
0.960000
0.960000
0.960000
0.960000
0.960000
0.960000
0.960000
0.960000
0.960000
0.960000
0.960000
0.960000
0.960000
0.960000
0.960000
0.960000
0.960000
0.960000
0.960000
0.960000
0.960000
0.960000
0.960000
0.960000
0.960000
0.960000
0.960000
0.960000
0.960000
0.960000
0.960000
0.960000
0.960000
0.960000
0.960000
0.960000
0.960000
0.960000
0.960000
0.960000
0.960000
0.960000
0.960000
0.960000
0.960000
0.960000
0.960000
0.960000
0.960000
0.960000
0.960000
0.960000
0.960000
0.960000
0.960000
0.960000
0.960117
0.960117
0.960117
0.960117
0.960117
0.960117
0.960117
0.960117
0.960117
0.960117
0.960117
0.960117
0.960117
0.960117
0.960117
0.960117
0.960117
0.960117
0.960117
0.960117
0.960117
0.960117
0.960117
0.960117
0.960117
0.960117
0.960117
0.960233
0.960233
0.960233
0.960117
0.960117
0.960117
0.960117
0.960117
0.960117
0.960117
0.960117
0.960117
0.960117
0.960117
0.960117
0.960117
0.960117
0.960117
0.960117
0.960233
0.960233
0.960233
0.960233
0.960233
0.960233
0.960233
0.960233
0.960233
0.960233
0.960233
0.960117
0.960117
0.960117
0.960117
0.960117
0.960117
0.960117
0.960117
0.960117
0.960117
0.960117
0.960117
0.960117
0.960117
0.960117
0.960117
0.960117
0.960117
0.960117
0.960000
0.960000
0.960000
0.960000
0.960000
0.960000
0.960000
0.960000
0.960000
0.960000
0.960000
0.960000
0.960000
0.960000
0.960000
0.960000
0.960000
0.960000
0.960000
0.960000
0.960000
0.960000
0.960000
0.960000
0.960000
0.960000
0.960000
0.960000
0.960000
0.960000
0.960000
0.960000
0.960000
0.960000
0.960000
0.960000
0.960000
0.960000
0.960000
0.960000
0.960000
0.960000
0.960000
0.960000
0.960000
0.960000
0.960000
0.960000
0.960000
0.960117
0.960117
0.960117
0.960117
0.960117
0.960233
0.960350
0.960350
0.960350
0.960350
0.960350
0.960350
0.960350
0.960350
0.960350
0.960350
0.960350
0.960350
0.960350
0.960350
0.960350
0.960350
0.960350
0.960350
0.960350
0.960350
0.960350
0.960350
0.960350
0.960350
0.960233
0.960233
0.960233
0.960233
0.960233
0.960117
0.960000
0.960000
0.960000
0.960000
0.960000
0.960000
0.960000
0.960000
0.960000
0.960000
0.960000
0.960000
0.960000
0.966880
0.967114
0.967114
0.967114
0.972478
0.973761
0.973877
0.973877
0.973877
0.973877
0.973877
0.973877
0.973877
0.973877
0.973877
0.973877
0.973877
0.973877
0.973877
0.973877
0.973877
0.973877
0.973877
0.973877
0.973877
0.976909
0.980175
0.980175
0.980175
0.980175
0.973294
0.973061
0.973061
0.973061
0.967697
0.966414
0.966297
0.966297
0.966297
0.966297
0.966297
0.966297
0.966297
0.966297
0.966297
0.966297
0.966297
0.966297
0.966297
0.966297
0.966297
0.966297
0.966297
0.966297
0.966297
0.963265
0.960000
0.960000
0.960000
0.960000
0.960000
0.960000
0.960000
0.960000
0.960000
0.960000
0.960000
0.960000
0.960000
0.960000
0.960000
0.960000
0.960000
0.960000
0.960233
0.960233
0.960233
0.960233
0.960233
0.960233
0.960233
0.960233
0.960350
0.960466
0.960466
0.964898
0.968163
0.968163
0.968163
0.970379
0.970379
0.970379
0.970379
0.970379
0.970379
0.970379
0.970379
0.970379
0.970379
0.970379
0.970379
0.971312
0.979708
0.980175
0.979941
0.979941
0.979941
0.979941
0.979941
0.979941
0.979941
0.980058
0.979941
0.979825
0.979825
0.975393
0.972128
0.972128
0.972128
0.969912
0.969912
0.970029
0.970029
0.970029
0.970029
0.970029
0.970029
0.970029
0.970029
0.970029
0.970146
0.969213
0.960816
0.960350
0.960350
0.960350
0.960350
0.960350
0.960350
0.960350
0.960466
0.960350
0.960350
0.960350
0.961982
0.967114
0.967114
0.967114
0.967114
0.967114
0.967114
0.966997
0.966997
0.966997
0.966997
0.966997
0.966997
0.966997
0.966997
0.966997
0.966880
0.966880
0.966880
0.966880
0.966880
0.966880
0.966880
0.966880
0.966880
0.966880
0.966764
0.966764
0.966764
0.966764
0.965131
0.960000
0.960000
0.960000
0.960000
0.960000
0.960000
0.960000
0.960000
0.960000
0.960000
0.960000
0.960000
0.960000
0.960000
0.960000
0.960000
0.960000
0.960000
0.966297
0.972245
0.979941
0.986239
0.992186
0.998133
1.004081
1.010028
1.015976
1.021923
1.027754
1.033701
1.039765
1.045596
1.051544
1.057957
1.063905
1.069852
1.075800
1.077316
1.077316
1.077316
1.077316
1.077316
1.077316
1.077316
1.077316
1.077316
1.077316
1.077316
1.071018
1.065071
1.057374
1.051077
1.050844
1.055625
1.060290
1.061922
1.055975
1.050028
1.044197
1.038483
1.032419
1.026588
1.026355
1.028687
1.022973
1.017375
1.011428
1.010145
1.010145
1.010145
1.010145
1.010145
1.010145
1.010145
1.010262
1.010262
1.010378
1.010495
1.010495
1.010495
1.010611
1.010611
1.004897
0.998017
0.992186
0.989271
0.998833
1.005713
1.006180
1.005947
1.005947
1.005947
1.000233
0.991486
0.991253
0.990903
0.990903
0.990903
0.990903
0.990903
0.990903
0.990903
0.991603
0.993236
0.997434
0.999416
0.999300
0.999183
0.999183
0.999183
0.999066
0.999066
0.999066
0.995218
0.990437
0.985772
0.976210
0.969329
0.968863
0.968863
0.968979
0.968979
0.969563
0.969796
0.969796
0.969796
0.969796
0.969563
0.969563
0.969563
0.969563
0.969563
0.968863
0.967230
0.963032
0.961050
0.961050
0.961050
0.961050
0.961050
0.961050
0.961050
0.961050
0.961050
0.961166
0.961166
0.961166
0.961166
0.961166
0.961166
0.961050
0.961050
0.960466
0.960350
0.960350
0.960350
0.960350
0.960350
0.960350
0.960350
0.960350
0.960350
0.960350
0.960350
0.960233
0.960233
0.960233
0.960233
0.960233
0.960233
0.960233
0.960233
0.960233
0.960233
0.960117
0.960117
0.960117
0.960233
0.960233
0.960233
0.960350
0.960350
0.960350
0.960233
0.960233
0.960233
0.960233
0.960233
0.960233
0.960233
0.960233
0.960233
0.960233
0.960233
0.960233
0.960233
0.960233
0.960233
0.960233
0.960233
0.960233
0.960233
0.960350
0.960350
0.960350
0.960350
0.960350
0.960233
0.960233
0.960233
0.960117
0.960117
0.960117
0.960117
0.960117
0.960233
0.960233
0.960233
0.960233
0.960233
0.960233
0.960233
0.960233
0.960233
0.960233
0.960350
0.960350
0.960350
0.960350
0.960350
0.960350
0.960350
0.960233
0.960233
0.960350
0.960350
0.960350
0.960350
0.960350
0.960350
0.960350
0.960350
0.960350
0.960350
0.960350
0.960233
0.960233
0.960233
0.960233
0.960233
0.960233
0.960233
0.960233
0.960233
0.960233
0.960117
0.960117
0.960233
0.960233
0.960233
0.960233
0.960233
0.960233
0.960233
0.960117
0.960117
0.960117
0.960117
0.960117
0.960117
0.960117
0.960117
0.960117
0.960117
0.960117
0.960117
0.960117
0.960117
0.960117
0.960117
0.960117
0.960117
0.960117
0.960117
0.960117
0.960117
0.960117
0.960000
0.960000
0.960000
0.960000
0.960000
0.960000
0.960000
0.960000
0.960000
0.960000
0.960000
0.960000
0.960000
0.960000
0.960000
0.960000
0.960000
0.960000
0.960000
0.960000
0.960000
0.960000
0.960000
0.960000
0.960000
0.960000
0.960000
0.960000
0.960000
0.960000
0.960000
0.960000
0.960000
0.960000
0.960000
0.960000
0.960000
0.960000
0.960000
0.960000
0.960000
0.960000
0.960000
0.960000
0.960000
0.960000
0.960000
0.960000
0.960000
0.960000
0.960000
0.960000
0.960000
0.960000
0.960000
0.960000
0.960000
0.960000
0.960000
0.960000
0.960000
0.960000
0.960000
0.960000
0.960000
0.960000
0.960000
0.960000
0.960000
0.960000
0.960000
0.960000
0.960000
0.960000
0.960000
0.960000
0.960000
0.960000
0.960000
0.960000
0.960000
0.960000
0.960000
0.960000
0.960000
0.960000
0.960000
0.960000
0.960000
0.960000
0.960000
0.960000
0.960000
0.960000
0.960000
0.960000
0.960000
0.960000
0.960000
0.960000
0.960000
0.960000
0.960000
0.960000
0.960000
0.960000
0.960000
0.960000
0.960000
0.960000
0.960000
0.960000
0.960000
0.960000
0.960000
0.960000
0.960000
0.960000
0.960000
0.960000
0.960000
0.960000
0.960000
0.960000
0.960000
0.960000
0.960000
0.960000
0.960000
0.960000
0.960000
0.960000
0.960000
0.960000
0.960000
0.960000
0.960000
0.960000
0.960000
0.960000
0.960000
0.960000
0.960000
0.960000
0.960000
0.960000
0.960000
0.960000
0.960000
0.960000
0.960000
0.960000
0.960000
0.960000
0.960000
0.960000
0.960000
0.960000
0.960000
0.960000
0.960000
0.960000
0.960000
0.960000
0.960000
0.960000
0.960000
0.960000
0.960000
0.960000
0.960000
0.960000
0.960000
0.960000
0.960000
0.960000
0.960000
0.960000
0.960000
0.960000
0.960000
0.960000
0.960000
0.960000
0.960000
0.960000
0.960000
0.960000
0.960000
0.960000
0.960000
0.960000
0.960000
0.960000
0.960000
0.960000
0.960000
0.960000
0.960000
0.960000
0.960000
0.960000
0.960000
0.960000
0.960000
0.960000
0.960000
0.960000
0.960000
0.960000
0.960000
0.960000
0.960000
0.960000
0.960000
0.960000
0.960000
0.960000
0.960000
0.960000
0.960000
0.960000
0.960000
0.960000
0.960000
0.960000
0.960000
0.960000
0.960000
0.960000
0.960000
0.960000
0.960000
0.960000
0.960000
0.960000
0.960000
0.960000
0.960000
0.960000
0.960000
0.960000
0.960000
0.960000
0.960000
0.960000
0.960000
0.960000
0.960000
0.960000
0.960000
0.960000
0.960000
0.960000
0.960000
0.960000
0.960000
0.960000
0.960000
0.960000
0.960000
0.960000
0.960000
0.960000
0.960000
0.960000
0.960000
0.960000
0.960000
0.960000
0.960000
0.960000
0.960000
0.960000
0.960000
0.960000
0.966764
0.970262
0.973644
0.977026
0.980408
0.983790
0.987172
0.990553
0.993935
0.997317
1.000699
1.004081
1.007463
1.010845
1.014226
1.017608
1.020990
1.024372
1.027754
1.031019
1.034401
1.037783
1.041165
1.044547
1.047929
1.051194
1.054576
1.057957
1.061339
1.064721
1.061223
1.061106
1.061106
1.061106
1.060990
1.060990
1.060990
1.060990
1.060873
1.060873
1.060873
1.060756
1.060756
1.060756
1.060640
1.060640
1.060640
1.060523
1.060523
1.060640
1.060523
1.060523
1.060523
1.060406
1.060406
1.060523
1.060406
1.060406
1.060406
1.058424
1.055159
1.051777
1.048395
1.045013
1.041748
1.038366
1.034984
1.031602
1.028337
1.031252
1.027987
1.024722
1.021340
1.017958
1.014693
1.011311
1.007929
1.004664
1.001282
0.997900
0.994635
0.991253
0.987871
0.984606
0.981224
0.977842
0.974577
0.971195
0.967813
0.966414
0.966414
0.966414
0.966414
0.966414
0.966530
0.966530
0.966530
0.974111
0.977492
0.971195
0.971079
0.971079
0.971195
0.971428
0.971428
0.971428
0.971428
0.971428
0.971428
0.971428
0.971428
0.971428
0.971428
0.971428
0.971428
0.971428
0.971428
0.971428
0.971428
0.971428
0.971428
0.971428
0.971428
0.971428
0.971312
0.971312
0.971312
0.963732
0.960350
0.960350
0.960350
0.960350
0.960233
0.960000
0.960000
0.960000
0.960000
0.960000
0.960000
0.960000
0.960000
0.960000
0.960000
0.960000
0.960000
0.960000
0.960000
0.960000
0.960000
0.960000
0.960000
0.960000
0.960000
0.960350
0.960350
0.960350
0.967930
0.967930
0.967930
0.967930
0.967930
0.967930
0.967930
0.967930
0.967930
0.967930
0.967930
0.967930
0.967930
0.976326
0.977492
0.977492
0.978192
0.978192
0.978192
0.978192
0.978192
0.978425
0.978425
0.978425
0.978425
0.978425
0.978425
0.978075
0.978075
0.978425
0.970845
0.970845
0.970845
0.971195
0.971195
0.971195
0.971545
0.971545
0.971545
0.971545
0.971545
0.971545
0.971545
0.963149
0.961982
0.969329
0.971312
0.971312
0.971428
0.972361
0.972361
0.972128
0.972361
0.972361
0.972361
0.972361
0.972361
0.972361
0.972361
0.972011
0.972011
0.972011
0.972011
0.971662
0.971662
0.971662
0.972011
0.974810
0.974927
0.974927
0.975976
0.976093
0.976093
0.976093
0.976326
0.969563
0.966880
0.966880
0.966764
0.965831
0.965831
0.965831
0.965598
0.965598
0.965598
0.965598
0.965598
0.965598
0.965598
0.965598
0.965598
0.965598
0.965598
0.965831
0.965831
0.965831
0.965248
0.962449
0.962332
0.962332
0.961399
0.961283
0.961283
0.961283
0.961283
0.960700
0.960700
0.960700
0.960700
0.960700
0.960700
0.960700
0.960700
0.960700
0.960700
0.960700
0.960700
0.960700
0.960700
0.960700
0.960700
0.960700
0.960700
0.960466
0.960466
0.960466
0.960350
0.960350
0.960350
0.960350
0.960233
0.960233
0.960233
0.960233
0.960000
0.963032
0.967697
0.969213
0.975043
0.979825
0.984606
0.989271
0.992186
0.992186
0.992186
0.992186
0.992186
0.992186
0.992186
0.992186
0.992186
0.992186
0.992186
0.992186
0.992186
0.992186
0.992186
0.992186
0.992186
0.992186
0.992186
0.992186
0.995568
1.001749
1.001749
0.998717
0.994052
0.992536
0.986705
0.981924
0.977143
0.972478
0.969563
0.969563
0.969563
0.969563
0.969563
0.969563
0.969563
0.969563
0.969563
0.969563
0.969563
0.970262
0.971079
0.971079
0.971079
0.971079
0.971079
0.971079
0.971079
0.971079
0.967697
0.961516
0.961516
0.961516
0.961516
0.961516
0.961516
0.961516
0.961516
0.961516
0.961516
0.961516
0.961516
0.961516
0.961516
0.961516
0.961516
0.961516
0.961516
0.961516
0.961516
0.960816
0.960000
0.960000
0.960000
0.960000
0.960000
0.960000
0.960000
0.960000
0.960000
0.960000
0.960000
0.960000
0.960000
0.960000
0.960000
0.960000
0.960000
0.960000
0.960000
0.960000
0.960000
0.960000
0.960000
0.960000
0.960000
0.960000
0.960000
0.960000
0.960000
0.960000
0.960000
0.960000
0.960000
0.960000
0.960000
0.960000
0.960000
0.960000
0.960000
0.960000
0.960000
0.960000
0.960000
0.965481
0.970612
0.970612
0.970612
0.970612
0.971079
0.972128
0.972128
0.972128
0.972128
0.973061
0.973061
0.973061
0.973178
0.973178
0.973527
0.973527
0.973527
0.973527
0.973527
0.974810
0.974810
0.981924
0.985072
0.985072
0.985072
0.985072
0.985072
0.990787
0.995451
0.989970
0.984839
0.984839
0.984839
0.984839
0.984373
0.983323
0.983323
0.983323
0.983323
0.982390
0.982390
0.982390
0.982274
0.982274
0.981924
0.981924
0.981924
0.981924
0.981924
0.980641
0.980641
0.973527
0.970379
0.970379
0.970379
0.970379
0.970379
0.964665
0.960000
0.960000
0.960000
0.960000
0.960000
0.960000
0.960000
0.960000
0.960000
0.960000
0.960000
0.960000
0.960000
0.960000
0.960000
0.960000
0.960000
0.960000
0.960000
0.960000
0.960000
0.960000
0.960000
0.960000
0.960000
0.966181
0.966297
0.966297
0.966297
0.966297
0.966297
0.966297
0.966297
0.966297
0.966297
0.966297
0.966297
0.966297
0.966297
0.966297
0.966297
0.966297
0.966297
0.966297
0.966297
0.966297
0.966297
0.966297
0.966297
0.966297
0.966297
0.966297
0.966297
0.966297
0.966297
0.960117
0.960000
0.960000
0.960000
0.960000
0.960000
0.960000
0.960000
0.960000
0.960000
0.960000
0.960000
0.960000
0.960000
0.960000
0.967580
0.969912
0.969912
0.969912
0.969912
0.969912
0.969912
0.969912
0.969912
0.969912
0.969912
0.969912
0.969912
0.969912
0.969912
0.969912
0.969912
0.969912
0.969912
0.969912
0.969912
0.969912
0.969912
0.969912
0.969912
0.969912
0.969912
0.969912
0.969912
0.969912
0.962332
0.960000
0.960000
0.960000
0.960000
0.960000
0.960000
0.960000
0.960000
0.960000
0.960000
0.960000
0.960000
0.960000
0.960000
0.960000
0.960000
0.960000
0.960000
0.960000
0.960000
0.960000
0.960000
0.960000
0.960000
0.960000
0.960000
0.960000
0.960000
0.960000
0.960000
0.960000
0.960000
0.960000
0.960000
0.960000
0.960000
0.960000
0.960000
0.960000
0.960000
0.960000
0.960000
0.960000
0.960000
0.960000
0.960000
0.960000
0.960000
0.960000
0.960000
0.960000
0.960000
0.960000
0.960000
0.960000
0.960000
0.960000
0.960000
0.960000
0.960000
0.960000
0.960000
0.960000
0.960000
0.965364
0.966181
0.966181
0.966181
0.966181
0.966181
0.966181
0.973294
0.982973
0.983323
0.983323
0.983323
0.983323
0.983323
0.983323
0.985422
0.993935
0.993935
0.993935
0.993935
0.993935
0.993935
0.993935
0.993935
0.993935
0.993935
0.993935
0.993935
0.993935
0.993935
0.988571
0.987755
0.987755
0.987755
0.987755
0.987755
0.987755
0.980641
0.970962
0.970612
0.970612
0.970612
0.970612
0.970612
0.970612
0.968513
0.960000
0.960000
0.960000
0.960000
0.960000
0.960000
0.960000
0.960000
0.960000
0.960000
0.960000
0.960000
0.960000
0.960000
0.960000
0.960000
0.960000
0.960000
0.960000
0.960000
0.960000
0.960000
0.960000
0.960000
0.960000
0.960000
0.961982
0.970146
0.970146
0.970146
0.970146
0.970262
0.970262
0.970262
0.970262
0.970262
0.970379
0.970379
0.970379
0.970379
0.970379
0.970612
0.972944
0.977026
0.977026
0.977026
0.977026
0.977026
0.977026
0.977026
0.977026
0.977026
0.978775
0.978775
0.978775
0.978775
0.976793
0.968630
0.968630
0.968630
0.968630
0.968513
0.970612
0.974810
0.974927
0.974927
0.974810
0.974810
0.974810
0.974810
0.974810
0.974577
0.972245
0.968163
0.968163
0.968163
0.968163
0.968280
0.968280
0.968280
0.968280
0.968280
0.966530
0.966530
0.966530
0.966647
0.966647
0.966764
0.966764
0.966764
0.966764
0.966764
0.964665
0.960466
0.960350
0.960466
0.960466
0.960466
0.961166
0.962216
0.962216
0.962216
0.962216
0.962216
0.962216
0.962216
0.962216
0.962099
0.962099
0.962099
0.962099
0.962099
0.962099
0.962099
0.962099
0.961982
0.961982
0.961866
0.961866
0.961866
0.961866
0.961866
0.961866
0.961866
0.961866
0.961749
0.961749
0.961749
0.961050
0.960000
0.960000
0.960000
0.960000
0.960117
0.960117
0.960117
0.960117
0.960117
0.960117
0.960117
0.960117
0.960117
0.960117
0.960117
0.960117
0.960117
0.960117
0.960117
0.960117
0.960117
0.960117
0.960117
0.960117
0.960117
0.960117
0.960117
0.966880
0.968513
0.968513
0.968513
0.968513
0.968513
0.968513
0.968396
0.968396
0.968396
0.968396
0.973061
0.977842
0.982624
0.987288
0.992069
0.996734
1.001515
1.006180
1.010845
1.014926
1.014926
1.014926
1.014926
1.015742
1.015742
1.015742
1.015742
1.015742
1.015742
1.008979
1.007346
1.007346
1.007346
1.007346
1.007346
1.007346
1.007346
1.007346
1.007346
1.007346
1.005364
1.007929
1.003148
0.998483
0.993702
0.989037
0.984256
0.979591
0.974927
0.970845
0.970845
0.970845
0.970845
0.970029
0.970029
0.970029
0.970029
0.970029
0.970029
0.970029
0.970029
0.970029
0.970029
0.970029
0.970029
0.970029
0.970029
0.970029
0.970029
0.970029
0.967347
0.960000
0.960000
0.960000
0.960000
0.960000
0.960000
0.960000
0.960000
0.960000
0.960000
0.960000
0.960000
0.960000
0.960000
0.960000
0.960000
0.960000
0.960000
0.960000
0.960000
0.960000
0.960000
0.960000
0.960000
0.960000
0.960000
0.960000
0.960000
0.960000
0.960000
0.960000
0.960000
0.960000
0.960000
0.960000
0.960000
0.960000
0.960000
0.960000
0.960000
0.960000
0.960000
0.960000
0.960000
0.960000
0.960000
0.960000
0.960000
0.960000
0.960000
0.960000
0.960000
0.960000
0.960000
0.960000
0.960000
0.960000
0.960000
0.960000
0.960000
0.960000
0.960000
0.960000
0.960000
0.960000
0.960000
0.960000
0.960000
0.960000
0.960000
0.960000
0.960000
0.960000
0.960000
0.960000
0.960000
0.960000
0.960000
0.960000
0.960000
0.960000
0.960000
0.960000
0.960000
0.960000
0.960000
0.960000
0.960000
0.960000
0.960000
0.960000
0.960000
0.960000
0.960000
0.960000
0.960000
0.960000
0.960000
0.960000
0.960000
0.960000
0.960000
0.960000
0.960000
0.960000
0.960000
0.960000
0.960000
0.960000
0.960000
0.960000
0.960000
0.960000
0.960000
0.960000
0.960000
0.960000
0.960000
0.960000
0.960000
0.960000
0.960000
0.960000
0.960000
0.960000
0.960000
0.960000
0.960000
0.960000
0.960000
0.960000
0.960000
0.960000
0.960000
0.964781
0.966297
0.966414
0.967463
0.967463
0.967463
0.967463
0.967463
0.967463
0.967463
0.967463
0.967463
0.967463
0.967463
0.967463
0.967463
0.967463
0.967463
0.967463
0.967463
0.967463
0.967463
0.974460
0.977609
0.977609
0.977609
0.977609
0.977609
0.977609
0.977609
0.972828
0.971312
0.971195
0.970146
0.970146
0.970146
0.970146
0.970146
0.972828
0.978775
0.984606
0.990437
0.996268
1.001982
1.009795
1.018541
1.019358
1.019941
1.020057
1.020057
1.020057
1.020057
1.013177
1.018075
1.019824
1.020290
1.021573
1.021573
1.021573
1.021573
1.021573
1.021573
1.021573
1.021573
1.021573
1.021573
1.021573
1.021573
1.018891
1.012944
1.007113
1.001282
0.995451
0.989737
0.981924
0.978659
0.982507
0.981924
0.981807
0.981807
0.981807
0.981807
0.981691
0.973644
0.971895
0.971428
0.970146
0.970146
0.970146
0.970146
0.970146
0.970146
0.970146
0.970146
0.970146
0.970146
0.970146
0.970146
0.970146
0.970146
0.970146
0.970146
0.970146
0.970146
0.970146
0.964665
0.960000
0.960000
0.960000
0.960000
0.960000
0.960000
0.960000
0.960000
0.960000
0.960000
0.960000
0.960000
0.960000
0.960000
0.960000
0.960000
0.960000
0.960000
0.960000
0.960000
0.960000
0.960000
0.960000
0.960000
0.960000
0.960000
0.960000
0.960000
0.960000
0.960000
0.960000
0.960000
0.960000
0.960000
0.960000
0.960000
0.960000
0.960000
0.960000
0.960000
0.960000
0.960000
0.960000
0.960000
0.960000
0.960000
0.960000
0.960000
0.960000
0.960000
0.960000
0.960000
0.960000
0.960000
0.960000
0.960000
0.960000
0.960000
0.960000
0.960000
0.960000
0.960000
0.960000
0.960000
0.960000
0.960000
0.960000
0.960000
0.960000
0.960000
0.960000
0.960000
0.960000
0.960000
0.960000
0.960000
0.960000
0.960000
0.960000
0.960000
0.960000
0.960000
0.960000
0.960000
0.960000
0.960000
0.960000
0.960000
0.960000
0.960000
0.960000
0.960000
0.960000
0.960000
0.960000
0.960000
0.960000
0.960000
0.960000
0.960000
0.960000
0.960000
0.960000
0.960000
0.960000
0.960000
0.960000
0.960000
0.960000
0.960000
0.960000
0.960000
0.960000
0.960000
0.960000
0.960000
0.960000
0.960000
0.960000
0.960000
0.960000
0.960000
0.960000
0.960000
0.960000
0.960000
0.960000
0.960000
0.960000
0.960000
0.960000
0.960000
0.960000
0.960000
0.960000
0.960000
0.960000
0.960000
0.960000
0.960000
0.960000
0.960000
0.960000
0.960000
0.960000
0.960000
0.960000
0.960000
0.960000
0.960000
0.960000
0.960000
0.960000
0.960000
0.960000
0.960000
0.960000
0.960000
0.960000
0.960000
0.960000
0.960000
0.960000
0.960000
0.960000
0.960000
0.960000
0.960000
0.960000
0.960000
0.960000
0.960000
0.960000
0.960000
0.960000
0.960000
0.960000
0.960000
0.960000
0.960000
0.960000
0.960000
0.960000
0.960000
0.960000
0.960000
0.960000
0.960000
0.960000
0.960000
0.960000
0.960000
0.960000
0.960000
0.960000
0.960000
0.960000
0.960000
0.960000
0.960000
0.960000
0.960000
0.960000
0.960000
0.960000
0.960000
0.960000
0.960000
0.960000
0.960000
0.960000
0.960000
0.960000
0.960000
0.960000
0.960000
0.960000
0.960000
0.960000
0.960000
0.960000
0.960000
0.960000
0.960000
0.960000
0.960000
0.960000
0.960000
0.960000
0.960000
0.960000
0.960000
0.960000
0.960000
0.960000
0.960000
0.960000
0.960000
0.960000
0.960000
0.960000
0.960000
0.960000
0.960000
0.960000
0.960000
0.960000
0.960000
0.960000
0.960000
0.960000
0.960000
0.960000
0.960000
0.960000
0.960000
0.960000
0.960000
0.960000
0.960000
0.960000
0.960000
0.960000
0.960000
0.960000
0.960000
0.960000
0.960000
0.960000
0.960000
0.960000
0.960000
0.960000
0.960000
0.960000
0.960000
0.960000
0.960000
0.960000
0.960000
0.960000
0.960000
0.960000
0.960000
0.960000
0.960000
0.960000
0.960000
0.960000
0.966414
0.969796
0.973178
0.976559
0.979941
0.983323
0.986705
0.990087
0.993469
0.996851
1.000233
1.003614
1.006996
1.010378
1.013760
1.017142
1.020524
1.023906
1.027287
1.030669
1.034051
1.037433
1.040815
1.044197
1.047579
1.050961
1.054226
1.057608
1.060990
1.064371
1.061339
1.061339
1.061339
1.061339
1.061223
1.061223
1.061223
1.061223
1.061223
1.061223
1.061106
1.061106
1.061106
1.061106
1.061106
1.060990
1.060990
1.060990
1.060990
1.060873
1.060873
1.060873
1.060873
1.060873
1.060756
1.060756
1.060873
1.060756
1.060756
1.059357
1.055975
1.052593
1.049211
1.045829
1.042564
1.039182
1.035800
1.032419
1.029037
1.025655
1.022390
1.019008
1.015626
1.012244
1.008862
1.005597
1.002215
0.998833
0.995451
0.992186
0.988804
0.985422
0.982040
0.978659
0.975393
0.972011
0.968630
0.965364
0.961982
0.960000
0.960000
0.960000
0.960000
0.960000
0.960000
0.960000
0.960000
0.960000
0.960000
0.960000
0.960000
0.960000
0.960000
0.960000
0.960000
0.960000
0.960000
0.960000
0.960000
0.960000
0.960000
0.960000
0.960000
0.960000
0.960000
0.960000
0.960000
0.960000
0.960000
0.960000
0.960000
0.960000
0.960000
0.960000
0.960000
0.960000
0.960000
0.960000
0.960000
0.960000
0.960000
0.960000
0.960000
0.960000
0.960000
0.960000
0.960000
0.960000
0.960000
0.960000
0.960000
0.960000
0.960000
0.960000
0.960000
0.960000
0.960000
0.960000
0.960000
0.960000
0.960000
0.960000
0.960000
0.960000
0.960000
0.960000
0.960000
0.960000
0.960000
0.960000
0.960000
0.960000
0.960000
0.960000
0.960000
0.960000
0.960000
0.960000
0.960000
0.960000
0.960000
0.960000
0.960000
0.960000
0.960000
0.960000
0.960000
0.967230
0.977026
0.979591
0.979591
0.979591
0.979591
0.979591
0.980175
0.980874
0.983323
0.987172
0.987172
0.987172
0.987172
0.987172
0.987172
0.987172
0.987172
0.987172
0.987172
0.987405
0.988221
0.988221
0.988221
0.988571
0.988921
0.994402
0.995685
0.995685
0.995685
0.988454
0.978659
0.976093
0.976093
0.976093
0.976093
0.976093
0.975510
0.974810
0.972361
0.968513
0.968513
0.968513
0.968513
0.968513
0.968513
0.968513
0.968513
0.968513
0.968513
0.968280
0.967463
0.967463
0.967463
0.967114
0.966764
0.961283
0.960000
0.960000
0.960000
0.960000
0.960000
0.960000
0.960000
0.960000
0.960000
0.960000
0.960000
0.960000
0.960000
0.960000
0.967230
0.969912
0.969912
0.970029
0.972361
0.975043
0.977726
0.979475
0.980175
0.980641
0.980874
0.980874
0.980874
0.982274
0.985306
0.988454
0.991253
0.991253
0.991253
0.991253
0.991253
0.991253
0.991253
0.991720
0.994052
0.996851
0.997784
0.997900
0.997900
0.997900
0.990670
0.987988
0.987988
0.987871
0.985539
0.983673
0.982157
0.980408
0.980641
0.980408
0.981457
0.982973
0.982973
0.981574
0.978542
0.975393
0.972595
0.972595
0.972595
0.972595
0.972595
0.972595
0.972595
0.972128
0.969796
0.966997
0.966064
0.965947
0.965947
0.965947
0.965947
0.965947
0.965947
0.965947
0.965947
0.965131
0.963965
0.963965
0.963032
0.962799
0.961516
0.960000
0.960000
0.960000
0.960000
0.960000
0.960000
0.960000
0.960000
0.960000
0.965364
0.966181
0.966181
0.966181
0.966181
0.966181
0.966181
0.966181
0.966181
0.966181
0.966181
0.966181
0.966181
0.966181
0.966181
0.966181
0.966764
0.967347
0.967347
0.967347
0.967347
0.967347
0.967347
0.967347
0.967347
0.967347
0.967347
0.967347
0.967347
0.967347
0.961982
0.961166
0.961166
0.961166
0.962216
0.962216
0.962216
0.962216
0.962216
0.962216
0.964548
0.964781
0.964781
0.964781
0.964781
0.964781
0.964198
0.963615
0.963615
0.963615
0.963615
0.963615
0.963615
0.963615
0.963615
0.971662
0.980758
0.985539
0.990553
0.995451
1.000349
1.005247
1.010145
1.015043
1.019008
1.023906
1.026704
1.026704
1.026704
1.026704
1.024372
1.024139
1.024139
1.026355
1.040582
1.050727
1.062039
1.073584
1.085246
1.096907
1.104487
1.104487
1.104487
1.104721
1.105537
1.098656
1.089794
1.085012
1.079998
1.075100
1.070202
1.065304
1.060406
1.055509
1.050494
1.045596
1.042797
1.042797
1.042797
1.042797
1.042797
1.042797
1.049328
1.054576
1.048278
1.041748
1.030436
1.019474
1.007929
0.996268
0.989271
0.989271
0.989387
0.989154
0.988338
0.987172
0.986938
0.986938
0.986938
0.986938
0.986938
0.986938
0.986938
0.986938
0.986938
0.986938
0.986938
0.986938
0.986938
0.986938
0.986938
0.986938
0.980408
0.972944
0.965014
0.961399
0.961399
0.966880
0.978309
0.989970
1.000932
1.013060
1.024605
1.036267
1.047929
1.049211
1.049211
1.049211
1.049211
1.049211
1.049211
1.049211
1.049211
1.049211
1.049211
1.049211
1.049211
1.049211
1.049211
1.049211
1.049211
1.049211
1.049211
1.049211
1.049211
1.049211
1.049211
1.043147
1.031602
1.019941
1.008396
0.996268
0.984606
0.972944
0.961283
0.960000
0.960000
0.960000
0.960000
0.960000
0.960000
0.960000
0.960000
0.960000
0.960000
0.960000
0.960000
0.960000
0.960117
0.960117
0.960117
0.960233
0.960233
0.960233
0.960233
0.960233
0.960233
0.960233
0.960233
0.960233
0.960233
0.960233
0.960233
0.960233
0.960350
0.960350
0.960350
0.960466
0.960466
0.960466
0.960583
0.960583
0.960583
0.960583
0.960583
0.960583
0.960583
0.960583
0.960466
0.960466
0.960466
0.960350
0.960350
0.960350
0.960466
0.960466
0.960466
0.960466
0.962915
0.966647
0.966647
0.966647
0.966647
0.966647
0.966530
0.966530
0.966530
0.966414
0.966414
0.966414
0.966297
0.966297
0.966297
0.966297
0.966297
0.966297
0.966297
0.966297
0.966297
0.967813
0.978542
0.989271
0.999883
1.008862
1.017842
1.026938
1.036034
1.045246
1.048278
1.044547
1.044547
1.044547
1.044547
1.044547
1.044547
1.044547
1.044547
1.044547
1.044547
1.044547
1.044547
1.044547
1.044547
1.044547
1.044547
1.044547
1.044547
1.044547
1.044547
1.043031
1.032302
1.021573
1.010961
1.001982
0.992886
0.983790
0.974694
0.965481
0.960000
0.960000
0.960000
0.960000
0.960000
0.960000
0.960000
0.960000
0.960000
0.965947
0.966064
0.966064
0.966064
0.966064
0.966064
0.966064
0.966064
0.966064
0.966064
0.966064
0.966064
0.966064
0.966064
0.966064
0.966064
0.966064
0.966064
0.966064
0.966064
0.966064
0.966064
0.966064
0.966064
0.966064
0.966064
0.966064
0.966064
0.966064
0.966064
0.960117
0.960000
0.960000
0.960000
0.960000
0.960000
0.960000
0.960000
0.960000
0.960000
0.960000
0.960000
0.960000
0.960000
0.960000
0.960000
0.960000
0.960000
0.960000
0.960000
0.960000
0.960000
0.960000
0.960000
0.960000
0.960000
0.960000
0.960000
0.960000
0.960000
0.960000
0.961982
0.964548
0.966880
0.966880
0.966880
0.966880
0.966880
0.966880
0.971312
0.973178
0.973178
0.975043
0.987871
0.989970
0.989970
0.989970
0.990087
0.990087
0.990087
0.990320
0.990320
0.990320
0.990320
0.990553
0.990553
0.990553
0.990553
0.990553
0.990553
0.990553
0.988571
0.986005
0.983673
0.983673
0.989620
0.989620
0.989620
0.989620
0.985189
0.983323
0.983323
0.981457
0.968630
0.966530
0.968979
0.971895
0.974694
0.977376
0.977842
0.980291
0.982857
0.983790
0.984256
0.984023
0.989387
0.996617
1.003848
1.012944
1.016792
1.017492
1.017492
1.017492
1.017492
1.018308
1.012361
1.012361
1.012477
1.013760
1.016209
1.019124
1.019591
1.019591
1.019591
1.019591
1.017142
1.014226
1.011311
1.008629
1.008162
1.005480
1.002915
1.001982
1.001515
1.001515
0.998250
0.997667
0.997084
0.994985
0.998133
1.004547
1.011544
1.014926
1.014926
1.014110
1.014110
1.014110
1.013993
1.012710
1.010262
1.007346
1.006880
1.006880
1.006880
1.006880
1.006880
1.006880
1.006880
1.010028
1.020757
1.024955
1.024955
1.024955
1.024955
1.024955
1.022856
1.016209
1.009562
1.002565
0.995568
0.988454
0.981457
0.978075
0.978075
0.978075
0.978075
0.978075
0.978075
0.978075
0.978075
0.978075
0.978075
0.978075
0.978075
0.978075
0.978075
0.978075
0.978075
0.974927
0.964198
0.960000
0.960000
0.960000
0.960000
0.960000
0.960000
0.960000
0.960000
0.960000
0.960000
0.960000
0.960000
0.968863
0.968863
0.968863
0.968863
0.968863
0.968863
0.968863
0.968863
0.968863
0.968863
0.968863
0.968863
0.968863
0.968863
0.968863
0.968863
0.969563
0.969563
0.969563
0.969563
0.969563
0.969679
0.969679
0.969679
0.969679
0.969679
0.969679
0.969679
0.969679
0.969679
0.960816
0.960816
0.960816
0.960816
0.960816
0.960816
0.960816
0.960816
0.960816
0.960816
0.960816
0.960816
0.960816
0.960816
0.960816
0.960816
0.960117
0.960117
0.960117
0.960117
0.960117
0.960000
0.960350
0.960350
0.960466
0.960466
0.960466
0.960466
0.960466
0.966880
0.966880
0.966880
0.966880
0.966880
0.966997
0.966997
0.966997
0.967697
0.968280
0.968280
0.968280
0.968280
0.968630
0.968630
0.971662
0.974810
0.982507
0.988921
0.989737
0.989737
0.989854
0.989854
0.989504
0.989854
0.989854
0.989854
0.989970
0.989970
0.990087
0.983673
0.987988
0.994052
0.994052
0.994052
0.993935
0.993935
0.993935
0.993236
0.992769
0.993352
0.993702
0.993702
0.993352
0.993352
0.990320
0.987405
0.980058
0.973644
0.972828
0.972828
0.972711
0.972711
0.972711
0.972361
0.972245
0.972478
0.972361
0.972361
0.972245
0.972245
0.967930
0.961866
0.961866
0.961866
0.962099
0.964198
0.968746
0.969213
0.969563
0.969796
0.969912
0.969912
0.969912
0.969912
0.969912
0.969679
0.969329
0.969329
0.969329
0.969446
0.969446
0.969446
0.969563
0.969563
0.969563
0.969329
0.969329
0.969329
0.969329
0.969329
0.969329
0.969329
0.969329
0.969329
0.969096
0.966997
0.962449
0.962099
0.961633
0.960816
0.960350
0.960350
0.960350
0.960350
0.960350
0.960350
0.960350
0.960350
0.960350
0.960233
0.960233
0.960233
0.960117
0.960233
0.960233
0.960350
0.960350
0.960350
0.960350
0.960350
0.960466
0.960583
0.960816
0.960816
0.960816
0.960816
0.960816
0.960700
0.960700
0.960700
0.960700
0.960700
0.960816
0.960816
0.960816
0.960816
0.960816
0.960816
0.960816
0.960816
0.969796
0.969796
0.969796
0.969679
0.969679
0.969563
0.969563
0.969563
0.969563
0.969563
0.969446
0.969329
0.969096
0.969096
0.969096
0.969096
0.969096
0.969096
0.969096
0.969096
0.969096
0.969096
0.968979
0.977259
0.979125
0.979125
0.979125
0.979125
0.979125
0.979125
0.970146
0.970146
0.970146
0.970146
0.970146
0.970146
0.970146
0.970146
0.970146
0.970146
0.970146
0.970146
0.970146
0.970146
0.972245
0.976443
0.976559
0.977026
0.977609
0.977726
0.977726
0.977726
0.984956
0.977026
0.975743
0.977376
0.977492
0.977492
0.977609
0.977609
0.978542
0.978542
0.978542
0.978659
0.978659
0.978659
0.978659
0.978659
0.978659
0.978659
0.978659
0.978659
0.978659
0.978659
0.976559
0.972361
0.972245
0.971778
0.971195
0.971079
0.971079
0.971079
0.963848
0.963498
0.962915
0.961283
0.961166
0.961166
0.961050
0.966181
0.969912
0.969912
0.970146
0.970029
0.970029
0.970029
0.972478
0.976443
0.976443
0.976909
0.984606
0.987055
0.987055
0.987055
0.987055
0.987055
0.987055
0.987055
0.987055
0.987055
0.987055
0.987055
0.987055
0.987055
0.987055
0.987055
0.987055
0.987055
0.987055
0.981924
0.977259
0.977259
0.977026
0.977026
0.977026
0.977026
0.974577
0.970612
0.970612
0.970146
0.962449
0.960000
0.960000
0.960000
0.960000
0.960000
0.960000
0.960000
0.960000
0.960000
0.960000
0.960000
0.960000
0.960000
0.960000
0.960000
0.960000
0.960000
0.960000
0.960000
0.960000
0.960000
0.960000
0.960000
0.960000
0.960000
0.960000
0.960000
0.960000
0.960000
0.960000
0.960000
0.960000
0.960000
0.960000
0.960000
0.960000
0.960000
0.960000
0.960000
0.960000
0.960000
0.960000
0.960000
0.960000
0.960000
0.960000
0.960000
0.960000
0.960000
0.960000
0.960000
0.960000
0.960000
0.960000
0.960000
0.960000
0.960000
0.960000
0.960000
0.960000
0.960000
