0.960000
0.960000
0.960000
0.960000
0.960000
0.960000
0.960000
0.960000
0.960000
0.960000
0.960000
0.960000
0.960000
0.960000
0.960000
0.960000
0.960000
0.960000
0.960000
0.960000
0.960000
0.960000
0.960000
0.960000
0.960000
0.960000
0.960000
0.960000
0.960000
0.960000
0.960000
0.960000
0.960000
0.960000
0.960000
0.960000
0.960000
0.960000
0.960000
0.960000
0.960000
0.960000
0.960000
0.960000
0.960000
0.960000
0.960000
0.960000
0.960000
0.960000
0.960000
0.960000
0.960000
0.960000
0.960000
0.960000
0.960000
0.960000
0.960000
0.960000
0.960000
0.960000
0.960000
0.960000
0.960000
0.960000
0.960000
0.960000
0.960000
0.960000
0.960000
0.960000
0.960000
0.960000
0.960000
0.960000
0.960000
0.960000
0.960000
0.960000
0.960000
0.960000
0.960000
0.960000
0.960000
0.960000
0.960000
0.960000
0.960000
0.960000
0.960000
0.960000
0.960000
0.960000
0.960000
0.960000
0.960000
0.960000
0.960000
0.960000
0.960000
0.960000
0.960000
0.960000
0.960000
0.960000
0.960000
0.960000
0.960000
0.960000
0.960000
0.960000
0.960000
0.960000
0.960000
0.960000
0.960000
0.960000
0.960000
0.960000
0.960000
0.960000
0.960000
0.960000
0.960000
0.960000
0.960000
0.960000
0.960000
0.960000
0.960000
0.960000
0.960000
0.960000
0.960000
0.960000
0.960000
0.960000
0.960000
0.960000
0.960000
0.960000
0.960000
0.960000
0.960000
0.960000
0.960000
0.960000
0.960000
0.960000
0.960000
0.960000
0.960000
0.960000
0.960000
0.960000
0.960000
0.960000
0.960000
0.960000
0.960000
0.960000
0.960000
0.960000
0.960000
0.960000
0.960000
0.960000
0.960000
0.960000
0.960000
0.960000
0.960000
0.960000
0.960000
0.960000
0.960000
0.960000
0.960000
0.960000
0.960000
0.960000
0.960000
0.960000
0.960000
0.960000
0.960000
0.960000
0.960000
0.960000
0.960000
0.960000
0.960000
0.960000
0.960000
0.960000
0.960000
0.960000
0.960000
0.960000
0.960000
0.960000
0.998513
1.042199
1.044499
1.045073
1.045073
1.045073
1.045073
1.045073
1.045073
1.045073
1.045073
1.045073
1.045073
1.045073
1.045073
1.045073
1.045073
1.045073
1.045073
1.045073
1.045073
1.045073
1.045073
1.045073
1.045073
1.045073
1.045073
1.045073
1.045073
1.045073
1.006560
0.962874
0.960575
0.960000
0.960000
0.960000
0.960000
0.960000
0.960000
0.960000
0.960000
0.960000
0.960000
0.960000
0.960000
0.960000
0.960000
0.960000
0.960000
0.960000
0.960000
0.960000
0.960000
0.960000
0.960000
0.960000
0.960000
0.960000
0.960000
0.960000
0.960000
0.960000
0.960000
0.960000
0.960000
0.960000
0.960000
0.960000
0.960000
0.960000
0.960000
0.960000
0.960000
0.960000
0.960000
0.960000
0.960000
0.960000
0.960000
0.960000
0.960000
0.960000
0.960000
0.960000
0.960000
0.960000
0.960000
0.960000
0.960000
0.960000
0.960000
0.960000
0.960000
0.960000
0.960000
0.960000
0.960000
0.960000
0.960000
0.960000
0.960000
0.960000
0.960000
0.960000
0.960000
0.960000
0.960000
0.960000
0.960000
0.960000
0.960000
0.960000
0.960000
0.960000
0.960000
0.960000
0.960000
0.960000
0.960000
0.960000
0.960000
0.960000
0.960000
0.960000
0.960000
0.960000
0.960000
0.960000
0.960000
0.960000
0.960000
0.960000
0.960000
0.960000
0.960000
0.960000
0.960000
0.960000
0.960000
0.960000
0.960000
0.960000
0.960000
0.960000
0.960000
0.960000
0.960000
0.960000
0.960000
0.960000
0.960000
0.960000
0.960000
0.960000
0.960000
0.960000
0.960000
0.960000
0.960000
0.960000
0.960000
0.960000
0.960000
0.960000
0.960000
0.960000
0.960000
0.960000
0.960000
0.960000
0.960000
0.960000
0.960000
0.960000
0.960000
0.960000
0.960000
0.960000
0.960000
0.960000
0.960000
0.960000
0.960000
0.960000
0.960000
0.960000
0.960000
0.960000
0.960000
0.960000
0.960000
0.960000
0.960000
0.960000
0.960000
0.960000
0.960000
0.960000
0.960000
0.960000
0.960000
0.960000
0.960000
0.960000
0.960000
0.960000
0.960000
0.960000
0.963449
0.964599
0.964599
0.964599
0.966323
1.027829
1.030703
1.030703
1.033577
1.034152
1.034152
1.041624
1.099106
1.100831
1.100831
1.100831
1.100831
1.103705
1.105429
1.105429
1.105429
1.105429
1.105429
1.105429
1.105429
1.105429
1.105429
1.105429
1.105429
1.105429
1.101981
1.100831
1.100831
1.100831
1.099106
1.037601
1.034727
1.034727
1.035301
1.036451
1.041624
1.045648
0.996214
0.994489
0.994489
1.004261
1.012309
1.009435
1.007710
1.013458
1.024380
1.028404
1.028404
1.040475
1.097382
1.097957
1.097957
1.097957
1.097957
1.097957
1.097957
1.097957
1.097957
1.097957
1.097957
1.097957
1.097957
1.097957
1.094508
1.092783
1.087610
1.076114
1.068066
1.068066
1.068066
1.058294
1.050247
1.050247
1.050247
1.044499
1.033577
1.029553
1.037601
1.027254
0.986442
0.985867
0.985867
0.985867
0.985867
0.985867
0.985867
0.985867
0.989891
0.991615
1.002537
1.008860
1.008860
1.008860
1.008860
1.008860
1.008860
1.011159
1.022081
1.027254
1.027254
1.027254
1.027254
1.027254
1.027254
1.027254
1.027254
1.027254
1.019206
1.020931
1.005411
1.005411
1.006560
1.007135
1.012883
1.013458
1.018632
1.018632
1.018057
1.016332
1.005411
0.999088
1.038750
1.087610
1.088185
1.088185
1.088185
1.087610
1.076688
1.071515
1.071515
1.071515
1.071515
1.071515
1.071515
1.071515
1.071515
1.096807
1.139919
1.137045
1.136470
1.136470
1.135320
1.134745
1.128997
1.128422
1.123249
1.123249
1.119800
1.119800
1.119800
1.119800
1.080137
1.031278
1.030703
1.030703
1.030703
1.028978
1.028978
1.028978
1.028978
1.028978
1.028978
1.028978
1.045073
1.096807
1.097382
1.095658
1.081287
1.108878
1.137619
1.145667
1.145667
1.145667
1.145667
1.145667
1.145667
1.145667
1.145667
1.169809
1.194527
1.217519
1.254883
1.272127
1.272127
1.272127
1.272127
1.272127
1.272127
1.272127
1.272127
1.287647
1.318113
1.318688
1.302593
1.282474
1.318113
1.322137
1.317538
1.295120
1.266379
1.258332
1.258332
1.258332
1.258332
1.258332
1.268678
1.300293
1.336507
1.339956
1.330184
1.307191
1.269828
1.252583
1.252583
1.252583
1.252583
1.252583
1.252583
1.252583
1.252583
1.237063
1.206598
1.206023
1.207747
1.176132
1.139919
1.112327
1.088185
1.082437
1.082437
1.082437
1.083586
1.083586
1.083586
1.083586
1.073240
1.041624
1.005411
0.977819
0.962874
0.962874
0.962874
0.962874
0.962874
0.962874
0.962874
0.962874
0.962874
0.962874
0.962874
0.962874
0.962874
0.962874
0.961150
0.961150
0.961150
0.961150
0.961150
0.961150
0.961150
0.961150
0.960000
0.960000
0.960000
0.960000
0.960000
0.960000
0.960000
0.960000
0.960000
0.960000
0.960000
0.960000
0.960000
0.960000
1.011159
1.030128
1.030128
1.030128
1.030128
1.030128
1.030128
1.030128
1.030128
1.030128
1.030128
1.030128
1.030128
1.030128
1.030128
1.030128
1.030128
1.030128
1.030128
1.030128
1.030128
1.030128
1.030128
1.030128
1.030128
1.030128
1.030128
1.030128
1.030128
1.030128
0.978969
0.960000
0.960000
0.960000
0.960000
0.960000
0.960000
0.960000
0.960000
0.960000
0.960000
0.960000
0.960000
0.960000
0.960000
0.960000
0.960000
0.960000
0.960000
0.960000
0.960000
0.960000
0.960000
0.960000
0.960000
0.960000
0.960000
0.960000
0.960000
0.960000
0.960000
0.960000
0.960000
0.960000
0.960000
0.960000
0.960000
0.960000
0.960000
0.960000
0.960000
0.960000
0.960000
0.960000
0.960000
0.960000
0.960000
0.960000
0.960000
0.960000
0.960000
0.960000
0.960000
0.960000
0.960000
0.960000
0.960000
0.960000
0.960000
0.960000
0.960000
0.960000
0.960000
0.960000
0.960000
0.960000
0.960000
0.960000
0.963449
0.964024
0.964599
0.966323
0.966323
0.966323
0.966323
0.966323
0.966323
0.970347
0.972071
0.973796
0.975520
0.976670
0.981843
0.981843
0.981843
0.981843
0.984717
0.984717
0.984717
0.991040
0.991040
0.996214
0.996214
0.996214
0.996214
0.996214
0.996214
0.996214
0.992765
0.992190
0.991615
0.989891
1.003686
1.004836
1.004836
1.004836
1.004836
1.000812
1.000812
0.999088
0.997363
0.996214
0.991040
0.991040
0.991040
0.991040
0.988166
0.988166
0.988166
0.981843
0.981843
0.976670
0.976670
0.976670
0.976670
0.976670
0.976670
0.976670
0.976670
0.976670
0.976670
0.976670
0.981843
1.028404
1.029553
1.029553
1.029553
1.029553
1.027829
1.027829
1.027829
1.027829
1.027829
1.027829
1.027829
1.027829
1.027829
1.027829
1.027829
1.027829
1.027829
1.027829
1.027829
1.027829
1.027829
1.027829
1.027829
1.027829
1.027829
1.027829
1.027829
1.027829
1.008860
0.961150
0.960000
0.960000
0.960000
0.963449
0.971496
0.976670
0.976670
0.976670
0.976670
0.978969
0.978969
0.978969
0.978969
0.978969
0.978969
0.978969
0.978969
0.978969
0.978969
0.978969
0.978969
0.978969
0.978969
0.978969
0.978969
0.978969
0.978969
0.978969
0.978969
0.978969
0.978969
0.978969
0.978969
0.975520
0.967473
0.962299
0.962299
0.962299
0.962299
0.960000
0.960000
0.960000
0.960000
0.960000
0.960000
0.960000
0.960000
0.960000
0.960000
0.960000
0.960000
0.960000
0.960575
0.960575
0.960575
0.960575
0.960575
0.960575
0.960575
0.960575
0.960575
0.960575
0.960575
0.960575
0.960575
0.960575
0.960575
0.960575
0.960575
0.960575
0.960575
0.974370
1.023805
1.024380
1.024380
1.024380
1.024380
1.024380
1.024380
1.031278
1.032427
1.039325
1.038750
1.038750
1.038750
1.038750
1.038750
1.038750
1.038750
1.038750
1.038750
1.038750
1.038750
1.040475
1.068641
1.098532
1.127847
1.156588
1.186479
1.220393
1.250284
1.265229
1.225567
1.224992
1.225567
1.225567
1.225567
1.226716
1.227291
1.220393
1.219244
1.213496
1.214645
1.222118
1.224992
1.224992
1.224992
1.224992
1.224992
1.224992
1.225567
1.225567
1.225567
1.223842
1.195676
1.165786
1.136470
1.107729
1.077838
1.043924
1.017482
0.991040
0.981268
0.981268
0.980694
0.980694
0.980694
0.979544
0.978969
0.978969
0.978969
0.977819
0.976670
0.969197
0.966323
0.966323
0.966323
0.966323
0.966323
0.966323
0.965748
0.965748
0.965748
0.965748
0.966898
1.018057
1.056570
1.078988
1.124398
1.136470
1.133021
1.130722
1.130722
1.130722
1.130722
1.130722
1.135320
1.139344
1.139919
1.156014
1.156014
1.157738
1.157738
1.157738
1.157738
1.157738
1.157738
1.157738
1.157738
1.157738
1.157738
1.157738
1.157738
1.157738
1.156588
1.105429
1.066917
1.044499
1.001387
0.991615
0.991615
0.991615
0.991615
0.991615
0.991615
0.991615
0.987017
0.982993
0.988166
0.972071
0.972071
0.970347
0.970347
0.970347
0.970347
0.970347
0.970347
0.970347
0.970347
0.970347
0.970347
0.970347
0.970347
0.970347
0.970347
0.970347
0.970347
0.970347
0.968047
0.965748
0.965748
0.965748
0.965748
0.965748
0.965748
0.965748
0.965748
0.965748
0.960000
0.960000
0.962874
0.965173
0.965173
0.966323
0.966323
0.966323
0.966323
0.966323
0.966323
0.966323
0.966323
0.966323
0.966898
0.966898
0.966898
0.966898
0.967473
0.970347
0.970922
0.970922
0.970922
0.970922
0.983568
0.994489
1.003111
1.010584
1.010584
1.010584
1.010584
1.010584
1.007710
1.005411
1.012309
1.019781
1.023230
1.023230
1.023230
1.023230
1.027254
1.041624
1.041624
1.041624
1.041050
1.041050
1.041050
1.041624
1.041050
1.038176
1.037601
1.037601
1.037601
1.037601
1.024955
1.014033
1.005411
0.997938
0.997938
0.997938
0.997938
0.997938
0.997938
0.997938
0.991040
0.982418
0.978969
0.978969
0.978969
0.978969
0.974945
0.960575
0.960575
0.960575
0.960575
0.960575
0.960575
0.960000
0.960000
0.960000
0.960000
0.960000
0.960000
0.960000
0.962299
0.962299
0.962299
0.962299
0.962299
0.962299
0.962299
0.962299
0.962299
0.962299
0.962299
0.962299
0.962299
0.962299
0.962299
0.962299
0.962299
0.962299
0.962299
0.962299
0.962299
0.962299
0.962299
0.962299
0.962299
0.962299
1.018632
1.026104
1.026104
1.026104
1.023805
1.023805
1.023805
1.024380
1.024380
1.024380
1.024380
1.024380
1.024380
1.024380
1.024380
1.024380
1.024380
1.024380
1.024380
1.024380
1.024380
1.024380
1.024380
1.024380
1.024380
1.024380
1.024380
1.024380
1.024380
1.024380
0.968047
0.960575
0.960575
0.960575
0.960575
0.960575
0.960575
0.960000
0.960000
0.960000
0.960000
0.960000
0.960000
0.960000
0.960000
0.960000
0.964599
0.964599
0.971496
0.971496
0.971496
0.971496
0.971496
0.971496
0.971496
0.971496
0.971496
0.971496
0.971496
0.971496
0.971496
0.971496
0.971496
0.971496
0.971496
0.971496
0.971496
0.971496
0.971496
0.971496
0.971496
0.971496
0.971496
0.971496
0.971496
0.971496
0.966898
0.966898
0.960000
0.960000
0.960000
0.960000
0.960000
0.960000
0.960000
0.960000
0.960000
0.960000
0.960000
0.960000
0.960000
0.960000
0.960000
0.962874
0.973796
0.977245
1.015758
1.057145
1.069216
1.135895
1.142218
1.142218
1.142218
1.142218
1.142218
1.142218
1.146242
1.149691
1.161187
1.165211
1.165211
1.165211
1.165211
1.165211
1.165211
1.165211
1.165211
1.165211
1.165211
1.165211
1.165211
1.165211
1.165211
1.162337
1.151415
1.147966
1.109453
1.068066
1.055995
0.989316
0.982993
0.982993
0.982993
0.982993
0.982993
0.982993
0.978969
0.975520
0.964024
0.960000
0.961724
0.964599
0.975520
0.980119
0.980119
0.980119
0.980119
0.980119
0.980119
0.984142
0.995064
0.999088
0.999088
0.999088
0.999088
0.999088
0.999088
0.999088
0.999088
0.999088
0.999088
1.016907
1.036451
1.055995
1.075539
1.095083
1.114627
1.133596
1.153139
1.172683
1.190503
1.192227
1.185904
1.185329
1.189353
1.193952
1.197975
1.202574
1.206598
1.207173
1.200275
1.200850
1.204873
1.209472
1.214070
1.218094
1.222693
1.226716
1.231315
1.235339
1.239362
1.226142
1.210621
1.195676
1.180156
1.165211
1.149691
1.135320
1.119800
1.104855
1.089334
1.089334
1.088760
1.089334
1.089334
1.089334
1.089909
1.089334
1.089909
1.089909
1.090484
1.089909
1.090484
1.089909
1.089909
1.090484
1.089909
1.090484
1.090484
1.090484
1.091059
1.091059
1.091059
1.091059
1.091059
1.091059
1.091634
1.091059
1.091634
1.091634
1.091634
1.091634
1.092209
1.091634
1.133021
1.179581
1.207173
1.234189
1.261206
1.287647
1.314089
1.341680
1.346854
1.342830
1.338232
1.333633
1.329609
1.325011
1.320412
1.316388
1.311790
1.307191
1.303167
1.298569
1.294545
1.289947
1.285348
1.281324
1.276726
1.272127
1.268103
1.263505
1.258906
1.254883
1.209472
1.158313
1.126123
1.095083
1.063468
1.032427
1.001387
0.969772
0.960000
0.960000
0.960000
0.960000
0.960000
0.960000
0.960000
0.960000
0.960000
0.960000
0.960000
0.960000
0.960000
0.960000
0.960000
0.960000
0.960000
0.960000
0.960000
0.960000
0.960000
0.960000
0.960000
0.960000
0.960000
0.960000
0.960000
0.960000
0.960000
0.960000
0.960000
0.960000
0.960000
0.960000
0.960000
0.960000
0.960000
0.960000
0.960000
0.960000
0.960000
0.960000
0.960000
0.960000
0.960000
0.960000
0.960000
0.960000
0.960000
0.960000
0.960000
0.960000
0.960000
0.960000
0.960000
0.960000
0.960000
0.960000
0.960000
0.960000
0.960000
0.960000
0.960000
0.960000
0.960000
0.960000
0.960000
0.960000
0.960000
0.960000
0.960000
0.960000
0.960000
0.960000
0.960000
0.960000
0.960000
0.960000
0.960000
0.960000
0.960000
0.960000
0.960000
0.960000
0.960000
0.960000
0.960000
0.960000
0.960000
0.960000
0.960000
0.960000
0.960000
0.960000
0.960000
0.960000
0.960000
0.960000
0.960000
0.960000
0.960000
0.960000
0.960000
0.960000
0.960000
0.960000
0.960000
0.960000
0.960000
0.960000
0.960000
0.960000
0.960000
0.960000
0.960000
0.960000
0.960000
0.960000
0.960000
0.960000
0.960000
0.960000
0.960000
0.960000
0.960000
0.960000
0.960000
0.960000
0.960000
0.960000
0.960000
0.960000
0.960000
0.960000
0.960000
0.960000
0.960000
0.960000
0.960000
0.960000
0.960000
0.960000
0.960000
0.960000
0.960000
0.960000
0.960000
0.960000
0.960000
0.960000
0.960000
0.960000
0.960000
0.960000
0.960000
0.960000
0.960000
0.960000
0.960000
0.960000
0.960000
0.960000
0.960000
0.960000
0.960000
0.960000
0.960000
0.960000
0.960000
0.960000
0.960000
0.960000
0.960000
0.960000
0.960000
0.960000
0.960000
0.960000
0.960000
0.960000
0.960000
0.960000
0.960000
0.960000
0.960000
0.960000
0.960000
0.960000
0.960000
0.960000
0.960000
0.960000
0.960000
0.960000
0.960000
0.960000
0.960000
0.960000
0.960000
0.960000
0.960000
0.960000
0.960000
0.960000
0.960000
0.960000
0.960000
0.960000
0.960000
0.960000
0.960000
0.960000
0.960000
0.960000
0.960000
0.960000
0.960000
0.960000
0.960000
0.960000
0.960000
0.960000
0.960000
0.960000
0.960000
0.960000
0.960000
0.960000
0.960000
0.960000
0.960000
0.960000
0.998513
1.039900
1.040475
1.040475
1.040475
1.040475
1.040475
1.040475
1.040475
1.040475
1.040475
1.040475
1.040475
1.040475
1.040475
1.040475
1.040475
1.040475
1.040475
1.040475
1.040475
1.040475
1.040475
1.040475
1.040475
1.040475
1.040475
1.040475
1.040475
1.040475
1.001962
0.960575
0.960000
0.960000
0.960000
0.960000
0.960000
0.960000
0.960000
0.960575
0.960575
0.960575
0.960575
0.960575
0.960575
0.960575
0.960575
0.960575
0.960575
0.960575
0.960575
0.960575
0.960575
0.960575
0.960575
0.960575
0.960575
0.974370
1.027254
1.028404
1.028404
1.028404
1.028404
1.028404
1.028404
1.028978
1.028978
1.033002
1.033002
1.032427
1.032427
1.032427
1.032427
1.032427
1.032427
1.032427
1.032427
1.032427
1.032427
1.032427
1.032427
1.032427
1.032427
1.032427
1.032427
1.032427
1.032427
1.018632
0.965748
0.964599
0.964599
0.964599
0.964599
0.964599
1.027254
1.035876
1.035876
1.031852
1.031852
1.035301
1.035301
1.035876
1.038750
1.042199
1.044499
1.044499
1.044499
1.044499
1.044499
1.044499
1.044499
1.044499
1.044499
1.044499
1.044499
1.044499
1.044499
1.044499
1.044499
1.044499
1.044499
1.044499
1.044499
1.044499
0.981843
0.972646
0.972646
0.972646
0.972646
0.969197
0.969197
0.968622
0.965748
0.962299
0.960000
0.960000
0.960000
0.960000
0.960000
0.960000
0.960000
0.960000
0.960000
0.960000
0.960000
0.960000
0.960000
0.960000
0.960000
0.960000
0.960000
0.960000
0.960000
0.960000
0.960000
0.960000
0.960000
0.960000
0.960000
0.960000
0.960000
0.960000
0.960575
0.960575
0.960575
0.960575
0.960575
0.960575
0.960575
0.960575
0.960575
0.960575
0.960575
0.960575
1.008285
1.028978
1.028978
1.031852
1.039325
1.039325
1.039325
1.039325
1.042774
1.053121
1.053121
1.053121
1.053121
1.053121
1.053121
1.053121
1.053121
1.053121
1.052546
1.052546
1.052546
1.052546
1.052546
1.052546
1.052546
1.057719
1.077838
1.099681
1.104280
1.104280
1.056570
1.035876
1.035876
1.033002
1.025529
1.025529
1.025529
1.025529
1.022081
1.011734
1.011734
1.011734
1.011734
1.011734
1.011734
1.011734
1.011734
1.011734
1.011734
1.011734
1.011734
1.011734
1.011734
1.011734
1.011734
1.006560
0.986442
0.964599
0.960000
0.960000
0.960000
0.960000
0.960000
0.960000
0.960000
0.960000
0.960000
0.960000
0.960000
0.960000
0.960000
0.960000
0.960000
0.960000
0.960000
0.960000
0.960000
0.960000
0.960000
0.960000
0.960000
0.960000
0.960000
0.960000
0.960000
0.960000
0.960000
0.960000
0.960000
0.960000
0.960000
0.960000
0.960000
0.960000
0.960000
0.960000
0.960000
0.960000
0.960000
0.960000
0.960000
0.960000
0.960000
0.960000
0.960000
0.960000
0.960000
0.960000
0.960000
0.960000
0.960000
0.960000
0.960000
0.960000
0.960000
0.960000
0.960000
0.960000
0.960000
0.960000
0.960000
0.960000
0.960000
0.960000
0.960000
0.960000
0.960000
0.960000
0.960000
0.960000
0.960000
0.960000
0.960000
0.960000
0.960000
0.960000
0.960000
0.960000
0.960000
0.960000
0.960000
0.960000
0.960000
0.960000
0.960000
0.960000
0.960000
0.960000
0.960000
0.960000
0.960000
0.960000
0.960000
0.960000
0.960000
0.960000
0.960000
0.960000
0.960000
0.960000
0.960000
0.960000
0.960000
0.960000
0.960000
0.960000
0.960000
0.960000
0.960000
0.960000
0.960000
0.960000
0.960000
0.960000
0.960000
0.960000
0.960000
0.960000
0.960000
0.960000
0.960000
0.960000
0.960000
0.960000
0.960000
0.960000
0.960000
0.960000
0.960000
0.960000
0.960000
0.960000
0.960000
0.960000
0.960000
0.960000
0.960000
0.960000
0.960000
0.960000
0.960000
0.960000
0.960000
0.962874
0.965173
0.965173
0.972071
0.972071
0.972071
0.972071
0.972071
0.972071
0.973221
0.973221
0.973221
0.973221
0.973221
0.973221
0.973221
0.973221
0.973221
0.973221
0.973221
0.973221
0.973221
0.973221
0.973221
0.973221
0.973221
0.973221
0.973221
0.973221
0.973221
0.970347
0.968047
0.968047
0.961150
0.961150
0.961150
0.961150
0.961150
0.961150
0.960000
0.960000
0.960575
0.961150
0.961150
0.961150
0.961150
0.961150
0.961150
0.961150
0.961150
0.961150
0.961150
0.961150
0.961150
0.961150
0.961150
0.961150
0.961150
0.961150
0.961150
0.961150
0.961150
0.961150
0.961150
0.961150
0.961150
0.961150
0.961150
0.961150
0.961150
0.961150
0.960575
0.960000
0.960000
0.960000
0.960000
0.960000
0.960000
0.960000
0.960000
0.960000
0.960000
0.960000
0.960000
0.960000
0.960000
0.960000
0.960000
0.960000
0.960000
0.960000
0.960000
0.960000
0.960000
0.960000
0.960000
0.960000
0.960000
0.960000
0.960000
0.960000
0.960000
0.960000
0.960000
0.960000
0.960000
0.960000
0.960000
0.960000
0.960000
0.960000
0.960000
0.960000
0.960000
0.960000
0.960000
0.960000
0.960000
0.960000
0.960000
0.960000
0.960000
0.960000
0.960000
0.960000
0.960000
0.960000
0.960000
0.960000
0.960000
0.960000
0.960000
0.960000
0.960000
0.960000
0.960000
0.960000
0.960000
0.960000
0.960000
0.960000
0.960000
0.960000
0.960000
0.960000
0.960000
0.960000
0.960000
0.960000
0.960000
0.960000
0.960000
0.960000
0.960000
0.960000
0.960000
0.960000
0.960000
0.960000
0.960000
0.960000
0.960000
0.960000
0.960000
0.960000
0.974370
1.004261
1.030128
1.030128
1.030128
1.030128
1.030128
1.030128
1.030128
1.030128
1.030703
1.030703
1.030703
1.089909
1.146242
1.176132
1.204873
1.233614
1.262930
1.291096
1.319837
1.348578
1.376744
1.379044
1.379044
1.379044
1.379044
1.379044
1.379044
1.379044
1.364673
1.334783
1.308916
1.308916
1.314664
1.331334
1.337657
1.342255
1.342255
1.342255
1.341680
1.341680
1.341680
1.282474
1.226142
1.196251
1.167510
1.138769
1.109453
1.081287
1.052546
1.023805
0.995639
0.993340
0.993340
0.993340
0.993340
0.993340
0.993340
0.993340
0.993340
0.993340
0.993340
0.993340
0.987591
0.970922
0.964599
0.960000
0.960000
0.960000
0.960000
0.960000
0.960000
0.960000
0.960000
0.960000
0.960000
0.960000
0.960000
0.960000
0.960000
0.960000
0.960000
0.960000
0.960000
0.960000
0.960000
0.960000
0.960000
0.960000
0.960000
0.960000
0.960000
0.960000
0.960000
0.960000
0.960000
0.960000
0.960000
0.960000
0.960000
0.960000
0.960000
0.960000
0.960000
0.960000
0.960000
0.960000
0.960000
0.960000
0.960000
0.960000
0.960000
0.960000
0.960000
0.960000
0.960000
0.960000
0.960000
0.960000
0.960000
0.960000
0.960000
0.960000
0.960000
0.960000
0.960000
0.960000
0.960000
0.960000
0.960000
0.960000
0.960000
0.960000
0.963449
0.963449
0.963449
0.963449
0.963449
0.972071
0.978394
0.978969
0.980119
0.982418
0.982418
0.982418
0.982418
0.982418
0.982418
0.982418
0.982418
0.982418
0.982418
0.982418
0.982418
0.982418
0.982418
0.982418
0.982418
0.982418
0.982418
0.982418
0.982418
0.982418
0.978969
0.978969
0.978969
0.978969
0.978969
0.970347
0.964024
0.963449
0.962299
0.960000
0.960000
0.960000
0.960000
0.960000
0.960000
0.960000
0.960000
0.960000
0.960000
0.960000
0.960000
0.960000
0.960000
0.960000
0.960000
0.960000
0.960000
0.960000
0.960000
0.960000
0.960000
0.960000
0.960000
0.960000
0.960000
0.960000
0.960000
0.960000
0.960000
0.960000
0.960000
0.960000
0.960000
0.960000
0.976670
1.026104
1.026679
1.028404
1.028404
1.028404
1.028404
1.028404
1.028404
1.031278
1.031278
1.031278
1.031278
1.031278
1.031278
1.031278
1.031278
1.031278
1.031278
1.031278
1.031278
1.031278
1.031278
1.031278
1.031278
1.031278
1.031278
1.031278
1.031278
1.031278
1.016332
0.966898
0.966323
0.964599
0.964599
0.964599
0.964599
0.964599
0.964599
0.961724
0.961724
0.961724
0.961724
0.961724
0.961724
0.961724
0.961724
0.961724
0.961724
0.961724
0.961724
0.961724
0.961724
0.961724
0.974945
0.985292
1.000812
1.000812
1.000812
1.000812
0.999088
0.999088
0.999088
0.999088
0.999088
0.999088
0.999088
0.999088
0.999088
0.999088
1.007710
1.007710
1.007710
1.007710
1.007710
1.007710
1.007710
1.007710
1.007710
1.007710
1.007710
1.007710
1.007710
1.007710
0.994489
0.984142
0.968622
0.968622
0.968622
0.968622
0.968622
0.968622
0.968622
0.968622
0.968622
0.968622
0.968622
0.968622
0.968622
0.968622
0.960000
0.960000
0.960000
0.960000
0.960000
0.960000
0.960000
0.960000
0.960000
0.960000
0.960000
0.960000
0.960000
0.960000
0.960000
0.960000
0.960000
0.960000
0.960000
0.960000
0.960000
0.960000
0.960000
0.960000
0.960000
0.960000
0.960000
0.962299
0.962299
0.985867
1.026679
1.033577
1.033577
1.033577
1.033577
1.033577
1.033577
1.033577
1.033577
1.033577
1.033577
1.033577
1.033577
1.033577
1.091059
1.101981
1.101981
1.101981
1.101981
1.101981
1.101981
1.101981
1.101981
1.101981
1.101981
1.101981
1.101981
1.099681
1.099681
1.076114
1.035301
1.028404
1.028404
1.028404
1.028404
1.028404
1.028404
1.028404
1.028404
1.028404
1.028404
1.028404
1.028404
1.028404
0.970922
0.960000
0.960000
0.960000
0.960000
0.960000
0.960000
0.965748
0.977245
0.978969
0.978969
0.978969
0.978969
0.978969
0.978969
0.978969
0.978969
0.978969
0.978969
0.978969
0.978969
0.979544
0.994489
1.043924
1.047947
1.050247
1.052546
1.052546
1.052546
1.052546
1.052546
1.052546
1.052546
1.052546
1.052546
1.052546
1.052546
1.046798
1.035301
1.033577
1.033577
1.033577
1.033577
1.033577
1.033577
1.033577
1.033577
1.033577
1.033577
1.033577
1.033577
1.033002
1.018057
0.968622
0.964599
0.962299
0.960000
0.960000
0.960000
0.960000
0.960000
0.960000
0.960000
0.960000
0.960000
0.960000
0.960000
0.960000
0.982993
1.028404
1.039900
1.039900
1.039900
1.039900
1.039900
1.039900
1.039900
1.039900
1.039900
1.039900
1.039900
1.039900
1.039900
1.039900
1.039900
1.039900
1.039900
1.039900
1.039900
1.039900
1.039900
1.039900
1.039900
1.039900
1.039900
1.039900
1.039900
1.039900
1.016907
0.971496
0.960000
0.960000
0.960000
0.960000
0.960000
0.960000
0.960000
0.960000
0.960000
0.960000
0.960000
0.960000
0.960000
0.960000
0.960000
0.960000
0.960000
0.960000
0.960000
0.960000
0.960000
0.960000
0.960000
0.960000
0.960000
0.960000
0.960000
0.960000
0.960000
0.960000
0.960000
0.960000
0.960000
0.960000
0.960000
0.960000
0.960000
0.960000
0.960000
0.960000
0.960000
0.960000
0.960000
0.960000
0.960000
0.960000
0.960000
0.960000
0.960000
0.960000
0.960000
0.960000
0.960000
0.960000
0.960000
0.960000
0.960000
0.960000
0.960000
0.960000
0.960000
0.960000
0.960000
0.960000
0.960000
0.960000
0.960000
0.960000
0.960000
0.960000
0.960000
0.960000
0.960000
0.960000
0.960000
0.960000
0.960000
0.960000
0.960000
0.960000
0.960000
0.960000
0.960000
0.960000
0.960000
0.960000
0.960000
0.960000
0.960000
0.960000
0.960000
0.960000
0.960000
0.960000
0.960000
0.960000
0.960000
0.960000
0.960000
0.960000
0.960000
0.960000
0.960000
0.960000
0.960000
0.960000
0.960000
0.960000
0.960000
0.960000
0.960000
0.960000
0.960000
0.960000
0.960000
0.960000
0.960000
0.960000
0.960000
0.960000
0.960000
0.960000
0.960000
0.960000
0.960000
0.960000
0.960000
0.960000
0.960000
0.960000
0.960000
0.960000
0.960000
0.960000
0.960000
0.960000
0.960000
0.960000
0.960000
0.960000
0.960000
0.960000
0.960000
0.960000
0.960000
0.960000
0.960000
0.960000
0.960000
0.960000
0.960000
0.960000
0.960000
0.960000
0.960000
0.960000
0.960000
0.960000
0.960000
0.960000
0.960000
0.960000
0.960000
0.960000
0.960000
0.960000
0.960000
0.960000
0.960000
0.960000
0.960000
0.960000
0.960000
0.960000
0.960000
0.960000
0.960000
0.960000
0.960000
0.960000
0.960000
0.960000
0.960000
0.960000
0.960000
0.960000
0.960000
0.960000
0.960000
0.960000
0.960000
0.960000
0.960000
0.960000
0.960000
0.960000
0.960000
0.960000
0.960000
0.960000
0.960000
0.960000
0.960000
0.960000
0.960000
0.960000
0.960000
0.960000
0.960000
0.960000
0.960000
0.960000
0.960000
0.960000
0.960000
0.960000
0.960000
0.960000
0.960000
0.960000
0.960000
0.960000
0.960000
0.960000
0.960000
0.960000
0.960000
0.960000
0.960000
0.960000
0.960000
0.960000
0.960000
0.960000
0.960000
0.960000
0.960000
0.960000
0.960000
0.960000
0.960000
0.960000
0.960000
0.960000
0.960000
0.960000
0.960000
0.960000
0.960000
0.960000
0.960000
0.960000
0.960000
0.960000
0.960000
0.960000
0.960000
0.960000
0.960000
0.960000
0.960000
0.960000
0.960000
0.960000
0.960000
0.960000
0.960000
0.960000
0.960000
0.960000
0.960000
0.960000
0.960000
0.960000
0.960000
0.960000
0.960000
0.960000
0.960000
0.960000
0.960000
0.960000
0.960000
0.964599
1.010584
1.039900
1.039900
1.039900
1.039900
1.039900
1.039900
1.039900
1.039900
1.039900
1.039900
1.039900
1.039900
1.039900
1.039900
1.039900
1.039900
1.039900
1.039900
1.039900
1.039900
1.039900
1.039900
1.039900
1.039900
1.039900
1.039900
1.039900
1.039900
1.035301
0.989316
0.960000
0.960000
0.960000
0.960000
0.960000
0.960000
0.960000
0.960000
0.960000
0.960000
0.960000
0.960000
0.960000
0.960000
0.960000
0.960000
0.960000
0.960000
0.960000
0.960000
0.960000
0.960000
0.960000
0.960000
0.960000
0.960000
0.960000
0.960000
0.960000
0.960000
0.960000
0.960000
0.960000
0.960000
0.960000
0.960000
0.960000
0.960000
0.960000
0.960000
0.960000
0.960000
0.960000
0.960000
0.960000
0.960000
0.960000
0.960000
0.960000
0.960000
0.960000
0.960000
0.960000
0.960000
0.960000
0.960000
0.960000
0.960000
0.960000
0.960000
0.960000
0.960000
0.960000
0.960000
0.960000
0.960000
0.960000
0.960000
0.960000
0.960000
0.960000
0.960000
0.960000
0.960000
0.960000
0.960000
0.960000
0.960000
0.960000
0.960000
0.960000
0.960000
0.960000
0.960000
0.960000
0.960000
0.960000
0.960000
0.960000
0.960000
0.960000
0.960000
0.960000
0.960000
0.960000
0.960000
0.960000
0.960000
0.960000
0.960000
0.960000
0.960000
0.960000
0.960000
0.960000
0.960000
0.960000
0.960000
0.960000
0.960000
0.960000
0.960000
0.960000
0.960000
0.960000
0.960000
0.960000
0.960000
0.960000
0.960000
0.960000
0.960000
0.960000
0.960000
0.960000
0.960000
0.960000
0.960000
0.960000
0.960000
0.960000
0.960000
0.960000
0.960000
0.960000
0.960000
0.960000
0.960000
0.960000
0.960000
0.960000
0.960000
0.960000
0.960000
0.960000
0.960000
0.960000
0.960000
0.960000
0.960000
0.960000
0.960000
0.960000
0.960000
0.960000
0.960000
0.960000
0.960000
0.960000
0.960000
0.960000
0.960000
0.960000
0.960000
0.960000
0.960000
0.960000
0.960000
0.960000
0.960000
0.960000
0.960000
1.014033
1.061168
1.104855
1.108878
1.108878
1.119800
1.120950
1.120950
1.120950
1.120950
1.120950
1.120950
1.120950
1.120950
1.120950
1.120950
1.120950
1.120950
1.122099
1.122099
1.122099
1.122099
1.122099
1.122099
1.122099
1.122099
1.122099
1.122099
1.122099
1.122099
1.068066
1.020931
0.977245
0.979544
1.040475
1.031278
1.030128
1.030128
1.030128
1.032427
1.032427
1.032427
1.032427
1.032427
1.033002
1.033002
1.044499
1.046798
1.064042
1.071515
1.071515
1.071515
1.072090
1.072090
1.072090
1.072090
1.072090
1.072090
1.122674
1.142218
1.142218
1.146816
1.146816
1.140493
1.079563
1.077838
1.077838
1.077838
1.077838
1.075539
1.075539
1.075539
1.075539
1.075539
1.074964
1.074964
1.063468
1.061168
1.042774
1.035301
1.035301
1.035301
1.034727
1.034727
1.034727
1.034727
1.034727
1.034727
0.984142
0.964599
0.964599
0.960000
0.960000
0.960000
0.960000
0.960000
0.961724
0.963449
0.969197
0.969197
0.969197
0.969197
0.969197
0.969197
0.969197
0.969197
0.969197
0.969197
0.969197
0.969197
0.969197
0.969197
0.969197
0.969197
0.969197
0.969197
0.969197
0.969197
0.969197
0.969197
0.969197
0.969197
0.969197
0.969197
0.969197
0.969197
0.967473
0.965748
0.962874
0.962874
0.962874
0.962874
0.962874
0.962874
0.962874
0.962874
0.962874
0.962874
0.962874
0.962874
0.962874
0.962874
0.962874
0.962874
0.962874
0.962874
0.962874
0.962874
0.962874
0.962874
0.962874
0.962874
0.962874
0.962874
0.962874
0.962874
0.962874
0.962874
0.960000
0.960000
0.960000
0.960000
0.960000
0.960000
0.960000
0.960000
0.960000
0.960000
0.960000
0.960000
0.960000
0.960000
0.960000
0.960000
0.960000
0.960000
0.960000
0.960000
0.960000
0.960000
0.960000
0.960000
0.960000
0.960000
0.960000
0.960000
0.960000
0.960000
0.960000
0.960000
0.960000
0.960000
0.960000
0.960000
0.960000
0.960000
0.960000
0.960000
0.960000
0.960000
0.960000
0.960000
0.960000
0.960000
0.960000
0.960000
0.960000
0.960000
0.960000
0.960000
0.960000
0.960000
0.960000
0.960000
0.960000
0.960000
0.960000
0.960000
0.960000
0.960000
0.960000
0.960000
0.960000
0.960000
0.960000
0.960000
0.960000
0.960000
0.960000
0.960000
0.960000
0.960000
0.960000
0.960000
0.960000
0.960000
0.960000
0.960000
0.960000
0.960000
0.960000
0.960000
0.960000
0.960000
0.960000
0.960000
0.960000
0.960000
0.960000
0.960000
0.960000
0.960000
0.960000
1.006560
1.007710
1.068641
1.073240
1.074389
1.074389
1.074389
1.074389
1.074389
1.074389
1.074389
1.074389
1.077838
1.078988
1.078988
1.078988
1.078988
1.078988
1.078988
1.078988
1.078988
1.078988
1.078988
1.078988
1.078988
1.078988
1.078988
1.078988
1.078988
1.078988
1.032427
1.031278
0.970347
0.965748
0.964599
0.964599
0.964599
0.964599
0.964599
0.964599
0.964599
0.964599
0.961150
0.960000
0.960000
0.960000
0.960000
0.960000
0.960000
0.960000
0.960000
0.960000
0.960000
0.960000
0.960000
0.960000
0.960000
0.960000
0.960000
0.960000
0.960000
0.960000
0.960000
0.960000
0.960000
0.960000
0.960000
0.960000
0.960000
0.960000
0.960000
0.979544
1.027829
1.028978
1.028978
1.028978
1.028978
1.028978
1.028978
1.028978
1.028978
1.028978
1.028978
1.028978
1.028978
1.028978
1.028978
1.028978
1.028978
1.028978
1.028978
1.028978
1.028978
1.028978
1.028978
1.028978
1.028978
1.028978
1.028978
1.028978
1.028978
1.009435
0.961150
0.960000
0.960000
0.960000
0.960000
0.960000
0.960000
0.960000
0.960000
0.960000
0.960000
0.960000
0.960000
0.960000
0.960000
0.960000
0.960000
0.960000
0.960000
0.960000
0.960000
0.960000
0.960000
0.960000
0.960000
0.960000
0.960000
0.960000
0.960000
0.960000
0.960000
0.960000
0.960000
0.960000
0.960000
0.960000
0.960000
0.960000
0.960000
0.960000
0.960000
0.960000
0.960000
0.960000
0.960000
0.960000
0.960000
0.962299
0.962299
0.962299
0.962299
0.962299
0.962299
0.962299
0.962299
0.962299
0.962299
0.969197
0.969197
0.969197
0.969197
0.969197
0.969197
0.969197
0.969197
0.969197
0.969197
0.969197
0.969197
0.969197
0.969197
0.969197
0.969197
0.969197
0.969197
0.969197
0.969197
0.966898
0.966898
0.966898
0.966898
0.966898
0.966898
0.966898
0.966898
0.966898
0.966898
0.960000
0.960000
0.960000
0.960000
0.960000
0.960000
0.960000
0.960000
0.960000
0.960000
0.960000
0.960000
0.960000
0.960000
0.960000
0.960000
0.960000
0.960000
0.960000
0.960000
0.960000
0.960000
0.960000
0.960000
0.960000
0.960000
0.960000
0.960000
0.960000
0.960000
0.960000
0.960000
0.960000
0.960000
0.960000
0.960000
0.960000
0.960000
0.960000
0.960000
0.960000
0.960000
0.960000
0.960000
0.960000
0.960000
0.960000
0.960000
0.960000
0.960000
0.962874
0.962874
0.962874
0.962874
0.962874
0.962874
0.962874
0.962874
0.962874
0.962874
0.962874
0.962874
0.962874
0.962874
0.962874
0.962874
0.962874
0.962874
0.962874
0.962874
0.962874
0.962874
0.962874
0.962874
0.962874
0.962874
0.962874
0.962874
0.962874
0.962874
0.960000
0.960000
0.960000
0.960000
0.960000
0.960000
0.960000
0.960000
0.960000
0.960000
0.960000
0.960000
0.960000
0.960000
0.960000
0.960000
0.960000
0.960000
0.960000
0.960000
0.960000
0.960000
0.960000
0.960000
0.960000
0.960000
0.960000
0.960000
0.960000
0.960000
0.960000
0.960000
0.960000
0.960000
0.960000
0.960000
0.960000
0.960000
0.960000
0.978969
1.027829
1.028978
1.028978
1.028978
1.028978
1.028978
1.028978
1.028978
1.028978
1.028978
1.028978
1.028978
1.028978
1.028978
1.028978
1.028978
1.028978
1.028978
1.028978
1.028978
1.028978
1.028978
1.028978
1.028978
1.028978
1.028978
1.028978
1.028978
1.028978
1.010009
0.961150
0.960000
0.960000
0.960000
0.960000
0.960000
0.960000
0.960000
0.960000
0.960000
0.960000
0.960000
0.960000
0.960000
0.960000
0.960000
0.960000
0.960000
0.960000
0.960000
0.960000
0.960000
0.960000
0.960000
0.960000
0.960000
0.960000
0.960000
0.960000
0.960000
0.963449
0.970347
0.972646
0.972646
0.972646
0.972646
0.972646
0.972646
0.972646
0.972646
0.972646
0.972646
0.973221
0.973796
0.978394
0.978969
0.978969
0.978969
0.978969
0.978969
0.978969
0.978969
0.986442
0.990465
0.990465
0.990465
0.990465
0.990465
0.990465
0.990465
0.987017
0.980119
0.977819
0.977819
0.977819
0.977819
0.977819
0.977819
0.977819
0.977819
0.977819
0.977819
0.977245
0.976670
0.972071
0.971496
0.971496
0.971496
0.971496
0.971496
0.971496
0.972071
0.964599
0.980119
1.029553
1.030128
1.030128
1.030128
1.030128
1.031852
1.031852
1.031852
1.031852
1.031852
1.031852
1.031852
1.031852
1.031852
1.031852
1.031852
1.031852
1.031852
1.031852
1.044499
1.064617
1.066342
1.066342
1.066342
1.066342
1.066342
1.071515
1.088185
1.090484
1.070940
1.022081
1.032427
1.039325
1.039325
1.039325
1.037601
1.037601
1.037601
1.037601
1.041624
1.045648
1.056570
1.059444
1.059444
1.059444
1.059444
1.059444
1.059444
1.059444
1.055995
1.042199
1.040475
1.040475
1.040475
1.040475
1.040475
1.035301
1.018057
1.015758
1.015758
1.015183
1.004261
0.997363
0.997363
0.997363
0.997363
0.997363
0.997363
0.997363
0.993340
0.989316
0.978394
0.975520
0.975520
0.975520
0.992190
1.055420
1.061743
1.073814
1.066342
1.061168
1.061168
1.061168
1.061168
1.061168
1.067491
1.078988
1.080137
1.080137
1.080137
1.080137
1.080137
1.080137
1.080137
1.080137
1.080137
1.080137
1.080137
1.080137
1.080137
1.080137
1.080137
1.080137
1.080137
1.080137
1.063468
1.000237
0.993914
0.981843
0.980119
0.978969
0.978969
0.978969
0.978969
0.978969
0.972646
0.961150
0.960000
0.960000
0.960000
0.960000
0.960000
0.960000
0.960000
0.960000
0.960000
0.960000
0.960000
0.960000
0.960000
0.960000
0.960000
0.960000
0.960000
0.960000
0.960000
0.960000
0.960000
0.960000
0.960000
0.960000
0.960000
0.960000
0.960000
0.960000
0.960000
0.960000
0.960000
0.960000
0.960000
0.960000
0.960000
0.960000
0.960000
0.960000
0.960000
0.960000
0.960000
0.960000
0.960000
0.960000
0.960000
0.960000
0.960000
0.960000
0.960000
0.960000
0.960000
0.960000
0.960000
0.960000
0.960000
0.960000
0.960000
0.960000
0.960000
0.960000
0.960000
0.960000
0.960000
0.960000
0.960000
0.960000
0.960000
0.960000
0.960000
0.960000
0.960000
0.960000
0.960000
0.960000
0.960000
0.960000
0.960000
0.964024
0.978394
0.988166
0.989316
0.996214
0.998513
0.999088
0.999663
0.999663
0.999663
1.000812
1.012309
1.012309
1.012309
1.012309
1.012309
1.012309
1.012309
1.012309
1.012309
1.012309
1.012309
1.012309
1.012309
1.012309
1.012309
1.012309
1.012309
1.012309
1.012309
1.008285
0.995639
1.049672
1.051396
1.044499
1.042199
1.041624
1.041050
1.041050
1.041050
1.039900
1.028404
1.028404
1.028404
1.028404
1.028404
1.028404
1.028404
1.035876
1.036451
1.036451
1.036451
1.036451
1.036451
1.091059
1.103130
1.103130
1.103130
1.103130
1.103130
1.118075
1.145667
1.110603
1.136470
1.164636
1.193377
1.221543
1.249709
1.277875
1.279600
1.279600
1.279600
1.279600
1.279600
1.281899
1.281899
1.281899
1.281899
1.275576
1.275001
1.275001
1.275001
1.275001
1.275001
1.220393
1.208322
1.208322
1.208322
1.208322
1.208322
1.193377
1.164061
1.135320
1.106579
1.078413
1.049672
1.021506
0.993340
0.965173
0.963449
0.963449
0.963449
0.963449
0.963449
0.961150
0.961150
0.961150
0.961150
0.960000
0.960000
0.960000
0.960000
0.960000
0.960000
0.960000
0.960000
0.960000
0.960000
0.960000
0.960000
0.960000
0.960000
0.960000
0.960000
0.960000
0.960000
0.960000
0.960000
0.960000
0.960000
0.960000
0.960000
0.960000
0.960000
0.960000
0.960000
0.960000
0.960000
0.960000
0.960000
0.960000
0.960000
0.960000
0.960000
0.960000
0.960000
0.960000
0.960000
0.960000
0.960000
0.960000
0.960000
0.960000
0.960000
0.960000
0.960000
0.960000
0.960000
0.960000
0.960000
0.960000
0.960000
0.960000
0.960000
0.960000
0.960000
0.960000
0.960000
0.960000
0.960000
0.960000
0.960000
0.960000
0.960000
0.960000
0.960000
0.960000
0.960000
0.960000
0.960000
0.960000
0.960000
0.960000
0.960000
0.960000
0.960000
0.960000
0.960000
0.960575
0.960575
0.960575
0.960575
0.960575
0.960575
0.960575
0.960575
0.960575
0.960575
0.960575
0.960575
0.960575
0.960575
0.960575
0.960575
0.960575
0.960575
0.960575
0.960575
0.960575
0.960575
0.960575
0.960575
0.960575
0.960575
0.960575
0.960575
0.960575
0.960575
0.960000
0.960000
0.960000
0.960000
0.960000
0.960000
0.960000
0.960000
0.960000
0.960000
0.960000
0.960000
0.960000
0.960000
0.960000
0.960000
0.960000
0.960000
0.960000
0.960000
0.960000
0.960000
0.960575
0.960575
0.960575
0.960575
0.960575
0.960575
0.960575
0.960575
0.960575
0.960575
0.960575
0.960575
0.960575
0.960575
0.960575
0.960575
0.960575
0.960575
0.960575
0.960575
0.960575
0.960575
0.960575
0.960575
0.960575
0.960575
0.960575
0.960575
0.960575
0.960575
0.960000
0.960000
0.960000
0.960000
0.960000
0.960000
0.960000
0.960000
0.960000
0.960000
0.960000
0.960000
0.960000
0.960000
0.960000
0.960000
0.960000
0.960000
0.960000
0.960000
0.960000
0.960000
0.960000
0.960000
0.960000
0.960000
0.960000
0.960000
0.960000
0.960000
0.960000
0.960000
0.960000
0.960000
0.960000
0.960000
0.960000
0.960000
0.960000
0.960000
0.960000
0.960000
0.960000
0.960000
0.960000
0.960000
0.960000
0.960000
0.960000
0.960000
0.960000
0.960000
0.960000
0.960000
0.960000
0.960000
0.960000
0.960000
0.960000
0.960000
0.960000
0.960000
0.960000
0.960000
0.960000
0.960000
0.960000
0.960000
0.960000
0.960000
0.960000
0.960000
0.960000
0.960000
0.960000
0.960000
0.960000
0.960000
0.960000
0.960000
0.960000
0.960000
0.960000
0.960000
0.960000
0.960000
0.960000
0.960000
0.960000
0.960000
0.960000
0.960000
0.960000
0.960000
0.960000
0.960000
0.960000
0.960000
0.960000
0.960000
0.960000
0.960000
0.960000
0.960000
0.960000
0.960000
0.960000
0.960000
0.960000
0.960000
0.960000
0.960000
0.960000
0.960000
0.960000
0.960000
0.960000
0.960000
0.960000
0.960000
0.960000
0.960000
0.960000
0.960000
0.960000
0.960000
0.960000
0.960000
0.960000
0.960000
0.960000
0.960000
0.960000
0.960000
0.960000
0.960000
0.960000
0.960000
0.960000
0.960000
0.960000
0.960000
0.960000
0.960000
0.960000
0.960000
0.960000
0.960000
0.960000
0.960000
0.960000
0.960000
0.960000
0.960000
0.960000
0.960000
0.960000
0.960000
0.960000
0.960000
0.960000
0.960000
0.960000
0.960000
0.960000
0.960000
0.960000
0.960000
0.960000
0.960000
0.960000
0.960000
0.960000
0.960000
0.960000
0.960000
0.960000
0.960000
0.960000
0.960000
0.960000
0.960000
0.960000
0.960000
0.960000
0.960000
0.960000
0.960000
0.960000
0.960000
0.960000
0.960000
0.960000
0.960000
0.960000
0.960000
0.960000
0.960000
0.960000
0.960000
0.960000
0.960000
0.960000
0.960000
0.960000
0.960000
0.960000
0.960000
0.960000
0.960000
0.960000
0.960000
0.960000
0.960000
0.960000
0.960000
0.960000
0.960000
0.960000
0.960000
0.960000
0.960000
0.960000
0.960000
0.960000
0.960000
0.960575
0.960575
0.960575
0.960575
0.960575
0.960575
0.960575
0.960575
0.960575
0.960575
0.960575
0.960575
0.960575
0.991040
1.035301
1.042199
1.042199
1.042199
1.042199
1.042199
1.042199
1.042199
1.042199
1.042199
1.042199
1.042199
1.042199
1.042199
1.042199
1.042199
1.041624
1.041624
1.041624
1.041624
1.041624
1.041624
1.041624
1.041624
1.041624
1.041624
1.041624
1.041624
1.041624
1.011159
0.966898
0.960000
0.960000
0.960000
0.960000
0.960000
0.960000
0.960000
0.960000
0.960000
0.960000
0.960000
0.960000
0.960000
0.960000
0.960000
0.960000
0.960000
0.960000
0.960000
0.960000
0.960000
0.981843
1.029553
1.030703
1.030703
1.030703
1.041050
1.044499
1.044499
1.044499
1.044499
1.044499
1.044499
1.044499
1.044499
1.044499
1.044499
1.044499
1.044499
1.044499
1.047373
1.047373
1.047373
1.047373
1.047373
1.047373
1.047373
1.047373
1.047373
1.047373
1.047373
1.025529
0.977819
0.976670
0.976670
0.976670
0.966323
0.962874
0.962874
0.962874
0.962874
0.962874
0.993340
1.031852
1.032427
1.045073
1.052546
1.074389
1.120375
1.120375
1.117501
1.117501
1.117501
1.117501
1.117501
1.118075
1.118075
1.118075
1.118075
1.118075
1.118075
1.118075
1.118075
1.118075
1.118075
1.118075
1.118075
1.118075
1.118075
1.118075
1.118075
1.118075
1.087610
1.049097
1.048522
1.035876
1.028404
1.006560
0.960575
0.960575
0.960575
0.960575
0.960575
0.960575
0.960575
0.960000
0.960000
0.960000
0.960000
0.960000
0.960000
0.960000
0.960000
0.960000
0.960000
0.960000
0.960000
0.960000
0.960000
0.960000
0.960000
0.960000
0.960000
0.960000
0.960000
0.968047
0.968047
0.968047
0.968047
0.968047
0.968047
0.968047
0.968047
0.968047
0.968047
0.968047
0.968622
0.968622
0.968622
0.968622
0.968622
0.968622
0.968622
0.968622
0.968622
0.968622
0.968622
0.968622
0.968622
0.968622
0.969197
0.969197
0.969197
0.969197
0.969197
0.961150
0.961150
0.961150
0.961724
0.961724
0.961724
0.961724
0.961724
0.961724
0.961724
0.969197
0.969772
0.969772
0.969772
0.969772
0.969772
0.969772
0.969772
0.969772
0.969772
0.969772
0.969772
0.969772
0.969772
0.969772
0.969772
0.969772
0.969772
0.969772
0.969772
0.969772
0.969772
0.969772
0.969197
0.969197
0.969197
0.969197
0.969197
1.020931
1.038750
1.031278
1.030128
1.030128
1.030128
1.030128
1.030128
1.030128
1.030128
1.030128
1.030128
1.030128
1.030128
1.030128
1.030128
1.030128
1.029553
1.029553
1.029553
1.029553
1.029553
1.029553
1.029553
1.029553
1.029553
1.029553
1.029553
1.029553
1.029553
0.977819
0.960000
0.960000
0.960000
0.960000
0.960000
0.960000
0.960000
0.960000
0.960000
0.960000
0.960000
0.960000
0.960000
0.960000
0.960000
0.961150
0.970922
0.970922
0.971496
0.971496
0.972071
0.972071
0.972071
0.972071
0.972071
0.972071
0.972071
0.972071
0.972071
0.972071
0.972071
0.972071
0.972071
0.972646
0.972646
0.972646
0.972646
0.972646
0.972646
0.972646
0.972646
0.972646
0.972646
0.972646
0.972646
0.971496
0.961724
0.965173
0.994489
1.024380
1.053121
1.081862
1.111178
1.139919
1.169234
1.197975
1.226716
1.255457
1.284198
1.304892
1.304892
1.304892
1.304892
1.308341
1.310640
1.317538
1.318113
1.318688
1.318688
1.318688
1.318688
1.321562
1.321562
1.321562
1.321562
1.321562
1.321562
1.318688
1.288797
1.260056
1.230740
1.201999
1.172683
1.143942
1.114627
1.085886
1.057145
1.030703
1.001962
0.981268
0.981268
0.981268
0.981268
0.977245
0.974945
0.968047
0.967473
0.966898
0.966898
0.966898
0.966898
0.964024
0.964024
0.964024
0.964024
0.964024
0.964024
0.963449
0.963449
0.962299
0.962299
0.962299
0.962299
0.962299
0.962299
0.962299
0.962299
0.960000
0.960000
0.960000
0.960000
0.960000
0.960000
0.960000
0.960000
0.960000
0.960000
0.960000
0.960000
0.960000
0.960000
0.960000
0.960000
0.960000
0.960000
0.960000
0.960000
0.960000
0.960000
0.960000
0.960000
0.960000
0.960000
0.960000
0.960000
0.960000
0.960000
0.960000
0.960000
0.960000
0.960000
0.960000
0.960000
0.960000
0.960000
0.960000
0.960000
0.960000
0.960000
0.960000
0.960000
0.960000
0.960000
0.960000
0.960000
0.960000
0.960000
0.960000
0.960000
0.960000
0.960000
0.960000
0.960000
0.960000
0.960000
0.960000
0.960000
0.960000
0.960000
0.960000
0.960000
0.960000
0.960000
0.960000
0.960000
0.960000
0.960000
0.960000
0.960000
0.960000
0.960000
0.960000
0.960000
0.960000
0.960000
0.960000
0.960000
0.960000
0.960000
0.960000
0.960000
0.960000
0.960000
0.960000
0.960000
0.960000
0.960000
0.960000
0.960000
0.960000
0.960000
0.960000
0.960000
0.960000
0.960000
0.960000
0.964599
0.964599
0.964599
0.966898
0.966898
0.974370
0.978969
0.984142
0.984142
0.984142
0.984142
1.035301
1.052546
1.052546
1.052546
1.052546
1.052546
1.052546
1.052546
1.052546
1.052546
1.052546
1.052546
1.052546
1.052546
1.052546
1.052546
1.052546
1.052546
1.052546
1.047947
1.047947
1.047947
1.045648
1.045648
1.038176
1.033577
1.028404
1.028404
1.028404
1.028404
0.977245
0.960000
0.960000
0.960000
0.960000
0.960000
0.960000
0.960000
0.960000
0.960000
0.960000
0.960000
0.960000
0.960000
0.960000
0.960000
0.960000
0.960000
0.960000
0.960000
0.960000
0.960000
0.960000
0.960000
0.960000
0.960000
0.960000
0.960000
0.960000
0.960000
0.960000
0.960000
0.960000
0.960000
0.960000
0.960000
0.960000
0.960000
0.960000
0.960000
0.960000
0.960000
0.960000
0.960000
0.960000
0.960000
0.960000
0.960000
0.960000
0.960000
0.960000
0.960000
0.960000
0.960000
0.960000
0.960000
0.960000
0.960000
0.960000
0.960000
0.960000
0.972071
1.031278
1.032427
1.032427
1.032427
1.032427
1.032427
1.032427
1.032427
1.042774
1.043349
1.043924
1.043924
1.043924
1.043924
1.043924
1.043924
1.043924
1.043924
1.043924
1.043924
1.052546
1.058294
1.058294
1.058294
1.058294
1.058294
1.060019
1.062318
1.066342
1.054270
1.012309
1.020931
1.020931
1.020931
1.020931
1.020931
1.023805
1.023805
1.013458
1.012883
1.012309
1.012309
1.012883
1.012883
1.012883
1.012883
1.012883
1.012883
1.012883
1.012883
1.004261
0.998513
0.998513
0.999088
0.999088
1.001387
0.999663
0.997938
0.996788
0.996788
0.979544
0.969772
0.969772
0.969772
0.969772
0.969772
0.966898
0.966898
0.966898
0.966898
0.966898
0.966898
0.966323
0.966323
0.966323
0.966323
0.966323
0.966323
0.966323
0.966323
0.966323
0.966323
0.966323
0.965748
0.965748
0.963449
0.963449
0.962874
0.960000
0.960000
0.960000
0.960000
0.960000
0.960000
0.960000
0.960000
0.960000
0.960000
0.960000
0.960000
0.960000
0.960000
0.960000
0.960000
0.960000
0.960000
0.960000
0.960000
0.960000
0.960000
0.960000
0.960000
0.960000
0.960000
0.960000
0.960000
0.960000
0.960000
0.960000
0.960000
0.960000
0.960000
0.960000
0.960000
0.960000
0.960000
0.960000
0.960000
0.960000
0.960000
0.960000
0.960000
0.960000
0.960000
0.960000
0.960000
0.960000
0.960000
0.960000
0.960000
0.960000
0.960000
0.961150
0.965748
0.965748
0.965748
0.965748
0.965748
0.965748
0.965748
0.974945
0.980119
0.980119
0.980119
0.980119
0.980119
0.980119
0.988741
0.988741
1.033577
1.057719
1.057719
1.057719
1.057719
1.057719
1.057719
1.057719
1.057719
1.057719
1.057719
1.057719
1.057719
1.056570
1.051971
1.051971
1.051971
1.051971
1.051971
1.051971
1.051971
1.042774
1.037601
1.037601
1.037601
1.037601
1.037601
1.037601
1.028978
1.028978
0.984142
0.960000
0.960000
0.960000
0.960000
0.960000
0.960000
0.960000
0.960000
0.960000
0.960000
0.960000
0.960000
0.960000
0.960000
0.960000
0.960000
0.960000
0.960000
0.960000
0.971496
0.981268
0.984717
0.984717
0.992190
1.003111
1.003111
1.003111
1.003111
1.003111
1.003111
1.003111
1.003111
1.003111
1.003111
1.003111
1.003111
1.003111
1.003111
1.003111
1.003111
1.003111
1.003111
1.003111
1.003111
1.003111
1.003111
1.003111
1.003111
1.003111
0.991615
0.981843
0.978394
0.978394
0.970922
0.960000
0.960000
0.960000
0.960000
0.960000
0.960000
0.960000
0.960000
0.960000
0.960000
0.960000
0.960000
0.960000
0.960000
0.960000
0.960000
0.960000
0.960000
0.960000
0.960000
0.960000
0.960000
0.960000
0.960000
0.960000
0.960000
0.960000
0.960000
0.960000
0.960000
0.960000
0.960000
0.960000
0.960000
0.960000
0.960000
0.960000
0.960000
0.960000
0.960000
0.960000
0.960000
0.960000
0.960000
0.960575
0.960575
0.960575
0.960575
0.960575
0.960575
0.960575
0.960575
0.960575
0.960575
0.961150
0.961150
0.961150
0.961150
0.961150
1.015758
1.027254
1.027829
1.039325
1.051971
1.051971
1.051971
1.051971
1.051971
1.051971
1.051971
1.051971
1.051971
1.051971
1.051971
1.051396
1.051396
1.051396
1.051396
1.078413
1.095083
1.120950
1.169809
1.170384
1.172109
1.171534
1.171534
1.173833
1.173833
1.173833
1.119225
1.107729
1.139919
1.145092
1.138194
1.138769
1.138769
1.138769
1.138769
1.138769
1.138769
1.149691
1.181306
1.189353
1.189353
1.189353
1.189353
1.189353
1.189353
1.162337
1.145667
1.119800
1.070940
1.070365
1.068641
1.068641
1.068641
1.066342
1.066342
1.066342
1.066342
1.066342
1.033577
1.016907
1.011159
1.010584
1.010584
1.010584
1.010584
1.010584
1.018632
1.065767
1.035876
1.027829
1.027829
1.027829
1.027829
1.027829
1.027829
1.027829
1.027829
1.027829
1.027829
1.027829
1.027829
1.027829
1.027829
1.027829
1.027829
1.027829
1.027829
1.027829
1.027829
1.027829
1.027829
1.027829
1.027829
1.027829
1.027829
1.027829
1.019781
0.961724
0.960000
0.960000
0.960000
0.960000
0.960000
0.960000
0.960000
0.960000
0.960000
0.991615
1.035876
1.097957
1.109453
1.109453
1.109453
1.109453
1.109453
1.109453
1.109453
1.109453
1.109453
1.109453
1.109453
1.109453
1.109453
1.109453
1.109453
1.109453
1.109453
1.109453
1.109453
1.109453
1.109453
1.109453
1.109453
1.109453
1.109453
1.109453
1.109453
1.077838
1.033577
0.971496
0.960000
0.960000
0.960000
0.960000
0.960000
0.960000
0.960000
0.960000
0.960000
0.960000
0.960000
0.960000
0.960000
0.960000
0.960000
0.960000
0.960000
0.960000
0.960000
0.960000
0.960000
0.960000
0.960000
0.960000
0.960000
0.960000
0.960000
0.960000
0.960000
0.960000
0.960000
0.960000
0.960000
0.960000
0.960000
0.960000
0.960000
0.960000
0.960000
0.960000
0.960000
0.960000
0.960000
0.960000
0.960000
0.960000
0.960000
0.960000
0.960000
0.960000
0.960000
0.960000
0.960000
0.960000
0.960000
0.960000
0.960000
0.960000
0.960000
0.960000
0.960000
0.978394
1.024380
1.040475
1.040475
1.040475
1.040475
1.050822
1.072090
1.093358
1.114052
1.134745
1.155439
1.176132
1.196826
1.217519
1.238213
1.248560
1.253158
1.257182
1.261780
1.265804
1.270403
1.274426
1.279025
1.283049
1.287647
1.292246
1.296270
1.300868
1.304892
1.291096
1.249709
1.237638
1.242237
1.246835
1.250859
1.245111
1.227866
1.211196
1.195101
1.178432
1.162337
1.145667
1.129572
1.112902
1.096807
1.091059
1.090484
1.091059
1.090484
1.091059
1.091059
1.091634
1.091634
1.092209
1.092209
1.091634
1.092209
1.092209
1.092783
1.092783
1.092209
1.092783
1.092783
1.092783
1.093358
1.092783
1.093358
1.093358
1.093358
1.093933
1.093358
1.093933
1.093933
1.094508
1.094508
1.094508
1.094508
1.094508
1.095083
1.095083
1.114627
1.141643
1.168085
1.194527
1.220968
1.247985
1.268678
1.264080
1.259481
1.255457
1.251434
1.246835
1.242237
1.237638
1.233039
1.229016
1.224417
1.219819
1.215220
1.210621
1.206598
1.201999
1.197401
1.192802
1.188204
1.183605
1.179581
1.174983
1.170384
1.165786
1.141643
1.110028
1.078988
1.047947
1.016907
0.985867
0.960575
0.960575
0.960575
0.960000
0.960000
0.960000
0.960000
0.960000
0.960000
0.960000
0.960000
0.960000
0.960000
0.960000
0.960000
0.960000
0.960575
0.960575
0.960575
0.960575
0.960575
0.961150
0.961150
0.961150
0.961150
0.961150
0.961150
0.961150
0.961150
0.961150
0.961150
0.961150
0.961150
0.961150
0.961150
0.961150
0.961150
0.961150
0.961150
0.961150
0.961150
0.961150
0.961150
0.961150
0.961150
0.961724
0.961150
0.961150
0.961150
0.961150
0.961150
0.960575
0.960575
0.960575
0.960575
0.960575
0.961150
0.961150
0.961150
0.961150
0.961150
0.961150
0.961150
0.961150
0.961150
0.961150
0.961150
0.961150
0.961150
0.961150
0.961150
0.961724
0.961724
0.961724
0.961724
0.961150
0.961150
0.961150
0.961150
0.961150
0.961150
0.961150
0.961150
0.961150
0.961150
0.961150
0.960575
0.960575
0.960575
0.960575
0.960575
0.960575
0.960575
0.960575
0.960575
0.960575
0.960575
0.960575
0.962874
1.010009
1.041624
1.041624
1.041624
1.041624
1.041624
1.041624
1.041624
1.041624
1.041624
1.042199
1.042199
1.042199
1.042199
1.042199
1.042199
1.042199
1.042199
1.042199
1.042199
1.042774
1.042774
1.042774
1.042774
1.042774
1.042774
1.042774
1.042774
1.042774
1.040475
0.993340
0.961724
0.961150
0.961150
0.961150
0.961150
0.961724
0.961724
0.961724
0.961724
0.961150
0.961150
0.961150
0.961150
0.961150
0.961150
0.961724
0.961724
0.961724
0.961724
0.991615
1.035301
1.040475
1.040475
1.040475
1.040475
1.040475
1.040475
1.040475
1.040475
1.040475
1.040475
1.040475
1.040475
1.040475
1.040475
1.039900
1.039900
1.039900
1.039900
1.039900
1.039900
1.039900
1.039900
1.039900
1.039900
1.039325
1.039325
1.039325
1.039325
1.008860
0.965173
0.960000
0.960000
0.960000
0.960000
0.960000
0.960000
0.960000
0.960000
0.960000
0.960000
0.960000
0.960000
0.960000
0.960000
0.960000
0.960000
0.960000
0.960000
0.960000
0.960000
0.960000
0.960000
0.960000
0.960000
0.960000
0.960000
0.960000
0.960000
0.960000
0.960000
0.960000
0.960000
0.960000
0.960000
0.960000
0.960000
0.960000
0.960000
0.960000
0.960000
0.960000
0.960000
0.960000
0.960000
0.960000
0.960000
0.960000
0.960000
0.960000
0.960000
0.960000
0.960000
0.960000
0.960000
0.960000
0.960000
0.960000
0.960000
0.960000
0.960000
0.960000
0.960000
0.960000
0.960000
0.960000
0.960000
0.960000
0.960000
0.960000
0.960000
0.960000
0.960000
0.960000
0.960000
0.960000
0.960000
0.960000
0.960000
0.960000
0.960000
0.960000
0.960000
0.960000
0.960000
0.960000
0.960000
0.960000
0.960000
0.960000
0.960000
0.960000
0.960000
0.960000
0.960000
0.960000
0.960000
0.960000
0.960000
0.960000
0.960000
0.960000
0.960000
0.960000
0.960000
0.960000
0.960000
0.960000
0.960000
0.960000
0.960000
0.960000
0.960000
0.960000
0.960000
0.960000
0.960000
0.960000
0.960000
0.960000
0.960000
0.960000
0.960000
0.960000
0.960000
0.960000
0.960000
0.960000
0.960000
0.960000
0.960000
0.960000
0.960000
0.960000
0.960000
0.960000
0.960000
0.960000
0.960000
0.960000
0.960000
0.960000
0.960000
1.020356
1.054845
1.096232
1.096807
1.096807
1.100831
1.100831
1.100831
1.100831
1.101406
1.101406
1.101406
1.101406
1.104280
1.106579
1.106579
1.106579
1.107154
1.107154
1.110028
1.110028
1.110028
1.110028
1.110028
1.110028
1.110028
1.110028
1.110028
1.110028
1.110028
1.049672
1.015183
0.973796
0.973221
0.973221
0.969197
0.969197
0.969197
0.969197
0.968622
0.968622
0.968622
0.976670
0.976095
0.973796
0.973796
0.973796
1.012883
1.041624
1.039325
1.039325
1.039325
1.039325
1.039325
1.039325
1.039325
1.039325
1.039325
1.039325
1.039325
1.039325
1.039325
1.039325
1.039900
1.041624
1.041624
1.042774
1.043924
1.044499
1.070365
1.099681
1.128997
1.150265
1.177282
1.177857
1.177857
1.177857
1.155439
1.154864
1.154289
1.154289
1.154289
1.154289
1.154289
1.154289
1.154289
1.154289
1.154289
1.154289
1.154289
1.154289
1.158888
1.158888
1.158313
1.156588
1.156588
1.155439
1.154289
1.153714
1.127847
1.098532
1.069216
1.039900
1.010584
1.010009
1.010009
1.010009
0.992765
0.964599
0.964599
0.964599
0.964599
0.964599
0.964599
0.964599
0.964599
0.964599
0.964599
0.964599
0.964599
0.964599
0.960000
0.960000
0.960000
0.960000
0.960000
0.960000
0.960000
0.960000
0.960000
0.960000
0.960000
0.960000
0.960000
0.960000
0.960000
0.960000
0.960000
0.960000
0.960000
0.960000
0.960000
0.960000
0.960000
0.960000
0.960000
0.960000
0.960000
0.960000
0.960000
0.960000
0.960000
0.960000
0.960000
0.960000
0.960000
0.960000
0.960000
0.960000
0.960000
0.960000
0.960000
0.960000
0.960000
0.960000
0.960000
0.960000
0.960000
0.960000
0.960000
0.960000
0.960000
0.960000
0.960000
0.960000
0.960000
0.960000
0.960000
0.960000
0.960000
0.960000
0.960000
0.960000
0.960000
0.960000
0.960000
1.001962
1.032427
1.032427
1.032427
1.032427
1.032427
1.032427
1.032427
1.032427
1.032427
1.037026
1.037026
1.037026
1.037026
1.037026
1.037026
1.037026
1.037026
1.037026
1.037026
1.037026
1.037026
1.037026
1.037026
1.037026
1.037026
1.041624
1.046223
1.050247
1.050247
1.008285
0.977819
0.977819
0.977819
0.977819
0.977819
0.977819
0.977819
0.977819
0.977819
0.973221
0.973221
0.973221
0.973221
0.973221
0.973221
0.973221
0.973221
0.973221
0.973221
0.973221
0.973221
0.973221
0.973221
0.973221
0.973221
0.968622
0.964024
0.960000
0.960000
0.960000
0.960000
0.960000
0.960000
0.960000
0.960000
0.960000
0.960000
0.960000
0.960000
0.960000
0.960000
0.960000
0.960000
0.960000
0.960000
0.960000
0.960000
0.960000
0.960000
0.960000
0.960000
0.960000
0.960000
0.960000
0.960000
0.960000
0.960000
0.960000
0.960000
0.960000
0.960000
0.960000
0.960000
0.960000
0.960000
0.960000
0.960000
0.960000
0.960000
0.960000
0.960000
0.960000
0.960000
0.960000
0.960000
0.960000
0.960000
0.960000
0.960000
0.960000
0.960000
0.960000
0.960000
0.960000
0.960000
0.960000
0.960000
0.960000
0.960000
0.960000
0.960000
0.960000
0.960000
0.960000
0.960000
0.960000
0.960000
0.960000
0.960000
0.960000
0.960000
0.960000
0.960000
0.960000
0.960000
0.960000
0.960000
0.960000
0.960000
0.960000
0.960000
0.960000
0.960000
0.960000
0.960000
0.960000
0.960000
0.960000
0.960000
0.960000
0.960000
0.960000
0.960000
0.960000
0.960000
0.960000
0.960000
0.960000
0.960000
0.960000
0.960000
0.960000
0.960000
0.960000
0.960000
0.960000
0.960000
0.960000
0.960000
0.960000
0.960000
0.960000
0.960000
0.960000
0.960000
0.960000
0.960000
0.960000
0.960575
0.969772
0.973221
0.973221
0.973221
0.973221
0.973221
0.973221
0.973221
0.973221
0.973221
0.973221
0.973221
0.973221
0.973221
0.973221
0.973221
0.973221
0.973221
0.973221
0.973221
0.973221
0.973221
0.973221
0.973221
0.989316
1.039325
1.039900
1.039900
1.039900
1.039325
1.030128
1.026679
1.026679
1.026679
1.026679
1.026679
1.026679
1.026679
1.026679
1.026679
1.026679
1.026679
1.026679
1.026679
1.026679
1.026679
1.026679
1.026679
1.026679
1.026679
1.026679
1.026679
1.026679
1.026679
1.010584
0.960575
0.960000
0.960000
0.960000
0.960000
0.960000
0.960000
0.960000
0.960000
0.960000
0.960000
0.960000
0.960000
0.960000
0.960000
0.960000
0.960000
0.960000
0.960000
0.960000
0.960000
0.960000
0.960000
0.960000
0.960000
0.960000
0.960000
0.960000
0.960000
0.960000
0.960000
0.960000
0.960000
0.960000
0.960000
0.960000
0.960000
0.960000
0.960000
0.960000
0.960000
0.960000
0.960000
0.960000
0.960000
0.960000
0.960000
0.960000
0.960000
0.960000
0.960000
0.960000
0.960000
0.960000
0.960000
0.960000
0.960000
0.960000
0.960000
0.960000
0.960000
0.960000
0.960000
0.960000
0.960000
0.960000
0.960000
0.960000
0.960000
0.960000
0.960000
0.960000
0.960000
0.960000
0.960000
0.960000
0.960000
0.960000
0.960000
0.960000
0.960000
0.960000
0.961724
0.983568
1.030128
1.030703
1.030703
1.030703
1.030703
1.030703
1.030703
1.030703
1.030703
1.030703
1.030703
1.030703
1.030703
1.030703
1.030703
1.030703
1.030703
1.030703
1.030703
1.030703
1.030703
1.030703
1.030703
1.030703
1.051396
1.101406
1.101981
1.101981
1.100256
1.080712
1.034152
1.033577
1.033577
1.033577
1.033577
1.033577
1.033577
1.033577
1.033577
1.033577
1.033577
1.033577
1.033577
1.033577
1.033577
1.033577
1.033577
1.033577
1.033577
1.033577
1.033577
1.033577
1.033577
1.033577
1.012883
0.962874
0.962299
0.962299
0.962299
0.960000
0.960000
0.960000
0.960000
0.960000
0.960000
0.960000
0.960000
0.960000
0.960000
0.960000
0.960000
0.960000
0.960000
0.960000
0.960000
0.960000
0.960000
0.960000
0.960000
0.960000
0.960000
0.960000
0.960000
0.960000
0.960000
0.960000
0.960000
0.960000
0.960000
0.960000
0.960000
0.960000
0.960000
0.960000
0.960000
0.960000
0.960000
0.960000
0.960000
0.960000
0.963449
0.966898
0.966898
0.966898
0.966898
0.966898
0.966898
0.966898
0.966898
0.966898
0.966898
0.966898
0.966898
0.966898
0.966898
0.966898
0.966898
0.966898
0.966898
0.966898
0.966898
0.966898
0.970922
0.981268
0.981268
0.981268
0.981268
0.981268
0.981268
0.981268
0.977819
0.974370
0.974370
0.974370
0.974370
0.974370
0.974370
0.974370
0.974370
0.974370
0.974370
0.974370
0.974370
0.974370
0.974370
0.974370
0.974370
0.974370
0.974370
0.974370
0.974370
0.974370
0.970347
0.960000
0.960000
0.960000
0.960000
0.978394
1.027829
1.028404
1.028404
1.028404
1.028404
1.028404
1.028404
1.028404
1.028404
1.028404
1.028404
1.028404
1.028404
1.028404
1.028404
1.028404
1.028404
1.028404
1.028404
1.028404
1.028404
1.028404
1.028404
1.028404
1.028404
1.028404
1.028404
1.028404
1.028404
1.010009
0.960575
0.960000
0.960000
0.960000
0.960000
0.960000
0.960000
0.960000
0.960000
0.960000
0.960000
0.960000
0.960000
0.960000
0.960000
0.960000
0.960000
0.960000
0.960000
0.960000
0.960000
0.960000
0.960000
0.960000
0.960000
0.961724
0.961724
0.961724
0.964599
0.965748
0.966898
0.966898
0.970347
0.978394
0.980694
0.980694
0.980694
0.980694
0.980694
0.980694
0.980694
0.980694
0.980694
0.980694
0.980694
0.980694
0.980694
0.980694
0.980694
0.980694
0.980694
0.980694
0.980694
0.980694
0.980694
0.980694
0.996788
1.007135
1.004836
1.003686
1.003111
1.003111
0.999663
0.991615
0.989316
0.989316
0.989316
0.989316
0.989316
0.989316
0.989316
0.989316
0.989316
0.989316
0.989316
0.991040
0.999663
1.001962
1.001962
1.002537
1.013458
1.020356
1.020356
1.020356
1.020356
1.018632
1.002537
0.992190
0.995639
1.000237
1.011159
1.014033
1.014033
1.014033
1.014033
1.014033
1.014033
1.014608
1.024955
1.032427
1.032427
1.032427
1.032427
1.032427
1.032427
1.030703
1.022081
1.019781
1.019781
1.020356
1.009435
1.002537
1.002537
1.002537
1.002537
1.002537
1.002537
1.002537
0.998513
0.993914
0.982418
0.979544
0.979544
0.979544
0.979544
0.983568
0.988741
0.999663
0.991615
0.984142
0.984142
0.984142
0.984142
0.984142
0.997938
1.009435
1.010009
1.010009
1.010584
1.009435
1.021506
1.023805
1.023805
1.034727
1.092783
1.093933
1.093933
1.093933
1.093933
1.093933
1.093933
1.093933
1.093933
1.093933
1.093933
1.089909
1.084736
1.073240
1.070940
1.070940
1.070940
1.070940
1.070940
1.070940
1.057145
1.051971
1.051971
1.051971
1.051396
1.065192
1.105429
1.103705
1.103705
1.092783
1.034727
1.033577
1.033577
1.033577
1.033577
1.033577
1.033577
1.033577
1.033577
1.033577
1.033577
1.033577
1.033577
1.033577
1.033577
1.033577
1.033577
1.033577
1.033577
1.033577
1.034152
1.027829
1.027254
1.027254
1.030128
1.027254
0.988166
0.996214
1.004261
1.004261
1.004261
1.004261
1.066342
1.073240
1.073240
1.073240
1.073240
1.073240
1.073240
1.073240
1.073240
1.073240
1.073240
1.073240
1.073240
1.073240
1.073240
1.073240
1.073814
1.073814
1.073240
1.073240
1.073240
1.073240
1.070365
1.059444
1.046223
1.037601
1.029553
1.029553
1.029553
1.029553
0.967473
0.960575
0.960575
0.960575
0.960575
0.960575
0.960575
0.960575
0.960575
0.960575
0.960575
0.960575
0.960575
0.960575
0.960575
0.960575
0.960000
0.960000
0.960000
0.960000
0.960000
0.960000
0.960000
0.960000
0.960000
0.960000
0.960000
0.960000
0.960000
0.960000
0.960000
0.960000
0.960000
0.960000
0.960000
0.960000
0.960000
0.960000
0.960000
0.960000
0.960000
0.960000
0.960000
0.960000
0.960000
0.960000
0.960000
0.960000
0.960000
0.960000
0.960000
0.960000
0.960000
0.960000
0.960000
0.960000
0.960000
0.960000
0.960000
0.960000
0.960000
0.960000
0.960000
0.960000
0.960000
0.960000
0.960000
0.960000
0.960000
0.960000
0.960000
0.960000
0.960000
0.960000
0.960000
0.960000
0.960000
0.960000
0.960000
0.960000
0.960000
0.960000
0.960000
0.960000
0.960000
0.960000
0.960000
0.960000
0.960000
0.960000
0.960000
0.960000
0.960000
0.960000
0.960000
0.960000
0.960000
0.960000
0.960000
0.960000
0.960000
0.960000
0.960000
0.960000
0.960000
0.960000
0.960000
0.960000
0.960000
0.960000
0.960000
0.960000
0.960000
0.960000
0.960000
0.960000
0.960000
0.960000
0.960000
0.960000
0.960000
0.960000
0.960000
0.960000
0.960000
0.960000
0.960000
0.960000
0.960000
0.960000
0.960000
0.960000
0.960000
0.960000
0.960000
0.960000
0.960000
0.960000
0.960000
0.960000
0.960000
0.960000
0.960000
0.960000
0.960000
0.960000
0.960000
0.960000
0.960000
0.960000
0.960000
0.960000
0.960000
0.960000
0.960000
0.960000
0.960000
0.960000
0.960000
0.960000
0.960000
0.960000
0.960000
0.960000
0.960000
0.960000
0.960000
0.960000
0.960000
0.960000
0.960000
0.960000
0.960000
0.960000
0.960000
0.960000
0.960000
0.960000
0.960000
0.960000
0.960000
0.960000
0.960000
0.960000
0.960000
0.960000
0.960000
0.960000
0.960000
0.960000
0.960000
0.960000
0.960000
0.960000
0.960000
0.960000
0.960000
0.960000
0.960000
0.960000
0.960000
0.960000
0.960000
0.960000
0.960000
0.960000
0.960000
0.960000
0.960000
0.960000
0.960000
0.960000
0.960000
0.960000
0.960000
0.960000
0.960000
0.960000
0.960000
0.960000
0.960000
0.960000
0.960000
0.960000
0.960000
0.960000
0.960000
0.960000
0.960000
0.960000
0.960000
0.960000
0.960000
0.960000
0.960000
0.960000
0.960000
0.960000
0.960000
0.960000
0.960000
0.960000
0.960000
0.960000
0.960000
0.960000
0.960000
0.960000
0.960000
0.960000
0.960000
0.960000
0.960000
0.960000
0.960000
0.960000
0.960000
0.960000
0.960000
0.960000
0.960000
0.960000
0.960000
0.960000
0.960000
0.960000
0.960000
0.960000
0.960000
0.960000
0.960000
0.960000
0.960000
0.960000
0.960000
0.960000
0.960000
0.960000
0.960000
0.960000
0.960000
0.960000
0.960000
0.960000
0.960000
0.960000
0.960000
0.960000
0.960000
0.960000
0.960000
0.960000
0.960000
0.960000
0.960000
0.960000
0.960000
0.960000
0.960000
0.960000
0.960000
0.999663
1.040475
1.041050
1.041050
1.041050
1.041050
1.041050
1.041050
1.041050
1.041050
1.041050
1.041050
1.041050
1.041050
1.041050
1.041050
1.041050
1.041050
1.041050
1.041050
1.041050
1.041050
1.041050
1.041050
1.041050
1.041050
1.041050
1.041050
1.041050
1.041050
1.001387
0.960575
0.960000
0.960000
0.960000
0.960000
0.960000
0.960000
0.960000
0.960000
0.960000
0.960000
0.960000
0.960000
0.960000
0.960000
0.960000
0.960000
0.960000
0.960000
0.960000
0.960000
0.960000
0.960000
0.960000
0.960000
0.960000
0.960000
0.960000
0.960000
0.960000
0.960000
0.960000
0.960000
0.960000
0.960000
0.960000
0.960000
0.960000
0.960000
0.960000
0.960000
0.960000
0.960000
0.960000
0.960000
0.960000
0.960000
0.960000
0.960000
0.960000
0.960000
0.960000
0.960000
0.960000
0.960000
0.960000
0.960000
0.960000
0.960000
0.960000
0.960000
0.960000
0.960000
0.960000
0.960000
0.960000
0.960000
0.960000
0.960000
0.960000
0.960000
0.960000
0.960000
0.960000
0.960000
0.960000
0.960000
0.960000
0.960000
0.960000
0.960000
0.960000
0.960000
0.960000
0.960000
0.960000
0.960000
0.960000
0.960000
0.960000
0.960000
0.960000
0.960000
0.960000
0.960000
0.960000
0.960000
0.960000
0.960000
0.960000
0.960000
0.960000
0.960000
0.960000
0.960000
0.960000
0.960000
0.988166
1.033577
1.041624
1.041624
1.041624
1.041624
1.041624
1.041624
1.041624
1.041624
1.041624
1.041624
1.041624
1.057145
1.107729
1.108304
1.108878
1.130722
1.193952
1.194527
1.194527
1.201999
1.202574
1.202574
1.202574
1.203724
1.205448
1.205448
1.205448
1.205448
1.177282
1.131871
1.123824
1.123824
1.124398
1.124398
1.124398
1.124398
1.124398
1.124398
1.124398
1.124398
1.124398
1.108878
1.058869
1.058294
1.057719
1.035876
0.972646
0.972071
0.972071
0.964599
0.964024
0.964024
0.964024
0.977819
1.026104
1.026679
1.026679
1.026679
1.027829
1.032427
1.053121
1.083586
1.112902
1.136470
1.136470
1.136470
1.136470
1.136470
1.136470
1.136470
1.139344
1.140493
1.139919
1.141643
1.141643
1.141643
1.141643
1.141643
1.141643
1.141643
1.141643
1.141643
1.141643
1.126698
1.076688
1.076114
1.076114
1.076114
1.074964
1.070365
1.049672
1.019206
0.989316
0.965748
0.966323
0.966323
0.966323
0.966323
0.966323
0.966323
0.963449
0.962299
0.962299
0.960575
0.960575
0.960575
0.960575
0.960575
0.960575
0.960575
0.960575
1.005986
1.028978
1.028978
1.028978
1.028978
1.028978
1.028978
1.028978
1.028978
1.028978
1.028978
1.028978
1.028978
1.028404
1.028404
1.028404
1.028404
1.028404
1.028404
1.028404
1.028404
1.028404
1.028404
1.028404
1.028404
1.028404
1.030703
1.030703
1.033577
1.039325
0.993914
0.970922
0.970922
0.970922
0.970922
0.970922
0.970922
0.970922
0.970922
0.970922
0.970922
0.970922
0.970922
0.970922
0.970922
0.970922
0.970922
0.970922
0.970922
0.970922
0.970922
0.970922
0.970922
0.970922
0.970922
0.970922
0.968622
0.968622
0.965748
0.960000
0.960000
0.960000
0.960000
0.960000
0.960000
0.960000
0.960000
0.960000
0.960000
0.960000
0.960000
0.960000
0.960000
0.960000
0.960000
0.960000
0.960000
0.960000
0.960000
0.960000
0.960000
0.960000
0.960000
0.960000
0.960000
0.960000
0.960000
0.960000
0.960000
0.960000
0.960000
0.960000
0.960000
0.960000
0.960000
0.960000
0.960000
0.960000
0.960000
0.960000
0.960000
0.960000
0.960000
0.960000
0.960000
0.960000
0.960000
0.960000
0.960000
0.960000
0.960000
0.960000
0.960000
0.960000
0.960000
0.960000
0.960000
0.960000
0.960000
0.960000
0.960000
0.960000
0.960000
0.960000
0.960000
0.960000
0.960000
0.960000
0.960000
0.960000
0.960000
0.960000
0.960000
0.960000
0.960000
0.960000
0.961724
0.966898
0.972071
0.975520
0.975520
0.976670
0.976670
0.976670
0.978394
0.978394
0.980119
0.980119
0.984142
0.989891
0.989891
0.989891
0.989891
0.989891
0.989891
0.989891
0.989891
0.989891
0.989891
0.989891
0.989891
0.989891
0.989891
0.989891
0.989891
0.991040
0.989316
0.984142
0.978969
0.975520
0.975520
0.974370
0.974370
0.974370
0.972646
0.972646
0.970922
0.970922
0.966898
0.961150
0.961150
0.961150
0.961150
0.961150
0.961150
0.961150
0.961150
0.961150
0.961150
0.961150
0.961150
0.961150
0.961150
0.961150
0.961150
0.960000
0.960000
0.960000
0.960000
0.960000
0.960575
0.960575
0.960575
0.960575
0.960575
0.960575
0.960575
0.960575
0.960575
0.960575
0.960575
0.960575
0.960575
0.960575
0.960575
0.960575
0.960575
0.960575
0.960575
0.960575
0.960575
0.974370
1.024380
1.025529
1.025529
1.025529
1.025529
1.025529
1.025529
1.025529
1.024955
1.024955
1.024955
1.024955
1.024955
1.024955
1.024955
1.024955
1.024955
1.024955
1.024955
1.024955
1.024955
1.024955
1.024955
1.024955
1.024955
1.024955
1.024955
1.024955
1.024955
1.011159
0.961150
0.960000
0.960000
0.960000
0.960000
0.960000
0.960000
0.960000
0.960000
0.960000
0.960000
0.960000
0.966323
0.996214
1.026104
1.055420
1.084736
1.114052
1.143368
1.172109
1.201424
1.230165
1.258906
1.287647
1.311215
1.311215
1.311215
1.311215
1.311215
1.311215
1.366398
1.379044
1.379044
1.379044
1.379044
1.379044
1.379044
1.379044
1.379044
1.379044
1.379044
1.379044
1.374445
1.346854
1.316963
1.287647
1.258332
1.229016
1.199700
1.170959
1.141643
1.112902
1.084161
1.055420
1.031852
1.031852
1.034152
1.034152
1.034152
1.034152
0.978969
0.966323
0.966323
0.966323
0.966323
0.966323
0.966323
0.966323
0.966323
0.966323
0.966323
0.966323
0.964599
0.962299
0.962299
0.962299
0.962299
0.962299
0.962299
0.962299
0.962299
0.962299
0.962299
0.962299
0.962299
0.962299
0.960000
0.960000
0.960000
0.960000
0.960000
0.960000
0.960000
0.960000
0.960000
0.960000
0.960000
0.960000
0.960000
0.960000
0.960000
0.960000
0.960000
0.960000
0.960000
0.960000
0.960000
0.960000
0.960000
0.960000
0.960000
0.960000
0.960000
0.960000
0.960000
0.960000
0.960000
0.960000
0.960000
0.960000
0.960000
0.960000
0.960000
0.960000
0.960000
0.960000
0.960000
0.960000
0.960000
0.960000
0.960000
0.960000
0.960000
0.960000
0.960000
0.960000
0.960000
0.960000
0.960000
0.960000
0.960000
0.960000
0.960000
0.960000
0.960000
0.960000
0.960000
0.960000
0.960000
0.960000
0.960000
0.960000
0.960000
0.960000
0.960000
0.960000
0.960000
0.960000
0.960000
0.960000
0.960000
0.960000
0.960000
0.960000
0.960000
0.960000
0.960000
0.960000
0.960000
0.960000
0.960000
0.960000
0.960000
0.960000
0.960000
0.960000
0.960000
0.960000
0.960000
0.960000
0.960000
0.960000
0.960000
0.960000
0.960000
0.960000
0.960000
0.960000
0.960000
0.960000
0.960000
0.960000
0.960000
0.960000
0.960000
0.960000
0.960000
0.960000
0.960000
0.960000
0.960000
0.960000
0.960000
0.960000
0.960000
0.960000
0.960000
0.960000
0.960000
0.960000
0.960000
0.960575
0.960575
0.960575
0.960575
0.960575
0.960575
0.960575
0.960575
0.960575
0.960575
0.960575
0.960575
0.960575
0.960575
0.960575
0.960575
0.960575
0.960575
0.960575
0.960575
0.960575
0.960575
0.960575
0.960575
0.960575
0.960575
0.960575
0.960575
0.960575
0.960575
0.960000
0.960000
0.960000
0.960000
0.960000
0.960000
0.960000
0.960000
0.960000
0.960000
0.960000
0.960000
0.960000
0.960000
0.960000
0.960000
0.960000
0.960000
0.960000
0.960000
0.960000
0.960000
0.960000
0.960000
0.960000
0.960000
0.960000
0.960575
0.962299
0.994489
1.033577
1.045073
1.049097
1.049672
1.049672
1.049672
1.049672
1.049672
1.049672
1.049672
1.049672
1.049672
1.050247
1.050247
1.050247
1.050247
1.050247
1.050247
1.050247
1.050247
1.050247
1.050247
1.050247
1.050247
1.050247
1.050247
1.050247
1.049672
1.047947
1.015758
0.976670
0.965173
0.961150
0.960575
0.960575
0.960575
0.960575
0.960575
0.960575
0.960575
0.960575
0.960575
0.960000
0.960000
0.960000
0.960000
0.960000
0.960000
0.960000
0.960000
0.960000
0.960000
0.960000
0.960000
0.960000
0.960000
0.960000
0.960000
0.960000
0.960000
0.960000
0.960000
0.960000
0.960000
0.960000
0.960000
0.960000
0.960000
0.960000
0.960000
0.960000
0.960000
0.960000
0.960000
0.960000
0.960000
0.960000
0.960000
0.960000
0.960000
0.960000
0.960000
0.960000
0.960000
0.960000
0.960000
0.960000
0.960000
0.960000
0.960000
0.960000
0.960000
0.960000
0.960000
0.960000
0.960000
0.960000
0.960000
0.960000
0.960000
0.960000
0.960000
0.960000
0.960000
0.960000
0.960000
0.960000
0.960000
0.960000
0.960000
0.960000
0.960000
0.960000
0.960000
0.960000
0.960000
0.960000
0.960000
0.960000
0.960000
0.960000
0.960000
0.960000
0.960000
0.960000
0.960000
0.960000
0.960000
0.960000
0.960000
0.960000
0.960000
0.960000
0.960000
0.960000
0.960000
0.960000
0.960000
0.960000
0.960000
0.960000
0.960000
0.960000
0.960000
0.960000
0.960000
0.960000
0.960000
0.960000
0.960000
0.960000
0.960000
0.960000
0.960000
0.960000
0.960000
0.960000
0.960000
0.960000
0.960000
0.960000
0.960000
0.960000
0.960000
0.960000
0.960000
0.960000
0.960000
0.961724
1.012883
1.044499
1.044499
1.044499
1.044499
1.044499
1.044499
1.044499
1.044499
1.044499
1.044499
1.044499
1.044499
1.044499
1.044499
1.044499
1.044499
1.044499
1.044499
1.044499
1.044499
1.044499
1.044499
1.044499
1.044499
1.044499
1.044499
1.044499
1.044499
1.042774
0.991615
0.960000
0.960000
0.960000
0.960000
0.960000
0.960000
0.960000
0.960000
0.960000
0.960000
0.960000
0.960000
0.960000
0.960000
0.960000
0.960000
0.960000
0.960000
0.960000
0.960000
0.960000
0.960000
0.960000
0.960000
0.960000
0.960000
0.960000
0.960000
0.960000
0.960000
0.960000
0.960000
0.960000
0.960000
0.960000
0.960000
0.960000
0.960000
0.960000
0.960000
0.960000
0.960000
0.960000
0.960000
0.960000
0.960000
0.960000
0.960000
0.960000
0.960000
0.960000
0.960000
0.960000
0.960000
0.960000
0.960000
0.960000
0.960000
0.960000
0.960000
0.960000
0.960000
0.960000
0.960575
0.961724
0.961724
0.961724
0.961724
0.961724
0.961724
0.961724
0.961724
0.961724
0.964024
0.964024
0.964024
0.977819
0.979544
0.979544
0.979544
0.979544
0.979544
0.979544
0.979544
1.011734
1.042774
1.043349
1.043924
1.043924
1.043924
1.043924
1.043924
1.043924
1.043349
1.042199
1.042199
1.042199
1.042199
1.042199
1.042199
1.042199
1.084161
1.108878
1.106579
1.106579
1.106579
1.092783
1.091059
1.091059
1.091059
1.091059
1.091059
1.091059
1.091059
1.058869
1.027829
1.027254
1.026679
1.026679
1.026679
1.026679
1.026679
1.026679
1.026679
1.026679
1.026679
1.026679
1.026679
1.026679
1.026679
1.026679
0.984717
0.960000
0.960000
0.960000
0.960000
0.960000
0.960000
0.960000
0.960000
0.960000
0.960000
0.960000
0.960000
0.960000
0.960000
0.960000
0.960000
0.960000
0.960000
0.960000
0.960000
0.960000
0.960000
0.960000
0.960000
0.960000
0.960000
0.960000
0.960000
0.960000
0.960000
0.960000
0.960000
0.960000
0.960000
0.960000
0.960000
0.960000
0.960000
0.960000
0.960000
0.960000
0.960000
0.960000
0.960000
0.960000
0.960000
0.960000
0.960000
0.960000
0.960000
0.960000
0.960000
0.960000
0.960000
0.960000
0.960000
0.960000
0.960000
0.960000
0.960000
0.960000
0.960000
0.960000
0.960000
0.960000
0.960575
0.960575
0.960575
0.961150
0.961150
0.961150
0.961150
0.961150
0.961150
0.961150
0.961150
0.961150
0.961150
0.961150
0.961150
0.961150
0.961150
0.961150
0.961150
0.961150
0.961150
0.961150
0.961150
0.961150
0.961150
0.961150
0.961150
0.961150
0.961150
0.961150
0.960575
0.960575
0.960575
0.960000
0.960000
0.960000
0.960000
0.960000
0.960000
0.960000
0.960000
0.960000
0.960000
0.960000
0.960000
0.960000
0.960000
0.960000
0.960000
0.960000
0.960000
0.960000
0.960000
0.960000
0.960000
0.960000
0.960000
0.960000
0.960000
0.960000
0.960000
0.960000
0.960000
0.960000
0.960000
0.960000
0.960000
0.960000
0.960000
0.960000
0.960000
0.960000
0.960000
0.960000
0.960000
0.960000
0.960000
0.960000
0.960000
0.960000
0.960000
0.960000
0.960000
0.960000
0.960000
0.960000
0.960000
0.960000
0.960000
0.960000
0.960000
0.960000
0.960000
0.960000
0.960000
0.960000
0.960000
0.960000
0.960000
0.960000
0.960000
0.960000
0.960000
0.960000
0.960000
0.960000
0.960000
0.960000
0.960000
0.960000
0.960000
0.960000
0.960000
0.960000
0.960000
0.960000
0.960000
0.960000
0.960000
0.960000
0.960000
0.960000
0.960000
0.960000
0.960000
0.960000
0.960000
0.960000
0.960000
0.960000
0.960000
0.960000
0.960000
0.960000
0.960000
0.960000
0.960000
0.960000
0.960000
0.960000
0.960000
0.960000
0.960000
0.960000
0.960000
0.960000
0.960000
0.960000
0.960000
0.960000
0.960000
0.960000
0.960000
0.960000
0.960000
0.960000
0.960000
0.960000
0.960000
0.960000
0.960000
0.960000
0.960000
0.960000
0.960000
0.960000
0.960000
0.960000
0.960000
0.960000
0.960000
0.960000
0.960000
0.960000
0.960000
0.960000
0.960000
0.960000
0.960000
0.960000
0.960000
0.960000
0.960000
0.960000
0.960000
0.960000
0.960000
0.960000
0.960000
0.960000
0.960000
0.960000
0.960000
0.960000
0.960000
0.960000
0.960000
0.960000
0.960000
0.960000
0.960000
0.960000
0.960000
0.960000
0.960000
0.960000
0.960000
0.960000
0.960000
0.960000
0.960000
0.960000
0.960000
0.960000
0.960000
0.960000
0.960000
0.960000
0.960000
0.960000
0.960000
0.960000
0.960000
0.960000
0.960000
0.960000
0.960000
0.960000
0.960000
0.960000
0.960000
0.960000
0.960000
0.960000
0.960000
0.960000
0.960000
0.960000
0.960000
0.960000
0.960000
0.960000
0.960000
0.960000
0.960000
0.960000
0.960000
0.960000
0.960000
0.960000
0.960000
0.960000
0.960000
0.960000
0.960000
0.960000
0.960000
0.960000
0.960000
0.960000
0.960000
0.960000
0.960000
0.960000
0.960000
0.960000
0.960000
0.960000
0.960000
0.960000
0.960000
0.960000
0.960000
0.960000
0.960000
0.960000
0.960000
0.960000
0.960000
0.960000
0.960000
0.960000
0.960000
0.960000
0.960000
0.960000
0.960000
0.960000
0.960000
0.960000
0.960000
0.960000
0.960000
0.960000
0.960000
0.960000
0.960000
0.960000
0.960000
0.960000
0.960000
0.960000
0.960000
0.960000
0.960000
0.960000
0.960000
0.960000
0.960000
0.960000
0.960000
0.960000
0.960000
0.960000
0.960000
0.960000
0.960000
0.960000
0.960000
0.960000
0.960000
0.960000
0.960000
0.960000
0.960000
0.960000
0.960000
0.960000
0.960000
0.960000
0.960000
0.960000
0.960000
0.960000
0.960000
0.960000
0.960000
0.960000
0.960000
0.960000
0.960000
0.960000
0.960000
0.960000
0.960000
0.960000
0.960000
0.960000
0.960000
1.008285
1.043924
1.043924
1.043924
1.043924
1.043924
1.043924
1.043924
1.043924
1.043924
1.043924
1.043924
1.043924
1.043924
1.043924
1.043924
1.043924
1.043924
1.043924
1.043924
1.043924
1.043924
1.043924
1.043924
1.043924
1.043924
1.043924
1.043924
1.043924
1.043924
0.995639
0.960000
0.960000
0.960000
0.960000
0.960000
0.960000
0.960000
0.960000
0.960000
0.960000
0.960000
0.960000
0.960000
0.960000
0.960000
0.960000
0.960000
0.960000
0.960000
0.960000
0.960000
0.960000
0.960000
0.960000
0.960000
0.960000
0.960575
0.961150
0.961150
0.961150
0.961150
0.964599
0.964599
0.964599
0.964599
0.964599
0.964599
0.964599
0.964599
0.964599
0.964599
0.964599
0.964599
0.964599
0.964599
0.964599
0.964599
0.964599
0.964599
0.964599
0.964599
0.964599
0.964599
0.964599
0.964599
0.964599
0.964024
0.963449
0.963449
0.963449
0.963449
0.960000
0.960000
0.960000
0.960000
0.960000
0.960000
0.960000
0.960000
0.960000
0.960000
0.960000
0.960000
0.960000
0.964024
0.964024
0.964024
0.964024
0.964024
0.964024
0.964024
0.964024
0.964024
0.964024
0.964024
0.964024
0.964024
0.964024
0.964024
0.964024
0.964024
0.964024
0.964024
0.998513
1.029553
1.029553
1.029553
1.029553
1.029553
1.029553
1.029553
1.029553
1.029553
1.029553
1.025529
1.025529
1.025529
1.025529
1.025529
1.025529
1.025529
1.025529
1.025529
1.025529
1.025529
1.025529
1.025529
1.025529
1.025529
1.025529
1.025529
1.025529
1.025529
0.991040
0.960000
0.960000
0.960000
0.960000
0.960000
0.960000
0.960000
0.960000
0.960000
0.960000
0.960000
0.960000
0.960000
0.993914
1.023805
1.024380
1.024380
1.024380
1.024380
1.027254
1.027254
1.027254
1.027254
1.027254
1.027254
1.027254
1.027254
1.031852
1.053121
1.063468
1.063468
1.063468
1.063468
1.063468
1.063468
1.063468
1.063468
1.063468
1.063468
1.063468
1.063468
1.063468
1.063468
1.029553
0.999663
0.999088
1.042774
1.066917
1.066917
1.064042
1.064042
1.064042
1.064042
1.064042
1.064042
1.064042
1.064042
1.059444
1.038176
1.027829
1.027829
1.027829
1.027829
1.027829
1.027829
1.027829
1.027829
1.027829
1.027829
1.027829
1.027829
1.027829
1.027829
1.027829
1.027829
1.027829
0.984142
0.960000
0.960000
0.960000
0.960000
0.960000
0.960000
0.960000
0.960000
0.960000
0.960000
0.960000
0.960000
0.960000
0.960000
0.960000
0.960000
0.960000
0.960000
0.960000
0.960000
0.960000
0.960000
0.960000
0.960000
0.960000
0.960000
0.963449
0.980694
0.984717
0.988166
0.991615
0.991615
0.991615
0.991615
0.991615
0.991615
0.991615
0.991615
0.991615
0.991615
0.991615
0.991615
0.991615
0.994489
0.994489
0.994489
0.996788
0.996788
0.996788
0.996788
0.996788
0.996788
0.996788
0.996788
0.996788
0.996788
0.993340
0.976095
0.972071
0.968622
0.967473
0.967473
0.971496
0.980119
0.980119
0.980119
0.980119
0.980119
0.980119
0.980119
0.980119
0.980119
0.980119
0.977245
0.977245
0.977245
0.981843
1.011734
1.041050
1.070365
1.099681
1.128997
1.157738
1.187054
1.215795
1.245111
1.273852
1.300293
1.300293
1.300293
1.297994
1.297994
1.293970
1.285348
1.285348
1.287647
1.288797
1.289947
1.295120
1.295120
1.295120
1.295120
1.295120
1.295120
1.295120
1.295120
1.288222
1.258332
1.229016
1.199700
1.170384
1.141068
1.112327
1.083011
1.054270
1.024955
0.996214
0.969772
0.969772
0.969772
0.969772
0.969772
0.969772
0.969772
0.969772
0.967473
0.966323
0.965173
0.960000
0.960000
0.960000
0.960000
0.960000
0.960000
0.960000
0.960000
0.960000
0.960000
0.960000
0.960000
0.960000
0.960000
0.960000
0.960000
0.960000
0.960000
0.960000
0.960000
0.960000
0.960000
0.960000
0.960000
0.960000
0.960000
0.960000
0.960000
0.960000
0.960000
0.960000
0.960000
0.960000
0.960000
0.960000
0.960000
0.960000
0.960000
0.960000
0.960000
0.960000
0.960000
0.960000
0.960000
0.960000
0.960000
0.960000
0.960000
0.960000
0.960000
0.960000
0.960000
0.960000
0.960000
0.960000
0.963449
0.965748
0.965748
0.965748
0.965748
0.965748
0.965748
0.965748
0.965748
0.965748
0.965748
0.965748
0.965748
0.965748
0.965748
0.965748
0.965748
0.965748
0.965748
0.965748
0.965748
0.965748
0.965748
0.965748
0.965748
0.965748
0.965748
0.965748
0.965748
0.965748
0.962299
0.960000
0.960000
0.960000
0.960000
0.960000
0.960000
0.960000
0.960000
0.960000
0.960000
0.960000
0.960000
0.960000
0.960575
0.960575
0.960575
0.960575
0.960575
0.960575
0.960575
0.960575
0.960575
0.960575
0.960575
0.960575
0.960575
0.960575
0.960575
0.960575
0.960575
0.960575
0.960575
0.960575
0.960575
0.960575
1.010584
1.029553
1.029553
1.029553
1.029553
1.029553
1.029553
1.029553
1.028978
1.028978
1.042199
1.042199
1.042199
1.042199
1.044499
1.044499
1.044499
1.044499
1.044499
1.044499
1.044499
1.044499
1.044499
1.044499
1.044499
1.044499
1.044499
1.044499
1.044499
1.044499
0.994489
0.975520
0.975520
0.975520
0.975520
0.975520
0.975520
0.975520
0.975520
0.975520
0.962299
0.962299
0.962299
0.962299
0.960000
0.960000
0.960000
0.960000
0.960000
0.960000
0.960000
0.960000
0.960000
0.960000
0.960000
0.960000
0.960000
0.960000
0.960000
0.960000
0.960000
0.960000
0.960000
0.960000
0.960000
0.960000
0.960000
0.960000
0.960000
0.960000
0.960000
0.960000
0.960000
0.960000
0.960000
0.960000
0.960000
0.960000
0.960000
0.960000
0.960000
0.960000
0.960000
0.960000
0.960000
0.960000
0.960000
0.960000
0.960000
0.960000
0.960000
0.960000
0.960000
0.960000
0.960000
0.960000
0.960000
0.960000
0.960000
0.960000
0.960000
0.960000
0.960000
0.960000
0.960000
0.960000
0.960000
0.960000
0.960000
0.960000
0.960000
0.960000
0.960000
0.960000
0.960000
0.960000
0.960000
0.960000
0.960000
0.960000
0.960000
0.960000
0.960000
0.960000
0.960000
0.960000
0.960000
0.960000
0.960000
0.960000
0.960000
0.960000
0.960000
0.960000
0.977819
1.026679
1.027254
1.027254
1.027254
1.027254
1.027254
1.027254
1.027254
1.027254
1.027254
1.027254
1.027254
1.027254
1.027254
1.027254
1.027254
1.027254
1.027254
1.027254
1.027254
1.027254
1.027254
1.027254
1.027254
1.027254
1.027254
1.027254
1.027254
1.027254
1.009435
0.960575
0.960000
0.960000
0.960000
0.960000
0.960000
0.960000
0.960000
0.960000
0.960000
0.960000
0.960000
0.960000
0.960000
0.960000
0.960000
0.960000
0.960000
0.960000
0.960000
0.960000
0.960000
0.960000
0.960000
0.960000
0.960000
0.961724
0.964024
0.964024
0.964024
0.964024
0.978969
1.005986
1.032427
1.064617
1.098532
1.099106
1.099106
1.099106
1.099106
1.099106
1.099106
1.099106
1.101406
1.137619
1.172109
1.172683
1.172683
1.172683
1.172683
1.193952
1.230165
1.262355
1.293970
1.299144
1.304892
1.303167
1.300868
1.301443
1.301443
1.301443
1.286498
1.259481
1.233039
1.224417
1.222118
1.258332
1.285923
1.295120
1.295120
1.295120
1.295120
1.295120
1.292821
1.256607
1.222118
1.221543
1.221543
1.221543
1.221543
1.200275
1.164061
1.131871
1.100256
1.095083
1.089334
1.089334
1.089334
1.088760
1.088760
1.088760
1.088760
1.094508
1.094508
1.070940
1.040475
1.014033
0.987591
0.978394
0.980694
0.980694
0.983568
0.990465
0.994489
0.999663
1.001962
1.001962
1.001962
1.001962
1.001962
1.001962
1.001962
1.003111
1.003686
1.003686
1.003686
1.003686
1.003686
1.003686
1.003686
1.003686
1.003686
0.997938
0.997938
0.997938
0.996788
0.986442
0.985292
0.985292
0.982993
0.982993
0.980119
0.973221
0.969197
0.964024
0.961724
0.962299
0.962874
0.962874
0.962874
0.962874
0.962874
0.961724
0.961150
0.961150
0.961150
0.961150
0.961150
0.961150
0.961150
0.961150
0.961150
0.961150
0.961150
0.961150
0.961150
0.961150
0.961150
0.961150
0.961150
0.961150
0.961150
0.961150
0.961150
0.961150
0.961150
0.960575
0.960000
0.960000
0.960000
0.960000
0.960000
0.960000
0.960000
0.960000
0.960000
0.960000
0.960000
0.960000
0.960000
0.960575
0.960575
0.960575
0.960575
0.960575
0.960575
0.960575
0.960575
0.960575
0.962874
0.972071
0.972646
0.972646
0.972646
0.974370
0.974370
0.980694
0.987017
0.998513
1.014608
1.015183
1.015183
1.018632
1.020931
1.020931
1.020931
1.022655
1.022655
1.022655
1.022655
1.022081
1.022081
1.022081
1.022081
1.022081
1.022081
1.022081
1.022081
1.022081
1.019781
1.010584
1.010009
1.010009
1.010009
1.008285
1.008285
1.001962
0.995639
0.984142
0.968047
0.967473
0.967473
0.964024
0.961724
0.961724
0.961724
0.960000
0.960000
0.960000
0.960000
0.960000
0.962299
0.962299
0.962299
0.963449
0.968047
0.974945
0.974945
0.974945
0.985867
0.999088
1.003686
1.004836
1.009435
1.020356
1.023805
1.023805
1.023805
1.023805
1.023805
1.028404
1.032427
1.036451
1.045073
1.055420
1.055420
1.062893
1.069216
1.129572
1.132446
1.132446
1.130147
1.130147
1.130147
1.128997
1.124398
1.117501
1.118075
1.118650
1.107729
1.094508
1.089909
1.088760
1.084161
1.073240
1.069791
1.069791
1.069791
1.069791
1.069791
1.065192
1.061168
1.057145
1.048522
1.038176
1.038176
1.034152
1.030128
0.980694
0.982993
0.982993
0.993914
0.994489
0.994489
0.994489
0.995064
0.995064
0.999088
1.010009
1.012883
1.012883
1.012883
1.012883
1.012883
1.012883
1.012883
1.012883
1.012883
1.012883
1.012883
1.012883
1.012883
1.012883
1.012883
1.012883
1.012883
1.009435
1.007135
0.996214
0.991040
0.991040
0.980119
0.979544
0.979544
0.979544
0.978969
0.978969
0.974370
0.962874
0.960000
0.960000
0.960000
0.960575
0.964599
0.964599
0.965748
1.026679
1.030128
1.030128
1.030128
1.030128
1.030128
1.030128
1.030128
1.030128
1.030128
1.030128
1.030128
1.030128
1.030128
1.030128
1.030128
1.030128
1.030128
1.030128
1.030128
1.030128
1.030128
1.030128
1.030128
1.030128
1.030128
1.029553
1.025529
1.025529
1.024380
0.963449
0.960000
0.960575
0.960575
0.962874
0.962874
0.962874
0.962874
0.962874
0.962874
0.962874
0.962874
0.962874
0.962874
0.966898
0.966898
0.966898
0.966898
0.966898
0.966898
0.966898
0.966898
0.966898
0.966898
0.966898
0.966898
0.966898
0.966898
0.966898
0.966898
0.966898
0.966898
0.966323
0.966323
0.964024
0.964024
0.964024
0.964024
0.964024
0.964024
0.964024
0.964024
0.964024
0.964024
0.960000
0.960000
0.960000
0.960000
0.960000
0.960000
0.960000
0.960000
0.960575
0.960575
0.960575
0.960575
0.960575
0.961150
0.961150
0.961150
0.961150
0.961150
0.961150
0.961150
0.961150
0.961150
0.961150
0.961150
0.961724
0.961724
0.961724
0.961724
0.961724
0.961724
0.961724
0.961724
0.961724
0.961724
0.961724
0.961724
0.961724
0.961724
0.961150
0.961150
0.961150
0.961150
0.961150
0.960575
0.960575
0.960575
0.960575
0.960575
0.960575
0.960575
0.960575
0.960575
0.960575
0.960575
0.960000
0.960000
0.960000
0.960000
0.960000
0.960000
0.960000
0.960000
0.960000
0.960000
0.960000
0.960000
0.960000
0.960000
0.967473
0.988741
1.009435
1.030128
1.050822
1.071515
1.092209
1.112902
1.133596
1.153714
1.167510
1.172109
1.176132
1.180731
1.184755
1.189353
1.193952
1.197975
1.202574
1.206598
1.211196
1.215795
1.219819
1.224417
1.229016
1.233039
1.237638
1.241662
1.246260
1.250284
1.247410
1.230740
1.214070
1.197975
1.181306
1.165211
1.149116
1.132446
1.116351
1.100256
1.091059
1.091059
1.091059
1.090821
1.091182
1.090931
1.090661
1.091059
1.090772
1.091209
1.090902
1.090566
1.091059
1.090696
1.090293
1.090856
1.090412
