0.960000
0.960000
0.960000
0.960000
0.960000
0.960000
0.960000
0.960000
0.960000
0.960000
0.960000
0.960000
0.960000
0.960000
0.960000
0.960000
0.960000
0.960000
0.960000
0.960000
0.960000
0.960000
0.960000
0.960000
0.960000
0.960000
0.960000
0.960000
0.960000
0.960000
0.960000
0.960000
0.960000
0.960000
0.960000
0.960000
0.960000
0.960000
0.960000
0.960000
0.960000
0.960000
0.960000
0.960000
0.960000
0.960000
0.960000
0.960000
0.960000
0.960000
0.960000
0.960000
0.960000
0.960000
0.960000
0.960000
0.960000
0.960000
0.960000
0.960000
0.960000
0.960000
0.960000
0.960000
0.960000
0.960000
0.960000
0.960000
0.960000
0.960000
0.960000
0.960000
0.960000
0.960000
0.960000
0.960000
0.960000
0.960000
0.960000
0.960000
0.960000
0.960000
0.960000
0.960000
0.960000
0.960000
0.960000
0.960000
0.960000
0.960000
0.960000
0.960000
0.964287
0.964287
0.964287
0.964287
0.964287
0.964287
0.964287
0.964287
0.964287
0.964287
0.964287
0.964287
0.964287
0.964287
0.964287
0.964287
0.964287
0.964287
0.964287
0.964287
0.964287
0.964287
0.964287
0.964287
0.964287
0.964287
0.964287
0.964287
0.964287
0.964287
0.960000
0.960000
0.960000
0.960000
0.960000
0.960000
0.960000
0.960000
0.960000
0.960000
0.960000
0.960000
0.960000
0.960000
0.960000
0.960000
0.960000
0.960000
0.960000
0.960000
0.960000
0.960000
0.960000
0.960000
0.960000
0.960000
0.960000
0.960000
0.960000
0.960000
0.960000
0.960000
0.960000
0.960000
0.960000
0.960000
0.960000
0.960000
0.960000
0.960000
0.960000
0.960000
0.960000
0.960000
0.960000
0.960000
0.960000
0.960000
0.960000
0.960000
0.960000
0.960000
0.960000
0.960000
0.960000
0.960000
0.960000
0.960000
0.960000
0.960000
0.960000
0.960000
0.960000
0.960000
0.960000
0.960000
0.960000
0.960000
0.960000
0.960000
0.960000
0.960000
0.960000
0.960000
0.960000
0.960000
0.960000
0.960000
0.960000
0.960000
0.960000
0.960000
0.960000
0.960000
0.960000
0.960000
0.960000
0.960000
0.960000
0.960000
0.960000
0.960000
0.960000
0.960000
0.960000
0.960000
0.960000
0.960000
0.960000
0.960000
0.960000
0.960000
0.960000
0.960000
0.960000
0.960000
0.960000
0.960000
0.960000
0.960000
0.960000
0.960000
0.960000
0.960000
0.960000
0.960000
0.960000
0.960000
0.960000
0.960000
0.960000
0.960000
0.960000
0.960000
0.960000
0.960000
0.960000
0.960000
0.960000
0.960000
0.960000
0.960000
0.960000
0.960000
0.960000
0.960000
0.960000
0.960000
0.960000
0.960000
0.960000
0.960000
0.960000
0.960000
0.960000
0.960000
0.960000
0.960000
0.960000
0.960000
0.960000
0.960000
0.960000
0.960000
0.960000
0.960000
0.960000
0.960000
0.960000
0.960000
0.960000
0.960000
0.960000
0.960000
0.960000
0.960000
0.960000
0.960000
0.960000
0.960000
0.960000
0.960000
0.960000
0.960000
0.960000
0.960000
0.960000
0.960000
0.960000
0.960000
0.960000
0.960000
0.960000
0.960000
0.960000
0.960000
0.960000
0.960000
0.960000
0.960000
0.960000
0.960000
0.960000
0.960000
0.960000
0.960000
0.960000
0.960000
0.960000
0.960000
0.960000
0.960000
0.960000
0.960000
0.960000
0.960000
0.960000
0.960000
0.960000
0.960000
0.960000
0.960000
0.960000
0.960000
0.960000
0.960000
0.960000
0.960000
0.960000
0.960000
0.960000
0.960000
0.960000
0.960000
0.960000
0.960000
0.961086
0.964508
0.966845
0.968685
1.003849
1.039380
1.074838
1.110259
1.145791
1.181322
1.216817
1.252404
1.290438
1.324571
1.363783
1.403344
1.442648
1.481970
1.521163
1.560412
1.599623
1.638817
1.678010
1.709364
1.740498
1.771945
1.803060
1.834231
1.865309
1.896278
1.923419
1.955601
1.988888
2.022671
2.023095
2.023113
2.023315
2.023463
2.023591
2.023591
2.019948
2.023702
2.024935
2.030013
2.030050
2.029719
2.029627
2.029535
2.029553
2.029553
2.021623
2.013618
2.005596
2.005356
2.005301
2.004896
2.004804
2.004602
2.004436
2.004400
2.003369
1.997647
1.991906
1.986146
1.980424
1.974738
1.968923
1.963182
1.957368
1.951663
1.949235
1.945499
1.941893
1.938268
1.934661
1.931055
1.927504
1.923915
1.920382
1.916831
1.917990
1.926105
1.934238
1.942426
1.950633
1.958932
1.967267
1.975658
1.984049
1.992494
1.996414
1.997775
1.999082
2.000370
2.001658
2.002909
2.004160
2.005412
2.006626
2.007822
2.005614
2.000075
1.994445
1.988906
1.983294
1.977700
1.972070
1.966439
1.960772
1.955068
1.936097
1.896793
1.857489
1.818186
1.778900
1.739560
1.700201
1.660842
1.621538
1.582161
1.551046
1.519801
1.488612
1.457460
1.426308
1.395193
1.364096
1.333017
1.301957
1.270933
1.243719
1.213652
1.188572
1.158524
1.131199
1.101979
1.075593
1.046317
1.016306
0.986313
0.972844
0.972844
0.972844
0.972844
0.972844
0.990379
1.026334
1.062252
1.098170
1.134106
1.170006
1.205758
1.241474
1.277226
1.313071
1.345456
1.384888
1.424284
1.463680
1.503038
1.542397
1.581775
1.616184
1.655579
1.692215
1.722907
1.750435
1.780888
1.812021
1.843155
1.874271
1.905349
1.936446
1.967525
1.998622
2.008448
2.002449
1.996487
1.990581
1.984582
1.978657
1.972861
1.967102
1.961305
1.955454
1.936722
1.897290
1.857894
1.818498
1.779139
1.739781
1.700403
1.661044
1.621649
1.582308
1.550806
1.519636
1.488447
1.457313
1.426179
1.395064
1.363985
1.332888
1.301810
1.270713
1.243351
1.213395
1.183438
1.153427
1.123489
1.093515
1.063559
1.033602
1.003646
0.973653
0.960000
0.960000
0.960000
0.960000
0.960000
0.960000
0.960000
0.960000
0.960000
0.960000
0.960000
0.960000
0.960000
0.960000
0.960000
0.960000
0.960000
0.960000
0.960000
0.960000
0.960000
0.960000
0.960000
0.960000
0.960000
0.960000
0.960000
0.960000
0.960000
0.960000
0.960000
0.960000
0.960000
0.960000
0.960000
0.960000
0.960000
0.960000
0.960000
0.960000
0.960000
0.960000
0.960000
0.960000
0.960000
0.960000
0.960000
0.960000
0.960000
0.960000
0.960000
0.960000
0.960000
0.960000
0.960000
0.960000
0.960000
0.960000
0.960000
0.960000
0.960000
0.960000
0.960000
0.960000
0.960000
0.960000
0.960000
0.960000
0.960000
0.960000
0.960000
0.960000
0.960000
0.960000
0.960000
0.960000
0.960000
0.960000
0.960000
0.960000
0.960000
0.960000
0.960000
0.960000
0.960000
0.960000
0.960000
0.960000
0.960000
0.960000
0.960000
0.960000
0.960000
0.960000
0.960000
0.960000
0.960000
0.960000
0.960000
0.960000
0.960000
0.960000
0.960000
0.960000
0.960000
0.960000
0.960000
0.960000
0.960000
0.960000
0.960000
0.960000
0.960000
0.960000
0.960000
0.962079
0.968151
0.968151
0.968262
0.968501
0.972476
0.972531
0.973432
0.973432
0.973524
0.973524
0.973524
0.973524
0.973524
0.973524
0.973524
0.973524
0.973524
0.973524
0.973524
0.973524
0.973524
0.973524
0.973524
0.973524
0.973524
0.973524
0.973524
0.973524
0.973524
0.971445
0.965373
0.965373
0.965263
0.965023
0.961049
0.960994
0.960092
0.960092
0.960000
0.960000
0.960000
0.960000
0.960000
0.960000
0.960000
0.960000
0.960000
0.960000
0.960000
0.960000
0.960000
0.960000
0.960000
0.960000
0.960754
0.960754
0.960754
0.960754
0.960754
0.960754
0.961012
0.961012
0.961012
0.961012
0.961012
0.961012
0.961012
0.961012
0.961012
0.961012
0.961012
0.961012
0.961012
0.961012
0.961012
0.961012
0.961122
0.961122
0.961288
0.961288
0.961288
0.961288
0.961288
0.961288
0.960534
0.960534
0.960534
0.960534
0.961141
0.962006
0.961748
0.962006
0.962006
0.962006
0.962006
0.962006
0.962006
0.962006
0.962006
0.962006
0.962006
0.962006
0.962006
0.962006
0.962006
0.962006
0.961895
0.961895
0.961730
0.962558
0.962558
0.962668
0.962668
0.962668
0.962668
0.962668
0.962668
0.962668
0.962889
0.962024
0.962024
0.961766
0.961766
0.961766
0.961766
0.961766
0.961766
0.961766
0.961766
0.961766
0.961766
0.961803
0.961803
0.961803
0.961803
0.962024
0.962337
0.962337
0.963054
0.962576
0.963275
0.967618
0.967618
0.967618
0.967618
0.967618
0.967747
0.967783
0.966955
0.966955
0.966955
0.966955
0.966955
0.966955
0.966955
0.966955
0.966955
0.966955
0.966955
0.966955
0.966955
0.966919
0.966919
0.966919
0.966919
0.966698
0.966385
0.966385
0.965667
0.965318
0.964619
0.960166
0.960166
0.960166
0.960166
0.960166
0.960037
0.960000
0.960000
0.960000
0.960000
0.960000
0.960000
0.960000
0.960000
0.960000
0.960000
0.960000
0.960000
0.960000
0.960000
0.960000
0.960129
0.961086
0.961288
0.961987
0.962631
0.963054
0.963220
0.963220
0.963220
0.963220
0.963220
0.963220
0.965686
0.965686
0.970948
0.972899
0.972899
0.974371
0.979965
0.987895
0.992367
0.996856
1.001328
1.003499
1.007308
1.008762
1.008854
1.012166
1.013178
1.013178
1.013049
1.012092
1.011890
1.011319
1.010675
1.010252
1.010086
1.010086
1.010086
1.010086
1.010086
1.010086
1.007621
1.007621
1.002358
1.000408
1.000408
0.998936
0.993342
0.985411
0.980940
0.976450
0.971979
0.969808
0.965999
0.964545
0.964453
0.961141
0.960129
0.960129
0.960129
0.960129
0.960129
0.960000
0.960000
0.960000
0.960000
0.960000
0.960000
0.960000
0.960000
0.960000
0.960000
0.960000
0.960000
0.960000
0.960000
0.960000
0.960000
0.960000
0.960000
0.960000
0.960000
0.960000
0.960000
0.960000
0.960000
0.960000
0.960000
0.960000
0.960000
0.960000
0.960000
0.960055
0.960055
0.960055
0.960055
0.960055
0.960055
0.960055
0.960055
0.960055
0.960055
0.960055
0.960055
0.960055
0.960055
0.960055
0.960055
0.960055
0.960055
0.960055
0.960055
0.960055
0.960055
0.960055
0.960055
0.960055
0.960055
0.960055
0.963901
0.965005
0.965226
0.965171
0.965796
0.965980
0.965980
0.967894
0.972163
0.972163
0.973469
0.977076
0.977076
0.977076
0.977076
0.977113
0.977113
0.977113
0.977113
0.977113
0.977113
0.977113
0.977113
0.977113
0.977113
0.977113
0.977113
0.977113
0.977113
0.977113
0.973267
0.972163
0.971942
0.971942
0.971316
0.971132
0.971132
0.969219
0.964950
0.964950
0.963643
0.960037
0.960037
0.960037
0.960037
0.960037
0.963478
0.963478
0.963478
0.963478
0.963478
0.963478
0.963478
0.963478
0.963478
0.963478
0.963478
0.963478
0.963478
0.963478
0.963478
0.963478
0.963478
0.963478
0.963478
0.963478
0.963478
0.963478
0.963478
0.963478
0.963478
0.963478
0.963478
0.963478
0.963478
0.963441
0.960000
0.960000
0.960000
0.960000
0.963643
0.963699
0.963699
0.963699
0.963699
0.963699
0.963699
0.963699
0.963699
0.963699
0.963754
0.963754
0.963754
0.963754
0.963754
0.963754
0.963754
0.963754
0.963754
0.963754
0.963754
0.963754
0.963754
0.963754
0.963754
0.963754
0.963754
0.963754
0.963754
0.963754
0.960110
0.960055
0.960055
0.960055
0.960055
0.960055
0.960055
0.960055
0.960055
0.960055
0.960000
0.960000
0.960000
0.960000
0.960000
0.960000
0.960000
0.960000
0.960000
0.960699
0.960699
0.964379
0.965465
0.965465
0.965465
0.965502
0.965502
0.965502
0.965502
0.965502
0.965502
0.965502
0.966293
0.966992
0.966992
0.967305
0.967305
0.967305
0.967305
0.967305
0.967305
0.967305
0.967305
0.967305
0.967305
0.967305
0.967783
0.967783
0.967783
0.972512
0.974076
0.970396
0.969311
0.969311
0.972807
0.973359
0.973359
0.973359
0.973359
0.973359
0.973359
0.973359
0.972568
0.971868
0.971868
0.971556
0.971556
0.971556
0.971556
0.971556
0.971556
0.971556
0.972089
0.972880
0.973064
0.973414
0.972936
0.972936
0.972936
0.967691
0.966127
0.966127
0.967323
0.967875
0.964379
0.963791
0.964766
0.964766
0.964766
0.964766
0.964766
0.964766
0.964766
0.964766
0.964766
0.964766
0.964766
0.964766
0.964766
0.964766
0.964766
0.964766
0.964232
0.963441
0.963257
0.962907
0.962907
0.962907
0.962907
0.962723
0.962723
0.962723
0.961527
0.960975
0.960975
0.960975
0.960000
0.960000
0.960000
0.960000
0.960000
0.960037
0.960037
0.960037
0.960037
0.960037
0.960037
0.960037
0.960037
0.960037
0.960037
0.960037
0.960037
0.960037
0.960037
0.960037
0.960037
0.960037
0.960037
0.960037
0.960258
0.961214
0.961822
0.961822
0.961822
0.961822
0.964306
0.965189
0.965189
0.965189
0.965189
0.965152
0.965152
0.965152
0.965152
0.965152
0.965152
0.965152
0.965152
0.965152
0.965152
0.965152
0.965152
0.965152
0.965152
0.965152
0.965152
0.965152
0.965152
0.965152
0.964931
0.963975
0.963367
0.963367
0.963367
0.963367
0.960883
0.960000
0.960000
0.960000
0.960000
0.960000
0.960000
0.960000
0.960000
0.960000
0.960000
0.960000
0.960000
0.960000
0.960000
0.960000
0.960000
0.960000
0.960000
0.960000
0.960000
0.960000
0.960000
0.960000
0.960000
0.960000
0.960000
0.960000
0.960000
0.960000
0.960000
0.960000
0.960000
0.960000
0.960000
0.960000
0.960000
0.960000
0.960000
0.960000
0.960000
0.960000
0.960000
0.960000
0.960000
0.960000
0.960000
0.960000
0.960000
0.960000
0.960000
0.960000
0.960000
0.960000
0.960000
0.960000
0.960000
0.960000
0.960000
0.960000
0.960000
0.960000
0.960000
0.960000
0.960000
0.960000
0.960000
0.960000
0.960000
0.960000
0.960000
0.960000
0.960000
0.960000
0.960000
0.960000
0.960000
0.960000
0.960000
0.960000
0.960000
0.960000
0.960000
0.960000
0.960000
0.960000
0.960000
0.960000
0.960497
0.961086
0.961086
0.964803
0.964803
0.969145
0.969145
0.969145
0.969145
0.969145
0.969145
0.969145
0.969145
0.969145
0.969145
0.969145
0.969145
0.969145
0.969145
0.969145
0.973800
0.977885
0.977885
0.977885
0.977885
0.977885
0.977885
0.977885
0.977885
0.977885
0.977389
0.976800
0.976800
0.973083
0.973083
0.968740
0.968740
0.968740
0.968740
0.968740
0.968740
0.968740
0.968740
0.968740
0.968740
0.968740
0.968740
0.968740
0.968740
0.968740
0.964085
0.960000
0.960000
0.960000
0.960000
0.960000
0.960000
0.960000
0.960000
0.960000
0.960000
0.960000
0.960000
0.960000
0.960000
0.960000
0.960000
0.960000
0.960000
0.960000
0.960000
0.960000
0.960000
0.960000
0.960000
0.960000
0.960000
0.960000
0.960000
0.960000
0.960000
0.960000
0.960000
0.960000
0.960000
0.960000
0.960000
0.960000
0.960000
0.960000
0.960000
0.960000
0.960000
0.960000
0.960000
0.960000
0.960000
0.960000
0.960000
0.960000
0.960000
0.960000
0.960000
0.960000
0.960000
0.960000
0.960000
0.960000
0.960000
0.960000
0.960000
0.960000
0.960000
0.960037
0.960037
0.960037
0.960037
0.960037
0.960037
0.960037
0.960037
0.960037
0.960037
0.960037
0.960037
0.960037
0.960037
0.960037
0.960037
0.960037
0.960037
0.960037
0.960037
0.960037
0.960037
0.960037
0.960037
0.960037
0.960037
0.960037
0.960037
0.960037
0.960037
0.960000
0.960000
0.960000
0.960000
0.960000
0.960000
0.960000
0.960000
0.960000
0.960000
0.960000
0.960000
0.960000
0.960000
0.960000
0.960000
0.960000
0.960000
0.960000
0.960000
0.960000
0.960000
0.960000
0.960000
0.960000
0.960000
0.960000
0.960000
0.960000
0.960000
0.960000
0.960000
0.960000
0.960000
0.960000
0.960000
0.960000
0.960000
0.960000
0.960000
0.960000
0.960000
0.960000
0.960000
0.960000
0.960000
0.960000
0.960000
0.960000
0.960000
0.960000
0.960000
0.960000
0.960000
0.960000
0.960000
0.960000
0.960000
0.960000
0.960000
0.960000
0.960000
0.960000
0.960000
0.960000
0.960000
0.960000
0.960000
0.960000
0.960000
0.960000
0.960000
0.960000
0.960000
0.960000
0.960000
0.960000
0.960000
0.960000
0.960000
0.960000
0.960000
0.960000
0.960000
0.960000
0.960000
0.960000
0.960000
0.960000
0.960000
0.960000
0.960000
0.960000
0.960000
0.960000
0.960000
0.960000
0.960000
0.960000
0.960000
0.960000
0.960000
0.960037
0.960037
0.960037
0.960037
0.960037
0.960037
0.960037
0.960037
0.960037
0.960037
0.960037
0.960037
0.960037
0.960037
0.960037
0.960037
0.960037
0.960037
0.960037
0.960037
0.960037
0.960037
0.960037
0.960037
0.960037
0.960037
0.960037
0.960037
0.960037
0.960037
0.964876
0.965999
0.965999
0.968354
0.969844
0.969844
0.969844
0.969844
0.969844
0.969844
0.969844
0.969844
0.969844
0.969844
0.969844
0.969844
0.969844
0.969844
0.969844
0.969844
0.969844
0.969844
0.969844
0.970470
0.970470
0.970470
0.970470
0.971114
0.971427
0.971721
0.966882
0.965759
0.965759
0.963404
0.961914
0.961914
0.961914
0.961914
0.961914
0.961914
0.961914
0.961914
0.961914
0.961914
0.961914
0.961914
0.961914
0.961914
0.961914
0.961914
0.961914
0.961914
0.961914
0.961288
0.961288
0.961288
0.961288
0.960644
0.960331
0.960037
0.960000
0.960000
0.960000
0.960000
0.960000
0.960000
0.960000
0.960000
0.960000
0.960000
0.960000
0.960000
0.960000
0.960000
0.960000
0.960000
0.960000
0.960000
0.960000
0.960000
0.960000
0.960000
0.960000
0.960000
0.960000
0.960000
0.960000
0.960000
0.960000
0.960000
0.960000
0.960000
0.960000
0.960000
0.960000
0.960000
0.960000
0.960000
0.960037
0.960037
0.960037
0.960037
0.960037
0.960037
0.960037
0.960037
0.960037
0.960037
0.960037
0.960037
0.960037
0.960037
0.960037
0.960037
0.960037
0.960037
0.960037
0.960037
0.960037
0.960037
0.960037
0.960037
0.960037
0.960037
0.960037
0.960037
0.960037
0.960037
0.960000
0.960000
0.960000
0.960000
0.960000
0.960000
0.960000
0.960000
0.960000
0.960000
0.960000
0.960000
0.960000
0.960000
0.960000
0.960000
0.960000
0.960000
0.960000
0.962926
0.962926
0.962926
0.962926
0.962926
0.962981
0.962981
0.962981
0.962981
0.963202
0.963312
0.963312
0.963312
0.963312
0.963312
0.963312
0.963312
0.963312
0.963312
0.963312
0.963312
0.963312
0.963312
0.963312
0.963312
0.963312
0.963312
0.963312
0.963312
0.963312
0.960386
0.960386
0.960386
0.960386
0.960386
0.960331
0.960331
0.960331
0.960331
0.960110
0.960000
0.960000
0.960000
0.960000
0.960000
0.960000
0.960000
0.960000
0.960000
0.960000
0.960000
0.960000
0.960000
0.960000
0.960000
0.960000
0.960000
0.960000
0.960000
0.960000
0.960000
0.960000
0.960000
0.960000
0.960000
0.960000
0.960000
0.960000
0.960000
0.960000
0.960000
0.960000
0.960000
0.960000
0.960000
0.960000
0.960000
0.960000
0.960037
0.960074
0.960074
0.960147
0.960184
0.965152
0.973230
0.973267
0.973304
0.973304
0.973340
0.973414
0.973653
0.973653
0.973727
0.973764
0.973800
0.973837
0.974076
0.974076
0.974076
0.974150
0.974150
0.974150
0.974334
0.974334
0.974334
0.974334
0.974334
0.974923
0.974886
0.974849
0.975015
0.974978
0.974941
0.969973
0.961895
0.961858
0.961822
0.961822
0.961785
0.961711
0.961472
0.961582
0.961564
0.962300
0.962263
0.966275
0.967691
0.967691
0.967691
0.967618
0.967618
0.967618
0.967434
0.967434
0.967434
0.967434
0.967434
0.966845
0.966845
0.966845
0.966679
0.966643
0.966643
0.966643
0.966643
0.966643
0.966643
0.966643
0.966643
0.966643
0.966643
0.966532
0.966477
0.965704
0.965704
0.961656
0.960000
0.960000
0.960000
0.960000
0.960000
0.960000
0.960000
0.960000
0.960000
0.960000
0.960000
0.960000
0.960000
0.960000
0.960000
0.960000
0.960000
0.960000
0.960000
0.960000
0.960000
0.960000
0.960000
0.960000
0.960000
0.960000
0.960000
0.960000
0.960000
0.960000
0.960000
0.960000
0.960000
0.960000
0.960000
0.960000
0.960000
0.960000
0.960000
0.960000
0.960000
0.960000
0.960000
0.960000
0.960000
0.960000
0.960000
0.960000
0.960000
0.960000
0.960000
0.960000
0.960000
0.960000
0.960000
0.960000
0.960000
0.960000
0.960000
0.960000
0.960000
0.960000
0.960000
0.960000
0.960000
0.960000
0.960000
0.960000
0.960000
0.960000
0.960000
0.960000
0.960000
0.960000
0.960000
0.960000
0.960000
0.960000
0.960000
0.960000
0.960000
0.960000
0.960000
0.960000
0.960000
0.960000
0.960000
0.960000
0.960000
0.960000
0.960000
0.960000
0.960000
0.960000
0.960000
0.960000
0.960000
0.960000
0.960000
0.960000
0.960000
0.960000
0.960000
0.960000
0.960000
0.960000
0.960000
0.960000
0.960000
0.960000
0.963827
0.963827
0.963827
0.963827
0.963827
0.963827
0.964379
0.964545
0.964545
0.964784
0.965649
0.966201
0.966790
0.966790
0.966790
0.966790
0.966790
0.966790
0.967287
0.968188
0.968188
0.968188
0.968188
0.968188
0.968188
0.968188
0.968188
0.968188
0.968483
0.968483
0.964655
0.964655
0.964655
0.964655
0.964655
0.964655
0.964103
0.963938
0.963938
0.964858
0.965042
0.964490
0.963901
0.963901
0.963975
0.963975
0.963975
0.965815
0.965539
0.964637
0.964766
0.964766
0.964766
0.964950
0.965060
0.965060
0.965060
0.965060
0.964766
0.965410
0.965410
0.965410
0.966330
0.966330
0.967544
0.967544
0.967544
0.967544
0.967728
0.966679
0.965631
0.965631
0.965631
0.966771
0.970304
0.973653
0.974389
0.972549
0.972328
0.972328
0.972328
0.972328
0.972439
0.972255
0.972144
0.972236
0.972328
0.972328
0.972439
0.973892
0.973892
0.973892
0.972972
0.974665
0.974739
0.974739
0.975401
0.975401
0.975217
0.975107
0.975107
0.975107
0.975199
0.974058
0.970452
0.967103
0.966367
0.966367
0.966367
0.966367
0.966238
0.966238
0.966127
0.966127
0.966127
0.966035
0.965943
0.965943
0.965833
0.964343
0.964343
0.964416
0.964416
0.962723
0.961435
0.961435
0.960773
0.960773
0.960773
0.960773
0.960773
0.960773
0.960681
0.960681
0.960681
0.960681
0.960681
0.960681
0.960681
0.960681
0.960681
0.960681
0.960681
0.960681
0.960681
0.960681
0.960681
0.961214
0.962392
0.961785
0.961785
0.962245
0.962245
0.962245
0.962245
0.962245
0.962245
0.962245
0.962245
0.962245
0.962245
0.962429
0.962429
0.962429
0.962429
0.962429
0.962429
0.962429
0.962429
0.962429
0.962429
0.962429
0.962429
0.962429
0.962429
0.962429
0.962429
0.961895
0.960718
0.960718
0.960718
0.960184
0.960184
0.960184
0.960184
0.960184
0.960184
0.960184
0.960184
0.960184
0.960184
0.960000
0.960000
0.960276
0.960276
0.960276
0.960276
0.960276
0.960276
0.960773
0.960773
0.960773
0.961012
0.966900
0.966900
0.966900
0.966900
0.966900
0.966900
0.966937
0.966937
0.966937
0.966937
0.966937
0.966937
0.966937
0.966937
0.966937
0.966937
0.966937
0.966937
0.966937
0.966937
0.966661
0.966661
0.966661
0.967158
0.967158
0.967158
0.966661
0.966845
0.966845
0.966606
0.960718
0.960718
0.960718
0.960718
0.960718
0.960718
0.960681
0.960681
0.960681
0.960681
0.960681
0.960681
0.960681
0.960681
0.960681
0.960681
0.960681
0.960681
0.960681
0.960773
0.960773
0.960773
0.960773
0.960276
0.960276
0.960276
0.960276
0.960092
0.960092
0.960092
0.960092
0.960147
0.960147
0.960147
0.960147
0.960147
0.960147
0.960147
0.960147
0.960147
0.960147
0.960147
0.960147
0.960147
0.960147
0.960147
0.960147
0.960147
0.960147
0.960055
0.960055
0.960055
0.960055
0.960055
0.960055
0.960055
0.960055
0.960055
0.960055
0.960055
0.960055
0.960000
0.960000
0.960000
0.960000
0.960000
0.960000
0.960000
0.960000
0.960000
0.960000
0.960000
0.960000
0.960000
0.960000
0.960000
0.960000
0.960000
0.960000
0.960957
0.961914
0.961914
0.961914
0.961914
0.961914
0.961914
0.961914
0.968814
0.969182
0.969182
0.969182
0.969182
0.969182
0.969219
0.969440
0.969440
0.973469
0.974739
0.974960
0.974960
0.974960
0.974960
0.974960
0.974960
0.974960
0.974960
0.974960
0.974960
0.976193
0.978713
0.978493
0.978493
0.978493
0.978493
0.978493
0.978493
0.978493
0.971592
0.971224
0.971316
0.971316
0.971316
0.971316
0.971280
0.971059
0.971059
0.967029
0.965759
0.965539
0.965539
0.965539
0.965539
0.965539
0.965539
0.965539
0.965539
0.965539
0.965539
0.964306
0.960828
0.960092
0.960092
0.960092
0.960092
0.960092
0.960294
0.960331
0.960386
0.960994
0.960902
0.960902
0.960902
0.960902
0.960902
0.960902
0.960902
0.960902
0.960902
0.960902
0.960902
0.960938
0.960938
0.960938
0.960938
0.961030
0.961030
0.961030
0.961030
0.961030
0.961030
0.961030
0.961030
0.961030
0.961030
0.961030
0.960828
0.960791
0.960736
0.960129
0.960129
0.960129
0.960129
0.960129
0.960129
0.960129
0.960129
0.960129
0.960129
0.960129
0.960129
0.960129
0.960350
0.963312
0.969660
0.970194
0.974260
0.974776
0.974776
0.974776
0.974776
0.974776
0.974776
0.974776
0.974776
0.975346
0.975346
0.975346
0.975346
0.975346
0.975346
0.975346
0.975346
0.980977
0.986718
0.986883
0.986883
0.986883
0.986883
0.986883
0.986883
0.986846
0.988576
0.992127
0.989239
0.988613
0.984546
0.984454
0.984454
0.984454
0.984454
0.984454
0.984454
0.984454
0.984454
0.983884
0.983884
0.983884
0.983884
0.983884
0.983884
0.983884
0.983884
0.978253
0.972512
0.972347
0.972347
0.972347
0.972347
0.972347
0.972347
0.972347
0.970396
0.963883
0.960423
0.960423
0.960423
0.960000
0.960000
0.960000
0.960000
0.960552
0.960552
0.960552
0.960552
0.965502
0.967084
0.967176
0.967176
0.967176
0.967176
0.967176
0.967176
0.970249
0.970249
0.970249
0.970249
0.970249
0.970249
0.970249
0.970249
0.970249
0.970249
0.974168
0.975953
0.979486
0.980572
0.980572
0.980572
0.980572
0.980572
0.980020
0.980020
0.980020
0.980020
0.975070
0.973488
0.973396
0.973396
0.973396
0.973396
0.973396
0.973432
0.970360
0.970360
0.970360
0.970360
0.970360
0.970360
0.970360
0.970360
0.970360
0.970360
0.966440
0.964655
0.961122
0.960037
0.960037
0.960037
0.960037
0.960037
0.960037
0.960037
0.960037
0.960037
0.960037
0.960037
0.960037
0.960037
0.960037
0.960037
0.960037
0.960000
0.960000
0.960000
0.960000
0.960000
0.961380
0.961380
0.961380
0.963643
0.967728
0.968317
0.968317
0.968317
0.968317
0.968317
0.968317
0.968317
0.968317
0.968501
0.968667
0.968667
0.968667
0.968667
0.968667
0.968667
0.968667
0.968667
0.968667
0.968667
0.968667
0.968667
0.968667
0.968667
0.968667
0.968667
0.967287
0.967287
0.967287
0.965023
0.960938
0.960350
0.960350
0.960350
0.960350
0.960350
0.960350
0.960350
0.960350
0.964085
0.963919
0.964011
0.964011
0.964011
0.964011
0.964011
0.964011
0.964011
0.964011
0.964011
0.964011
0.964011
0.964011
0.964011
0.964011
0.964048
0.964048
0.965594
0.968151
0.968151
0.968151
0.968151
0.968151
0.968151
0.968151
0.968151
0.969237
0.969237
0.969237
0.965318
0.965318
0.965226
0.965226
0.965226
0.965226
0.965226
0.965226
0.965226
0.965226
0.965226
0.965226
0.965226
0.965226
0.967875
0.970672
0.970746
0.970746
0.969200
0.966955
0.969550
0.970047
0.970047
0.970047
0.971335
0.972954
0.973248
0.972163
0.972163
0.972163
0.972163
0.972163
0.972163
0.972163
0.972163
0.972163
0.972163
0.972163
0.972163
0.972163
0.972163
0.972163
0.972163
0.972163
0.969513
0.966716
0.966606
0.966606
0.966606
0.966330
0.963791
0.966937
0.969163
0.969163
0.967875
0.966256
0.965962
0.965962
0.965962
0.965962
0.965962
0.965962
0.968188
0.969200
0.969200
0.969200
0.969200
0.969200
0.969237
0.969237
0.969237
0.969237
0.969237
0.969237
0.969237
0.969237
0.969237
0.969237
0.969237
0.969200
0.969145
0.965502
0.963275
0.963275
0.963275
0.963275
0.963275
0.963275
0.963275
0.963275
0.963275
0.963275
0.961049
0.960037
0.960037
0.960037
0.960037
0.960037
0.960000
0.960055
0.960055
0.960055
0.960055
0.960055
0.960055
0.960055
0.960055
0.960055
0.960055
0.960055
0.960055
0.960055
0.960055
0.960055
0.960055
0.960055
0.960055
0.960055
0.960055
0.960055
0.960055
0.960055
0.960055
0.961325
0.966661
0.968059
0.968059
0.968059
0.968059
0.968004
0.968004
0.968004
0.968004
0.968004
0.968004
0.968004
0.968004
0.968004
0.968004
0.968004
0.968004
0.968004
0.968004
0.968004
0.968004
0.968004
0.968004
0.968004
0.968004
0.968004
0.968004
0.968004
0.968004
0.966735
0.961398
0.960000
0.960000
0.960000
0.960000
0.960000
0.960000
0.960000
0.960000
0.960000
0.960000
0.960000
0.960000
0.960000
0.960000
0.960000
0.960000
0.960000
0.960000
0.960000
0.960000
0.960000
0.960000
0.960000
0.960000
0.960000
0.960000
0.960000
0.960000
0.960000
0.960000
0.960000
0.960000
0.960000
0.960000
0.960000
0.960000
0.960000
0.960000
0.960000
0.960000
0.960000
0.960000
0.960000
0.960000
0.960000
0.960000
0.960000
0.960000
0.960000
0.960000
0.960000
0.960000
0.960000
0.960000
0.960000
0.960000
0.960000
0.960000
0.960000
0.960000
0.960000
0.963312
0.963735
0.967599
0.967599
0.967599
0.967599
0.967599
0.967599
0.967599
0.967691
0.967691
0.967691
0.967691
0.967691
0.967691
0.967691
0.967691
0.967691
0.967691
0.967691
0.967691
0.967691
0.967691
0.967691
0.967691
0.967691
0.967691
0.967691
0.967691
0.967691
0.964379
0.963956
0.960092
0.960092
0.960092
0.960092
0.960092
0.960092
0.960092
0.960000
0.960000
0.960000
0.960000
0.960000
0.960000
0.960000
0.960000
0.960000
0.960000
0.960000
0.960000
0.960000
0.960000
0.960000
0.960000
0.960000
0.960000
0.960000
0.960000
0.960000
0.960000
0.960000
0.960000
0.960000
0.960000
0.960000
0.960000
0.960000
0.960000
0.960000
0.960000
0.960000
0.960000
0.960000
0.960000
0.960000
0.960000
0.960000
0.960000
0.960000
0.960000
0.960000
0.960000
0.960000
0.960000
0.960000
0.960000
0.960000
0.960000
0.960000
0.960000
0.960000
0.960000
0.960000
0.960000
0.960000
0.960000
0.960000
0.960000
0.960000
0.960000
0.960000
0.960000
0.960000
0.960000
0.960000
0.960000
0.960000
0.960000
0.960000
0.960000
0.960000
0.960000
0.960000
0.960000
0.960000
0.960000
0.960000
0.960000
0.960000
0.960000
0.960000
0.960000
0.960000
0.960000
0.960000
0.960000
0.960000
0.960000
0.960000
0.960000
0.960000
0.960000
0.960000
0.960000
0.960074
0.960074
0.960074
0.960074
0.960074
0.960074
0.960074
0.960074
0.960074
0.960074
0.960074
0.960074
0.960074
0.960074
0.960074
0.960074
0.960074
0.960074
0.960074
0.960074
0.960074
0.960074
0.960074
0.960074
0.960074
0.960074
0.960074
0.960074
0.960074
0.960074
0.960000
0.960000
0.960000
0.960000
0.960000
0.960000
0.960000
0.960000
0.960000
0.960000
0.960000
0.960000
0.960000
0.960000
0.960000
0.960000
0.960000
0.960000
0.960000
0.960000
0.960000
0.960000
0.960000
0.960000
0.960000
0.960000
0.960000
0.960000
0.960000
0.960000
0.960000
0.964508
0.968262
0.968299
0.968299
0.968299
0.968299
0.968299
0.968299
0.968299
0.968299
0.968299
0.968299
0.968299
0.968299
0.968299
0.968299
0.968299
0.968299
0.968299
0.968299
0.968299
0.968299
0.968299
0.968299
0.968299
0.968299
0.968299
0.968299
0.968299
0.968299
0.963791
0.960037
0.960000
0.960000
0.960000
0.960000
0.960000
0.960000
0.960000
0.960000
0.960000
0.960000
0.960000
0.960000
0.960000
0.960000
0.960000
0.960000
0.960000
0.960000
0.960000
0.960000
0.960000
0.960000
0.960000
0.960000
0.960000
0.960000
0.960000
0.960000
0.960000
0.960000
0.960000
0.960000
0.960000
0.960000
0.960000
0.960000
0.960000
0.960000
0.960000
0.960000
0.960000
0.960000
0.960000
0.960000
0.960000
0.960000
0.960000
0.960074
0.960074
0.960074
0.960074
0.960074
0.960074
0.960074
0.960074
0.960074
0.960074
0.960074
0.960074
0.960074
0.960074
0.964343
0.964931
0.965152
0.965152
0.965152
0.965152
0.965152
0.969090
0.969090
0.969090
0.969090
0.969090
0.969090
0.969090
0.969090
0.969090
0.969016
0.969016
0.969016
0.969016
0.969016
0.969016
0.969016
0.969016
0.969016
0.972733
0.974518
0.974960
0.974960
0.974960
0.973819
0.978272
0.983074
0.988098
0.993103
0.998126
1.003149
1.004235
1.009258
1.014263
1.018459
1.018459
1.018459
1.019563
1.021495
1.026537
1.031578
1.036123
1.036933
1.036933
1.036933
1.041055
1.041147
1.041846
1.042619
1.039012
1.038828
1.041496
1.045176
1.048636
1.050329
1.048838
1.046501
1.041478
1.036473
1.033382
1.032830
1.030732
1.029205
1.026923
1.023795
1.026316
1.026316
1.025212
1.023280
1.018238
1.013196
1.008651
1.007842
1.007842
1.025359
1.059418
1.095576
1.130445
1.165185
1.200496
1.234482
1.266959
1.298847
1.327589
1.363856
1.401320
1.439667
1.480737
1.521789
1.560890
1.596127
1.632395
1.668073
1.698876
1.728759
1.757132
1.788009
1.818866
1.849687
1.880508
1.911311
1.942114
1.972879
2.000572
2.012790
2.004363
1.997812
1.991979
1.986220
1.980552
1.974719
1.968905
1.963109
1.958766
1.953393
1.948094
1.943070
1.938654
1.933613
1.928571
1.924817
1.921505
1.917990
1.916132
1.924523
1.933134
1.941654
1.950099
1.958601
1.968003
1.976541
1.985079
1.993580
2.001621
2.003277
2.005356
2.006810
2.008080
2.009368
2.010748
2.012146
2.013416
2.014667
2.014483
2.008779
2.003093
1.997095
1.990452
1.984435
1.978400
1.972401
1.966513
1.960864
1.951222
1.911881
1.872375
1.832980
1.793676
1.754354
1.714130
1.674790
1.635449
1.596182
1.560448
1.529057
1.497224
1.466072
1.435067
1.404025
1.372891
1.341739
1.310697
1.279674
1.251999
1.221988
1.191958
1.161947
1.131935
1.101942
1.071986
1.042030
1.012037
0.982026
0.960000
0.960000
0.960000
0.960000
0.960000
0.960000
0.960000
0.960000
0.960000
0.960000
0.960000
0.960000
0.960000
0.960000
0.960000
0.960000
0.960000
0.960000
0.960000
0.960000
0.960000
0.960000
0.960000
0.960000
0.960000
0.960000
0.960000
0.960000
0.960037
0.960037
0.960037
0.960037
0.960037
0.960110
0.960110
0.960110
0.960110
0.960110
0.960110
0.960110
0.960110
0.960110
0.960110
0.960110
0.960110
0.960110
0.960110
0.960110
0.960110
0.960110
0.960110
0.960110
0.960110
0.960110
0.960110
0.960110
0.960110
0.960110
0.960074
0.960074
0.960074
0.960074
0.960074
0.960000
0.960000
0.960000
0.960000
0.960000
0.960000
0.960000
0.960000
0.960000
0.960000
0.960000
0.960000
0.960000
0.960000
0.960000
0.960000
0.960000
0.960000
0.960000
0.960000
0.960000
0.960000
0.960000
0.960000
0.960000
0.960000
0.960000
0.960000
0.960000
0.960000
0.960000
0.960000
0.960000
0.960000
0.960000
0.960000
0.960000
0.960000
0.960000
0.960000
0.960000
0.960000
0.960000
0.960000
0.960000
0.960000
0.960000
0.960000
0.960000
0.960000
0.960000
0.960000
0.960000
0.960000
0.960000
0.960000
0.960000
0.960000
0.960000
0.960000
0.960000
0.960000
0.960000
0.960000
0.960000
0.960000
0.960000
0.960000
0.960000
0.960000
0.960000
0.960000
0.960000
0.960000
0.960000
0.960000
0.960000
0.960000
0.960000
0.960000
0.960000
0.960000
0.960000
0.960000
0.960000
0.960000
0.960000
0.960000
0.960000
0.960000
0.960000
0.960000
0.960000
0.960000
0.960000
0.960000
0.960000
0.960000
0.960000
0.960074
0.960074
0.960074
0.960074
0.960074
0.960074
0.960074
0.960074
0.960074
0.960074
0.960074
0.960074
0.960074
0.960074
0.960074
0.960074
0.960074
0.960074
0.960074
0.960074
0.960074
0.960074
0.960074
0.960074
0.960074
0.960074
0.960074
0.960074
0.960074
0.960074
0.960000
0.960000
0.960000
0.960000
0.960000
0.960000
0.960000
0.960000
0.960000
0.960000
0.960000
0.960000
0.960000
0.960000
0.960000
0.960000
0.960000
0.960000
0.960000
0.960000
0.960000
0.960000
0.960000
0.960000
0.960000
0.960000
0.960000
0.960000
0.960000
0.960000
0.960000
0.960000
0.960000
0.960000
0.960000
0.960000
0.960000
0.960000
0.960000
0.960000
0.960000
0.960000
0.960000
0.960000
0.960000
0.960000
0.960000
0.960000
0.960000
0.960000
0.960000
0.960000
0.960000
0.960000
0.960000
0.960000
0.960000
0.960000
0.960000
0.960000
0.960000
0.960000
0.960000
0.960000
0.960000
0.960000
0.960000
0.960000
0.960000
0.960000
0.960000
0.960000
0.960000
0.960000
0.960000
0.960000
0.960000
0.960000
0.960000
0.960000
0.960000
0.960000
0.960000
0.960000
0.960000
0.960000
0.960000
0.960000
0.960000
0.960000
0.960000
0.960000
0.960000
0.960000
0.960000
0.960037
0.960037
0.960037
0.960037
0.960037
0.960037
0.960037
0.960037
0.960074
0.960074
0.960147
0.960147
0.960147
0.960147
0.960147
0.960147
0.960147
0.960147
0.960147
0.960147
0.960147
0.960147
0.960147
0.960147
0.960147
0.960147
0.960147
0.960147
0.960147
0.960147
0.960110
0.960110
0.960110
0.960110
0.960110
0.960110
0.960110
0.960110
0.960110
0.960110
0.960037
0.960037
0.960037
0.960037
0.960037
0.960037
0.960037
0.960037
0.960037
0.960037
0.960037
0.960037
0.960037
0.960037
0.960037
0.960037
0.960037
0.960037
0.960037
0.960037
0.960037
0.960037
0.960037
0.960037
0.960037
0.960037
0.960037
0.960037
0.960000
0.960000
0.960000
0.960000
0.960000
0.960000
0.960000
0.960000
0.960000
0.960000
0.960000
0.960000
0.960000
0.960000
0.960000
0.960000
0.960000
0.960000
0.960000
0.960000
0.960000
0.960000
0.960000
0.960000
0.960000
0.960000
0.960000
0.960000
0.960000
0.960000
0.960000
0.960000
0.960000
0.960000
0.960000
0.960000
0.960000
0.960000
0.960000
0.960000
0.960000
0.960000
0.960000
0.960000
0.960000
0.960000
0.960000
0.960000
0.960000
0.960000
0.960000
0.960000
0.960000
0.960000
0.960000
0.960000
0.960000
0.960000
0.960000
0.960000
0.960000
0.960000
0.960000
0.960000
0.960000
0.960000
0.960000
0.960000
0.960000
0.960000
0.960000
0.960000
0.960000
0.960000
0.960000
0.960000
0.960000
0.960000
0.960000
0.960000
0.960000
0.960000
0.960000
0.960000
0.960000
0.960000
0.960000
0.960000
0.960000
0.960000
0.960000
0.960000
0.960000
0.960000
0.960000
0.960000
0.960000
0.960000
0.960000
0.960000
0.960000
0.960000
0.960000
0.960000
0.960000
0.960000
0.960000
0.960000
0.960000
0.960000
0.960000
0.960055
0.960055
0.960055
0.960055
0.960055
0.960055
0.960055
0.960055
0.960055
0.960055
0.960055
0.960055
0.960055
0.960055
0.960055
0.960055
0.960055
0.960055
0.960055
0.960055
0.960055
0.960055
0.960055
0.960055
0.960055
0.960055
0.960055
0.960055
0.960055
0.960055
0.960000
0.960000
0.960000
0.960000
0.960000
0.960000
0.960000
0.960074
0.960074
0.960074
0.960074
0.960074
0.960074
0.960074
0.960074
0.960074
0.960074
0.960074
0.960074
0.960074
0.960074
0.960074
0.960074
0.960074
0.960074
0.960074
0.960074
0.960074
0.960074
0.960074
0.960074
0.960074
0.960074
0.960074
0.960074
0.960074
0.960074
0.960000
0.960000
0.960000
0.960000
0.960000
0.960000
0.960000
0.960000
0.960000
0.960000
0.960000
0.960000
0.960000
0.960000
0.960000
0.960000
0.960000
0.960000
0.960000
0.960000
0.960000
0.960000
0.960000
0.960000
0.960000
0.960000
0.960000
0.960000
0.960000
0.960000
0.960000
0.960000
0.960000
0.960000
0.960000
0.960000
0.960000
0.960000
0.960000
0.960000
0.960000
0.960000
0.960000
0.960000
0.960000
0.960000
0.960000
0.960000
0.960074
0.960074
0.960074
0.960074
0.960074
0.960074
0.960074
0.960074
0.960074
0.960074
0.960074
0.960074
0.960074
0.960074
0.960074
0.960074
0.960074
0.960074
0.960074
0.960074
0.960074
0.960074
0.960074
0.960074
0.960074
0.960074
0.960074
0.960074
0.960074
0.960074
0.960000
0.960000
0.960000
0.960000
0.960000
0.960000
0.960000
0.960037
0.960037
0.960037
0.960037
0.960037
0.960037
0.960037
0.960037
0.960037
0.960037
0.960037
0.960037
0.960037
0.960037
0.960037
0.960037
0.960037
0.960037
0.960037
0.960037
0.960037
0.960037
0.960037
0.960037
0.960037
0.960037
0.960037
0.960037
0.960037
0.960037
0.960000
0.960000
0.960000
0.960000
0.960000
0.960000
0.960000
0.960000
0.960000
0.960000
0.960000
0.960000
0.960000
0.960000
0.960000
0.960000
0.960000
0.960000
0.960000
0.960000
0.960000
0.960000
0.960000
0.960000
0.960000
0.960000
0.960000
0.960000
0.960037
0.960037
0.960037
0.960037
0.960037
0.960037
0.960037
0.960037
0.960037
0.960037
0.960037
0.960037
0.960037
0.960037
0.960037
0.960037
0.960037
0.960037
0.960037
0.960037
0.960037
0.960037
0.960037
0.960037
0.960037
0.960037
0.960037
0.960037
0.960037
0.960037
0.960000
0.960000
0.960000
0.960000
0.960000
0.960000
0.960000
0.960000
0.960000
0.960000
0.960000
0.960000
0.960000
0.960000
0.960000
0.960000
0.960000
0.960000
0.960000
0.960000
0.960000
0.960000
0.960000
0.960000
0.960000
0.960000
0.960000
0.960000
0.960000
0.960000
0.960000
0.960037
0.960037
0.960037
0.960037
0.960037
0.960037
0.960037
0.960037
0.960037
0.960037
0.960037
0.960037
0.960037
0.960037
0.960037
0.960037
0.960037
0.960037
0.960037
0.960037
0.960037
0.960037
0.960037
0.960037
0.960037
0.960037
0.960037
0.960037
0.960037
0.960037
0.960000
0.960000
0.960000
0.960000
0.960000
0.960000
0.960000
0.960000
0.960000
0.960000
0.960000
0.960000
0.960000
0.960000
0.960000
0.960000
0.960000
0.960000
0.960000
0.960000
0.960000
0.960000
0.960000
0.960000
0.960000
0.960000
0.960000
0.960000
0.960000
0.960000
0.960000
0.960000
0.960000
0.960000
0.960000
0.960000
0.960000
0.960000
0.960000
0.960000
0.960000
0.960000
0.960000
0.960000
0.960000
0.960000
0.960000
0.960000
0.960000
0.960000
0.960000
0.960000
0.960000
0.960000
0.960000
0.960000
0.960000
0.960000
0.960000
0.960000
0.960000
0.960000
0.960000
0.960000
0.960000
0.960000
0.960000
0.960000
0.960000
0.960000
0.960000
0.960000
0.960000
0.960000
0.960000
0.960000
0.960000
0.960000
0.960000
0.960000
0.960000
0.960000
0.960000
0.960000
0.960000
0.960000
0.960000
0.960000
0.960000
0.960000
0.960000
0.960000
0.960000
0.960000
0.960000
0.960000
0.960000
0.960000
0.960000
0.960000
0.960000
0.960000
0.960000
0.960000
0.960000
0.960000
0.960000
0.960000
0.960000
0.960000
0.960000
0.960000
0.960000
0.960000
0.960000
0.960000
0.960000
0.960000
0.960000
0.960000
0.960000
0.960000
0.960000
0.960000
0.960000
0.960000
0.960000
0.960000
0.960000
0.960000
0.960000
0.960000
0.960000
0.960000
0.960000
0.960000
0.960000
0.960000
0.960000
0.960000
0.960000
0.960000
0.960000
0.960000
0.960000
0.960000
0.960000
0.960000
0.960000
0.960000
0.960000
0.960000
0.960000
0.960000
0.960000
0.960000
0.960000
0.960000
0.960000
0.960000
0.960000
0.960000
0.960000
0.960000
0.960000
0.960000
0.960000
0.960000
0.960000
0.960000
0.960000
0.960000
0.960000
0.960000
0.960000
0.960000
0.960000
0.960000
0.960000
0.960000
0.960000
0.960000
0.960000
0.960000
0.960000
0.960000
0.960000
0.960000
0.960000
0.960000
0.960000
0.960000
0.960000
0.960000
0.960000
0.960000
0.960000
0.960000
0.960000
0.960000
0.960000
0.960000
0.960000
0.960000
0.960000
0.960000
0.960000
0.960000
0.960000
0.960000
0.960000
0.960000
0.960000
0.960000
0.960000
0.960000
0.960000
0.960000
0.960000
0.960000
0.960000
0.960000
0.960000
0.960000
0.960000
0.960000
0.960000
0.960000
0.960000
0.960000
0.960000
0.960000
0.960000
0.960000
0.960000
0.960000
0.960000
0.960000
0.960000
0.960000
0.960000
0.960000
0.960000
0.960000
0.960000
0.960000
0.960000
0.960000
0.960000
0.960000
0.960000
0.960000
0.960000
0.960000
0.960000
0.960000
0.960000
0.960000
0.960000
0.960000
0.960000
0.960000
0.960000
0.960000
0.960000
0.960000
0.960000
0.960000
0.960000
0.960000
0.960000
0.960000
0.960000
0.960000
0.960000
0.960000
0.960000
0.960000
0.960000
0.960000
0.960000
0.960000
0.960000
0.960000
0.960000
0.960000
0.960000
0.960000
0.960000
0.960000
0.960000
0.960000
0.960000
0.960000
0.960000
0.960000
0.960000
0.960000
0.960000
0.960000
0.960000
0.960000
0.960000
0.960000
0.960000
0.960000
0.960000
0.960000
0.960000
0.960000
0.960000
0.960000
0.960000
0.960000
0.960000
0.960000
0.960000
0.960000
0.960000
0.960000
0.960000
0.960000
0.960000
0.960000
0.960000
0.960000
0.960000
0.960000
0.960000
0.960000
0.960000
0.960000
0.960000
0.960000
0.960000
0.960000
0.960000
0.960000
0.960000
0.960000
0.960000
0.960000
0.960000
0.960000
0.960000
0.960000
0.960000
0.960000
0.960000
0.960000
0.960000
0.960000
0.960000
0.960000
0.960000
0.960000
0.960000
0.960000
0.960000
0.960000
0.960000
0.960000
0.960000
0.960000
0.960000
0.960000
0.960000
0.960000
0.960000
0.960000
0.960000
0.960000
0.960000
0.960000
0.960000
0.960000
0.960000
0.960000
0.960000
0.960000
0.960000
0.960000
0.960000
0.960000
0.960000
0.960000
0.960000
0.960000
0.960000
0.960000
0.960000
0.960000
0.960000
0.960000
0.960000
0.960000
0.960000
0.960000
0.960000
0.960000
0.960000
0.960000
0.960000
0.960000
0.960000
0.960000
0.960000
0.960000
0.960000
0.960000
0.960000
0.960000
0.960000
0.960000
0.960000
0.960000
0.960000
0.960000
0.960000
0.960000
0.960000
0.960000
0.960000
0.960000
0.960000
0.960000
0.960000
0.960000
0.960000
0.960000
0.960000
0.960000
0.960000
0.960000
0.960000
0.960000
0.960000
0.960000
0.960000
0.960000
0.960000
0.960000
0.960000
0.960000
0.960000
0.960000
0.960000
0.960000
0.960000
0.960000
0.960000
0.960000
0.960000
0.960000
0.960000
0.960000
0.960000
0.960000
0.960000
0.960000
0.960000
0.960000
0.960000
0.960000
0.960000
0.960000
0.960000
0.960000
0.960000
0.960000
0.960000
0.960000
0.960000
0.960000
0.960000
0.960000
0.960000
0.960000
0.960000
0.960037
0.960037
0.960037
0.960037
0.960037
0.960037
0.960037
0.960037
0.960037
0.960037
0.960037
0.960037
0.960037
0.960037
0.960037
0.960037
0.960037
0.960037
0.960037
0.960037
0.960037
0.960037
0.960037
0.960037
0.960037
0.960037
0.960037
0.960037
0.960037
0.960037
0.960000
0.960000
0.960000
0.960000
0.960000
0.960000
0.960000
0.960000
0.960000
0.960000
0.960000
0.960000
0.960000
0.960000
0.960000
0.960000
0.960000
0.960000
0.960000
0.960000
0.960000
0.960000
0.960000
0.960000
0.960000
0.960000
0.960000
0.960000
0.960000
0.960037
0.960037
0.960037
0.960037
0.960037
0.960037
0.960037
0.960037
0.960037
0.960037
0.960037
0.960037
0.960037
0.960037
0.960037
0.960037
0.960037
0.960037
0.960037
0.960037
0.960037
0.960037
0.960037
0.960037
0.960037
0.960037
0.960037
0.960037
0.960037
0.960037
0.960000
0.960000
0.960000
0.960000
0.960000
0.960000
0.960000
0.960000
0.960000
0.960000
0.960000
0.960000
0.960000
0.960000
0.960000
0.960000
0.960000
0.960000
0.960000
0.960000
0.960000
0.960000
0.960000
0.960000
0.960000
0.960000
0.960000
0.960000
0.960000
0.960000
0.960000
0.960000
0.960000
0.960000
0.960000
0.960000
0.960000
0.960000
0.960000
0.960000
0.960000
0.960000
0.960000
0.960000
0.960000
0.960000
0.960000
0.960000
0.960000
0.960000
0.960000
0.960000
0.960000
0.960000
0.960000
0.960000
0.960000
0.960000
0.960000
0.960000
0.960000
0.960000
0.960000
0.960000
0.960000
0.960000
0.960000
0.960000
0.960000
0.960000
0.960000
0.960000
0.960000
0.960000
0.960000
0.960000
0.960000
0.960000
0.960000
0.960000
0.960055
0.960055
0.960055
0.960055
0.960055
0.960055
0.960055
0.960055
0.960055
0.960055
0.960055
0.960055
0.960055
0.960055
0.960055
0.960055
0.960055
0.960055
0.960055
0.960055
0.960055
0.960055
0.960055
0.960055
0.960055
0.960055
0.960055
0.960055
0.960055
0.960055
0.960000
0.960000
0.960000
0.960000
0.960000
0.960000
0.960000
0.960000
0.960000
0.960000
0.960000
0.960000
0.960000
0.960000
0.960000
0.960000
0.960000
0.960000
0.960000
0.960000
0.960000
0.960000
0.960000
0.960000
0.960000
0.960000
0.960000
0.960000
0.960000
0.960000
0.960000
0.960000
0.960000
0.960000
0.960000
0.960000
0.960000
0.960000
0.960000
0.960000
0.960000
0.960000
0.960000
0.960000
0.960000
0.960000
0.960000
0.960000
0.960000
0.960000
0.960000
0.960000
0.960000
0.960000
0.960000
0.960000
0.960000
0.960000
0.960000
0.960000
0.960000
0.960000
0.960000
0.960000
0.960000
0.960000
0.960000
0.960000
0.960000
0.960000
0.960000
0.960000
0.960000
0.960000
0.960000
0.960000
0.960000
0.960000
0.960000
0.960000
0.960000
0.960000
0.960000
0.960000
0.960000
0.960000
0.960000
0.960000
0.960000
0.960000
0.960000
0.960000
0.960000
0.960000
0.960000
0.960000
0.960000
0.960000
0.960000
0.960000
0.960000
0.960000
0.960000
0.960000
0.960000
0.960000
0.960000
0.960000
0.960000
0.960000
0.960000
0.960000
0.960000
0.960000
0.960000
0.960000
0.960000
0.960000
0.960000
0.960000
0.960000
0.960000
0.960000
0.960000
0.960000
0.960000
0.960000
0.960000
0.960000
0.960000
0.960000
0.960000
0.960000
0.960000
0.960000
0.960000
0.960000
0.960000
0.960000
0.960000
0.960000
0.960000
0.960000
0.960000
0.960000
0.960000
0.960000
0.960000
0.960000
0.960000
0.960000
0.960000
0.960000
0.960000
0.960000
0.960000
0.960000
0.960000
0.960000
0.960000
0.960000
0.960000
0.960000
0.960000
0.960000
0.960000
0.960000
0.960000
0.960000
0.960000
0.960000
0.960000
0.960000
0.960000
0.960000
0.960000
0.960000
0.960000
0.960000
0.960000
0.960000
0.960000
0.960000
0.960000
0.960037
0.960037
0.960037
0.960037
0.960037
0.960037
0.960037
0.960037
0.960037
0.960037
0.960037
0.960037
0.960037
0.960037
0.960037
0.960037
0.960037
0.960037
0.960037
0.960037
0.960037
0.960037
0.960037
0.960037
0.960037
0.960037
0.960037
0.960037
0.960037
0.960037
0.960000
0.960000
0.960000
0.960000
0.960000
0.960000
0.960000
0.960000
0.960000
0.960000
0.960000
0.960000
0.960000
0.960000
0.960000
0.960000
0.960000
0.960000
0.960000
0.960000
0.960000
0.960000
0.960000
0.960000
0.960000
0.960000
0.960000
0.960000
0.960000
0.960000
0.960000
0.960000
0.960000
0.960000
0.960000
0.960000
0.960000
0.960000
0.960000
0.960000
0.960000
0.960000
0.960000
0.960000
0.960000
0.960000
0.960074
0.960074
0.960074
0.960074
0.960074
0.960074
0.960074
0.960074
0.960074
0.960074
0.960074
0.960074
0.960074
0.960074
0.960074
0.960074
0.960074
0.960074
0.960074
0.960074
0.960074
0.960074
0.960074
0.960074
0.960074
0.960074
0.960074
0.960074
0.960074
0.960074
0.960000
0.960000
0.960000
0.960000
0.960000
0.960000
0.960000
0.960000
0.960000
0.960000
0.960000
0.960000
0.960000
0.960000
0.960000
0.960000
0.960000
0.960000
0.960000
0.960000
0.960000
0.960000
0.960000
0.960000
0.960000
0.960000
0.960000
0.960000
0.960000
0.960000
0.960000
0.960000
0.960000
0.960000
0.960000
0.960000
0.960000
0.960000
0.960000
0.960000
0.960000
0.960000
0.960000
0.960000
0.960000
0.960000
0.960000
0.960000
0.960000
0.960000
0.960000
0.960000
0.960000
0.960000
0.960000
0.960000
0.960000
0.960000
0.960000
0.960000
0.960000
0.960000
0.960000
0.960000
0.960000
0.960000
0.960000
0.960000
0.960000
0.960000
0.960000
0.960000
0.960000
0.960000
0.960000
0.960000
0.960000
0.960000
0.960000
0.960000
0.960000
0.960000
0.960000
0.960000
0.960000
0.960000
0.960000
0.960000
0.960000
0.960000
0.960000
0.960000
0.960000
0.960000
0.960000
0.960000
0.960000
0.960000
0.960000
0.960000
0.960000
0.960000
0.960000
0.960000
0.960000
0.960000
0.960000
0.960000
0.960000
0.960000
0.960000
0.960000
0.960000
0.960000
0.960000
0.960000
0.960000
0.960000
0.960000
0.960000
0.960000
0.960000
0.960000
0.960000
0.960000
0.960000
0.960000
0.960000
0.960000
0.960000
0.960000
0.960000
0.960000
0.960000
0.960000
0.960000
0.960000
0.960000
0.960000
0.960000
0.960000
0.960000
0.960000
0.960000
0.960000
0.960000
0.960000
0.960000
0.960000
0.960000
0.960000
0.960000
0.960000
0.960000
0.960000
0.960000
0.960000
0.960000
0.960000
0.960000
0.960000
0.960000
0.960000
0.960000
0.960000
0.960000
0.960000
0.960000
0.960000
0.960000
0.960000
0.960000
0.960000
0.960000
0.960000
0.960000
0.960000
0.960000
0.960000
0.960000
0.960000
0.960000
0.960000
0.960000
0.960000
0.960000
0.960000
0.960000
0.960000
0.960000
0.960000
0.960000
0.960000
0.960000
0.960000
0.960000
0.960000
0.960000
0.960000
0.960000
0.960000
0.960000
0.960000
0.960037
0.960037
0.960037
0.960037
0.960037
0.960037
0.960037
0.960037
0.960037
0.960037
0.960037
0.960037
0.960037
0.960037
0.960037
0.960037
0.960037
0.960037
0.960037
0.960037
0.960037
0.960037
0.960037
0.960037
0.960037
0.960037
0.960037
0.960037
0.960037
0.960037
0.960000
0.960000
0.960000
0.960000
0.960000
0.960000
0.960000
0.960000
0.960000
0.960000
0.960000
0.960000
0.960000
0.960000
0.960000
0.960000
0.960000
0.960000
0.960000
0.960000
0.960000
0.960000
0.960000
0.960000
0.960000
0.960000
0.960000
0.960000
0.960000
0.960000
0.960000
0.960000
0.960000
0.960000
0.960000
0.960000
0.960000
0.960000
0.960000
0.960000
0.960000
0.960000
0.960000
0.960000
0.960000
0.960000
0.960000
0.960000
0.960000
0.960000
0.960000
0.960000
0.960000
0.960000
0.960000
0.960000
0.960000
0.960000
0.960000
0.960000
0.960000
0.960000
0.960000
0.960000
0.960000
0.960000
0.960000
0.960000
0.960000
0.960000
0.960000
0.960000
0.960000
0.960000
0.960000
0.960000
0.960000
0.960000
0.960000
0.960000
0.960000
0.960000
0.960000
0.960000
0.960000
0.960000
0.960000
0.960000
0.960000
0.960000
0.960000
0.960000
0.960000
0.960000
0.960000
0.960000
0.960000
0.960000
0.960000
0.960000
0.960000
0.960000
0.960000
0.960000
0.960000
0.960000
0.960000
0.960000
0.960000
0.960000
0.960000
0.960000
0.960000
0.960000
0.960000
0.960000
0.960000
0.960000
0.960000
0.960000
0.960000
0.960000
0.960000
0.960000
0.960000
0.960000
0.960000
0.960000
0.960000
0.960000
0.960000
0.960000
0.960000
0.960000
0.960000
0.960000
0.960000
0.960000
0.960000
0.960000
0.960000
0.960000
0.960000
0.960000
0.960000
0.960000
0.960000
0.960000
0.960000
0.960000
0.960000
0.960000
0.960000
0.960000
0.960000
0.960000
0.960000
0.960000
0.960000
0.960000
0.960000
0.960000
0.960000
0.960000
0.960000
0.960000
0.960000
0.960000
0.960000
0.960000
0.960000
0.960000
0.960000
0.960000
0.960000
0.960000
0.960000
0.960000
0.960000
0.960000
0.960000
0.960000
0.960000
0.960000
0.960000
0.960000
0.960000
0.960000
0.960000
0.960000
0.960000
0.960000
0.960000
0.960000
0.960000
0.960000
0.960000
0.960000
0.960000
0.960000
0.960000
0.960000
0.960000
0.960000
0.960000
0.960000
0.960000
0.960000
0.960000
0.960000
0.960037
0.960037
0.960037
0.960037
0.960037
0.960037
0.960037
0.960037
0.960037
0.960037
0.960037
0.960037
0.960037
0.960037
0.960037
0.960037
0.960037
0.960037
0.960037
0.960037
0.960037
0.960037
0.960037
0.960037
0.960037
0.960037
0.960037
0.960037
0.960037
0.960037
0.960000
0.960000
0.960000
0.960000
0.960000
0.960000
0.960000
0.960000
0.960000
0.960000
0.960000
0.960000
0.960000
0.960000
0.960000
0.960000
0.960000
0.960000
0.960000
0.960000
0.960000
0.960000
0.960000
0.960000
0.960000
0.960000
0.960000
0.960000
0.960000
0.960000
0.960000
0.960000
0.960000
0.960000
0.960000
0.960000
0.960000
0.960000
0.960000
0.960000
0.960000
0.960000
0.960000
0.960000
0.960000
0.960000
0.960000
0.960000
0.960000
0.960000
0.960000
0.960000
0.960000
0.960000
0.960000
0.960000
0.960000
0.960000
0.960000
0.960000
0.960000
0.960000
0.960000
0.960000
0.960000
0.960037
0.960037
0.960037
0.960037
0.960037
0.960037
0.960037
0.960037
0.960037
0.960037
0.960037
0.960037
0.960037
0.960037
0.960037
0.960037
0.960037
0.960037
0.960037
0.960037
0.960037
0.960037
0.960037
0.960037
0.960037
0.960037
0.960037
0.960037
0.960037
0.960037
0.960000
0.960000
0.960000
0.960000
0.960000
0.960000
0.960000
0.960000
0.960000
0.960000
0.960000
0.960000
0.960000
0.960000
0.960000
0.960000
0.960000
0.960000
0.960000
0.960000
0.960000
0.960000
0.960000
0.960000
0.960000
0.960000
0.960000
0.960000
0.960000
0.960000
0.960000
0.960000
0.960000
0.960000
0.960000
0.960000
0.960000
0.960000
0.960000
0.960000
0.960000
0.960000
0.960000
0.960000
0.960000
0.960000
0.960000
0.960000
0.960000
0.960000
0.960000
0.960000
0.960000
0.960000
0.960000
0.960000
0.960000
0.960000
0.960000
0.960000
0.960000
0.960000
0.960000
0.960000
0.960000
0.960000
0.960000
0.960000
0.960000
0.960000
0.960000
0.960000
0.960000
0.960000
0.960000
0.960000
0.960000
0.960000
0.960000
0.960000
0.960000
0.960000
0.960000
0.960000
0.960000
0.960000
0.960000
0.960000
0.960000
0.960000
0.960000
0.960000
0.960000
0.960000
0.960000
0.960000
0.960000
0.960000
0.960000
0.960000
0.960000
0.960000
0.960000
0.960000
0.960000
0.960000
0.960000
0.960000
0.960000
0.960000
0.960000
0.960000
0.960000
0.960000
0.960000
0.960000
0.960000
0.960000
0.960000
0.960000
0.960000
0.960000
0.960000
0.960000
0.960000
0.960000
0.960000
0.960000
0.960000
0.960000
0.960000
0.960000
0.960000
0.960000
0.960000
0.960000
0.960000
0.960000
0.960000
0.960000
0.960000
0.960000
0.960000
0.960000
0.960000
0.960000
0.960000
0.960000
0.960000
0.960000
0.960000
0.960000
0.960000
0.960000
0.960000
0.960000
0.960000
0.960000
0.960000
0.960000
0.960000
0.960000
0.960000
0.960000
0.960000
0.960000
0.960000
0.960000
0.960000
0.960000
0.960000
0.960000
0.960000
0.960000
0.960000
0.960000
0.960000
0.960000
0.960000
0.960000
0.960000
0.960000
0.960000
0.960000
0.960000
0.960000
0.960000
0.960000
0.960000
0.960000
0.960000
0.960000
0.960000
0.960000
0.960000
0.960000
0.960000
0.960000
0.960000
0.960000
0.960000
0.960000
0.960000
0.960000
0.960000
0.960000
0.960000
0.960000
0.960000
0.960000
0.960000
0.960000
0.960000
0.960000
0.960000
0.960000
0.960000
0.960000
0.960000
0.960000
0.960000
0.960000
0.960000
0.960000
0.960000
0.960000
0.960000
0.960000
0.960000
0.960000
0.960000
0.960000
0.960000
0.960000
0.960000
0.960000
0.960000
0.960000
0.960000
0.960000
0.960000
0.960000
0.960000
0.960000
0.960000
0.960000
0.960000
0.960000
0.960000
0.960000
0.960000
0.960000
0.960000
0.960000
0.960000
0.960000
0.960000
0.960000
0.960000
0.960000
0.960000
0.960000
0.960000
0.960000
0.960000
0.960000
0.960000
0.960000
0.960000
0.960000
0.960000
0.960000
0.960000
0.960000
0.960000
0.960000
0.960000
0.960000
0.960000
0.960000
0.960000
0.960000
0.960000
0.960000
0.960000
0.960000
0.960000
0.960000
0.960000
0.960000
0.960000
0.960000
0.960000
0.960000
0.960000
0.960000
0.960000
0.960000
0.960000
0.960000
0.960000
0.960000
0.960000
0.960000
0.960000
0.960000
0.960000
0.960000
0.960000
0.960000
0.960000
0.960000
0.960000
0.960000
0.960000
0.960000
0.960000
0.960000
0.960000
0.960000
0.960000
0.960000
0.960000
0.960000
0.960000
0.960000
0.960000
0.960000
0.960000
0.960000
0.960000
0.960000
0.960000
0.960000
0.960000
0.960000
0.960000
0.960000
0.960000
0.960000
0.960000
0.960000
0.960000
0.960000
0.960000
0.960000
0.960000
0.960000
0.960000
0.960000
0.960000
0.960000
0.960000
0.960000
0.960000
0.960000
0.960000
0.960000
0.960000
0.960000
0.960000
0.960000
0.960000
0.960000
0.960000
0.960000
0.960000
0.960000
0.960000
0.960000
0.960000
0.960000
0.960000
0.960000
0.960000
0.960000
0.960000
0.960000
0.960000
0.960000
0.960000
0.960000
0.960000
0.960000
0.960000
0.960000
0.960000
0.960000
0.960000
0.960000
0.960000
0.960000
0.960000
0.960000
0.960000
0.960000
0.960000
0.960000
0.960000
0.960000
0.960000
0.960000
0.960000
0.960000
0.960000
0.960000
0.960000
0.960000
0.960000
0.960000
0.960000
0.960000
0.960000
0.960000
0.960000
0.960000
0.960000
0.960000
0.960000
0.960000
0.960000
0.960000
0.960000
0.960000
0.960000
0.960000
0.960000
0.960000
0.960000
0.960000
0.960000
0.960000
0.960000
0.960000
0.960000
0.960000
0.960000
0.960000
0.960000
0.960000
0.960000
0.960000
0.960037
0.960037
0.960037
0.960037
0.960037
0.960037
0.960037
0.960037
0.960037
0.960037
0.960037
0.960037
0.960037
0.960037
0.960037
0.960037
0.960037
0.960037
0.960037
0.960037
0.960037
0.960037
0.960037
0.960037
0.960037
0.960037
0.960037
0.960037
0.960037
0.960037
0.960000
0.960000
0.960000
0.960000
0.960000
0.960000
0.960000
0.960000
0.960000
0.960000
0.960000
0.960000
0.960000
0.961362
0.997445
1.033106
1.068637
1.104169
1.139498
1.175085
1.210506
1.246074
1.281569
1.316144
1.351123
1.390335
1.429528
1.468703
1.507859
1.547034
1.586228
1.625402
1.664541
1.703660
1.731592
1.762229
1.792811
1.823375
1.853956
1.884520
1.915065
1.945591
1.976118
2.004547
1.996414
1.990673
1.985024
1.979338
1.973873
1.968132
1.962575
1.956852
1.951222
1.946511
1.912875
1.873976
1.835243
1.796510
1.757832
1.719043
1.680199
1.641521
1.602807
1.564110
1.536601
1.506351
1.476266
1.446089
1.415893
1.385790
1.355594
1.325510
1.295645
1.266296
1.238732
1.209310
1.179832
1.150428
1.120950
1.091491
1.062087
1.032646
1.003168
0.973690
0.972788
0.972862
0.972807
0.972917
0.972844
0.972954
0.973028
0.972936
0.972917
0.972899
0.972917
0.972954
0.972862
0.972899
0.972954
0.972899
0.972972
0.972936
0.972678
0.972623
0.972641
0.972512
0.972586
0.972549
0.972586
0.972696
0.972623
0.972660
0.972752
0.972825
0.972825
0.972862
0.972807
0.972696
0.972678
0.972512
0.972457
0.972494
0.972512
0.972549
0.972531
0.972512
0.972512
0.972384
0.972347
0.972328
0.972273
0.972292
0.972310
0.972310
0.972310
0.972420
0.972384
0.972420
0.972439
0.972310
0.972457
0.972439
0.972347
0.971960
0.971519
0.971096
0.970746
0.970304
0.969918
0.969587
0.969219
0.968777
0.968354
0.967912
0.967489
0.967084
0.966679
0.966385
0.965980
0.965594
0.965226
0.964803
0.964379
0.963993
0.963588
0.963110
0.962668
0.962226
0.961785
0.961417
0.960883
0.960460
0.960074
0.960000
0.960000
0.960000
0.960000
0.960000
0.960000
0.960000
0.960000
0.960000
0.960000
0.960000
0.960000
0.960000
0.960000
0.960000
0.960000
0.960000
0.960000
0.960000
0.960000
0.960000
0.960000
0.960000
0.960000
0.960000
0.960000
0.960000
0.960000
0.960000
0.960000
0.960000
0.960000
0.960000
0.960000
0.960000
0.960000
0.960000
0.960000
0.960000
0.960000
0.960000
0.960000
0.960000
0.960000
0.960000
0.960000
0.960000
0.960000
0.960000
0.960000
0.960000
0.960000
0.960000
0.960000
0.960000
0.960000
0.960000
0.960000
0.960000
0.960000
0.960000
0.960000
0.960000
0.960000
0.960000
0.960000
0.960000
0.960000
0.960000
0.960000
0.960000
0.960000
0.960000
0.960000
0.960000
0.960000
0.960000
0.960000
0.960000
0.960000
0.960000
0.960000
0.960000
0.960000
0.960000
0.960000
0.960000
0.960000
0.960000
0.960000
0.960000
0.960000
0.960000
0.960000
0.960000
0.960000
0.960000
0.960000
0.960000
0.960000
0.960000
0.960000
0.960000
0.960000
0.960000
0.960000
0.960000
0.960000
0.960000
0.960000
0.960000
0.960000
0.960000
0.960000
0.960000
0.960000
0.960000
0.960000
0.960000
0.960000
0.960000
0.960000
0.960000
0.960000
0.960000
0.960000
0.960000
0.960000
0.960000
0.960000
0.960000
0.960000
0.960000
0.960000
0.960000
0.960000
0.960000
0.960000
0.960000
0.960000
0.960000
0.960000
0.960000
0.960000
0.960000
0.960000
0.960000
0.960000
0.960000
0.960000
0.960000
0.960000
0.960000
0.960000
0.960000
0.960000
0.960000
0.960000
0.960000
0.960000
0.960000
0.960000
0.960000
0.960000
0.960000
0.960000
0.960000
0.960000
0.960000
0.960000
0.960000
0.960000
0.960000
0.960000
0.960000
0.960000
0.960000
0.960000
0.960000
0.960000
0.960000
0.960000
0.960000
0.960000
0.960000
0.960000
0.960000
0.960000
0.960000
0.960000
0.960000
0.960000
0.960000
0.960000
0.960000
0.960000
0.960000
0.960000
0.960000
0.960000
0.960000
0.960000
0.960000
0.960000
0.960000
0.960000
0.960000
0.960000
0.960000
0.960000
0.960000
0.960000
0.960000
0.960000
0.960000
0.960000
0.960000
0.960000
0.960000
0.960000
0.960000
0.960000
0.960000
0.960000
0.960000
0.960000
0.960000
0.960000
0.960000
0.960000
0.960000
0.960000
0.960000
0.960000
0.960000
0.960000
0.960000
0.960000
0.960000
0.960000
0.960000
0.960000
0.960000
0.960000
0.960000
0.960000
0.960000
0.960000
0.960000
0.960000
0.960000
0.960000
0.960000
0.960000
0.960000
0.960000
0.960000
0.960000
0.960000
0.960000
0.960000
0.960000
0.960000
0.960000
0.960000
0.960000
0.960000
0.960000
0.960000
0.960000
0.960000
0.960037
0.960037
0.960037
0.960037
0.960037
0.960037
0.960037
0.960037
0.960037
0.960037
0.960037
0.960037
0.960037
0.960037
0.960037
0.960037
0.960037
0.960037
0.960037
0.960037
0.960037
0.960037
0.960037
0.960037
0.960037
0.960037
0.960037
0.960037
0.960037
0.960037
0.960000
0.960000
0.960000
0.960000
0.960000
0.960000
0.960000
0.960000
0.960000
0.960000
0.960000
0.960000
0.960000
0.960000
0.960000
0.960000
0.960000
0.960000
0.960000
0.960000
0.960000
0.960000
0.960000
0.960000
0.960000
0.960000
0.960000
0.960000
0.960000
0.960000
0.960000
0.960000
0.960000
0.960000
0.960000
0.960000
0.960000
0.960000
0.960000
0.960000
0.960000
0.960000
0.960000
0.960000
0.960000
0.960000
0.960000
0.960000
0.960000
0.960000
0.960000
0.960000
0.960000
0.960000
0.960000
0.960000
0.960000
0.960000
0.960000
0.960000
0.960000
0.960000
0.960000
0.960000
0.960000
0.960000
0.960000
0.960000
0.960000
0.960000
0.960000
0.960000
0.960000
0.960000
0.960000
0.960000
0.960000
0.960000
0.960000
0.960000
0.960000
0.960000
0.960000
0.960000
0.960000
0.960000
0.960000
0.960000
0.960000
0.960000
0.960000
0.960000
0.960000
0.960000
0.960000
0.960000
0.960000
0.960000
0.960000
0.960000
0.960000
0.960000
0.960000
0.960000
0.960000
0.960000
0.960000
0.960000
0.960000
0.960000
0.960000
0.960000
0.960000
0.960000
0.960000
0.960000
0.960000
0.960000
0.960000
0.960000
0.960000
0.960000
0.960000
0.960000
0.960000
0.960000
0.960000
0.960000
0.960000
0.960000
0.960000
0.960037
0.960037
0.960037
0.960037
0.960037
0.960037
0.960037
0.960037
0.960037
0.960037
0.960037
0.960037
0.960037
0.960037
0.960037
0.960037
0.960037
0.960037
0.960037
0.960037
0.960037
0.960037
0.960037
0.960037
0.960037
0.960037
0.960037
0.960037
0.960074
0.960074
0.960037
0.960037
0.960037
0.960037
0.960037
0.960037
0.960037
0.960037
0.960037
0.960037
0.960037
0.960037
0.960037
0.960037
0.960037
0.960037
0.960037
0.960037
0.960037
0.960037
0.960037
0.960037
0.960037
0.960037
0.960037
0.960037
0.960037
0.960037
0.960000
0.960000
0.960000
0.960000
0.960000
0.960000
0.960000
0.960000
0.960000
0.960000
0.960000
0.960000
0.960000
0.960000
0.960000
0.960000
0.960000
0.960000
0.960000
0.960000
0.960000
0.960000
0.960000
0.960000
0.960000
0.960000
0.960000
0.960000
0.960000
0.960000
0.960000
0.960000
0.960000
0.960000
0.960000
0.960000
0.960000
0.960000
0.960000
0.960000
0.960000
0.960000
0.960000
0.960000
0.960000
0.960000
0.960000
0.960000
0.960000
0.960000
0.960000
0.960000
0.960000
0.960000
0.960000
0.960000
0.960000
0.960000
0.960000
0.960000
0.960037
0.960037
0.960037
0.960037
0.960037
0.960037
0.960037
0.960037
0.960037
0.960037
0.960037
0.960037
0.960037
0.960037
0.960037
0.960037
0.960037
0.960037
0.960037
0.960037
0.960037
0.960037
0.960037
0.960037
0.960037
0.960037
0.960037
0.960037
0.960037
0.960037
0.960000
0.960000
0.960000
0.960000
0.960000
0.960000
0.960000
0.960000
0.960000
0.960000
0.960000
0.960000
0.960000
0.960000
0.960000
0.960000
0.960000
0.960000
0.960000
0.960000
0.960000
0.960000
0.960000
0.960000
0.960000
0.960000
0.960000
0.960000
0.960000
0.960000
0.960000
0.960000
0.960000
0.960000
0.960000
0.960000
0.960000
0.960000
0.960000
0.960000
0.960000
0.960000
0.960000
0.960000
0.960000
0.960000
0.960000
0.960000
0.960000
0.960000
0.960000
0.960000
0.960000
0.960000
0.960000
0.960000
0.960000
0.960000
0.960000
0.960000
0.960000
0.960000
0.960000
0.960000
0.960000
0.960000
0.960000
0.960000
0.960000
0.960000
0.960000
0.960000
0.960000
0.960000
0.960000
0.960000
0.960000
0.960000
0.960000
0.960000
0.960000
0.960000
0.960000
0.960000
0.960000
0.960000
0.960000
0.960000
0.960000
0.960000
0.960000
0.960000
0.960000
0.960000
0.960000
0.960000
0.960000
0.960000
0.960000
0.960000
0.960000
0.960000
0.960000
0.960000
0.960000
0.960000
0.960000
0.960000
0.960000
0.960000
0.960000
0.960000
0.960000
0.960000
0.960000
0.960000
0.960000
0.960000
0.960000
0.960000
0.960000
0.960000
0.960000
0.960000
0.960000
0.960000
0.960000
0.960000
0.960000
0.960000
0.960000
0.960000
0.960000
0.960000
0.960000
0.960000
0.960000
0.960000
0.960000
0.960000
0.960000
0.960000
0.960000
0.960000
0.960000
0.960000
0.960000
0.960000
0.960000
0.960000
0.960000
0.960000
0.960000
0.960000
0.960000
0.960000
0.960000
0.960000
0.960000
0.960000
0.960000
0.960000
0.960000
0.960000
0.960000
0.960000
0.960000
0.960000
0.960000
0.960000
0.960000
0.960000
0.960000
0.960000
0.960000
0.960000
0.960000
0.960000
0.960000
0.960000
0.960000
0.960000
0.960000
0.960000
0.960000
0.960000
0.960000
0.960000
0.960000
0.960000
0.960000
0.960000
0.960000
0.960000
0.960000
0.960000
0.960000
0.960000
0.960000
0.960000
0.960000
0.960000
0.960000
0.960000
0.960000
0.960000
0.960000
0.960000
0.960000
0.960000
0.960000
0.960000
0.960000
0.960000
0.960000
0.960037
0.960037
0.960037
0.960037
0.960037
0.960037
0.960037
0.960037
0.960037
0.960037
0.960037
0.960037
0.960037
0.960037
0.960037
0.960037
0.960037
0.960037
0.960037
0.960037
0.960037
0.960037
0.960037
0.960037
0.960037
0.960037
0.960037
0.960037
0.960037
0.960037
0.960000
0.960000
0.960000
0.960000
0.960000
0.960000
0.960000
0.960000
0.960000
0.960000
0.960000
0.960000
0.960000
0.960000
0.960000
0.960000
0.960000
0.960000
0.960000
0.960000
0.960000
0.960000
0.960000
0.960000
0.960000
0.960000
0.960000
0.960000
0.960000
0.960000
0.960000
0.960000
0.960000
0.960000
0.960000
0.960000
0.960000
0.960000
0.960000
0.960000
0.960000
0.960000
0.960000
0.960000
0.960000
0.960000
0.960000
0.960000
0.960000
0.960000
0.960000
0.960000
0.960000
0.960000
0.960000
0.960000
0.960000
0.960000
0.960000
0.960000
0.960000
0.960000
0.960000
0.960000
0.960000
0.960000
0.960000
0.960000
0.960000
0.960000
0.960000
0.960000
0.960000
0.960000
0.960000
0.960000
0.960000
0.960000
0.960000
0.960000
0.960000
0.960000
0.960000
0.960000
0.960000
0.960000
0.960000
0.960000
0.960000
0.960000
0.960000
0.960000
0.960000
0.960000
0.960000
0.960000
0.960000
0.960000
0.960000
0.960000
0.960000
0.960000
0.960000
0.960000
0.960000
0.960000
0.960000
0.960000
0.960000
0.960000
0.960000
0.960000
0.960000
0.960000
0.960000
0.960000
0.960000
0.960000
0.960000
0.960000
0.960000
0.960000
0.960000
0.960000
0.960000
0.960000
0.960000
0.960000
0.960000
0.960000
0.960000
0.960000
0.960000
0.960000
0.960000
0.960000
0.960000
0.960000
0.960000
0.960000
0.960000
0.960000
0.960000
0.960000
0.960000
0.960000
0.960000
0.960000
0.960000
0.960000
0.960000
0.960000
0.960000
0.960000
0.960000
0.960000
0.960000
0.960000
0.960000
0.960000
0.960000
0.960000
0.960000
0.960000
0.960000
0.960000
0.960000
0.960000
0.960000
0.960000
0.960000
0.960000
0.960000
0.960000
0.960000
0.960000
0.960000
0.960000
0.960000
0.960000
0.960000
0.960000
0.960000
0.960000
0.960000
0.960000
0.960000
0.960000
0.960000
0.960000
0.960000
0.960000
0.960000
0.960000
0.960000
0.960000
0.960000
0.960000
0.960000
0.960000
0.960000
0.960000
0.960000
0.960000
0.960000
0.960000
0.960000
0.960000
0.960000
0.960000
0.960000
0.960000
0.960000
0.960000
0.960000
0.960000
0.960000
0.960000
0.960000
0.960000
0.960000
0.960000
0.960000
0.960000
0.960000
0.960000
0.960000
0.960000
0.960000
0.960000
0.960000
0.960000
0.960000
0.960000
0.960000
0.960000
0.960037
0.960037
0.960037
0.960037
0.960037
0.960037
0.960037
0.960037
0.960037
0.960037
0.960037
0.960037
0.960037
0.960037
0.960037
0.960037
0.960037
0.960037
0.960037
0.960037
0.960037
0.960037
0.960037
0.960037
0.960037
0.960037
0.960037
0.960037
0.960037
0.960037
0.960000
0.960000
0.960000
0.960000
0.960000
0.960000
0.960000
0.960000
0.960000
0.960000
0.960000
0.960000
0.960000
0.960000
0.960000
0.960000
0.960000
0.960000
0.960000
0.960000
0.960000
0.960000
0.960000
0.960000
0.960000
0.960000
0.960000
0.960000
0.960000
0.960000
0.960000
0.960000
0.960000
0.960000
0.960000
0.960000
0.960000
0.960000
0.960000
0.960000
0.960000
0.960000
0.960000
0.960000
0.960000
0.960000
0.960000
0.960000
0.960000
0.960000
0.960000
0.960000
0.960000
0.960000
0.960000
0.960000
0.960000
0.960000
0.960000
0.960000
0.960000
0.960000
0.960000
0.960000
0.960000
0.960000
0.960000
0.960000
0.960000
0.960000
0.960000
0.960000
0.960000
0.960000
0.960000
0.960000
0.960000
0.960000
0.960000
0.960000
0.960000
0.960000
0.960000
0.960000
0.960000
0.960000
0.960000
0.960000
0.960000
0.960000
0.960000
0.960000
0.960000
0.960000
0.960000
0.960000
0.960000
0.960000
0.960000
0.960000
0.960000
0.960000
0.960000
0.960000
0.960000
0.960000
0.960000
0.960000
0.960000
0.960000
0.960000
0.960000
0.960000
0.960000
0.960000
0.960000
0.960000
0.960000
0.960000
0.960000
0.960000
0.960000
0.960000
0.960000
0.960000
0.960000
0.960000
0.960000
0.960000
0.960000
0.960000
0.960000
0.960000
0.960000
0.960000
0.960000
0.960000
0.960000
0.960000
0.960000
0.960000
0.960000
0.960000
0.960000
0.960000
0.960000
0.960000
0.960000
0.960000
0.960000
0.960000
0.960000
0.960000
0.960000
0.960000
0.960000
0.960000
0.960000
0.960000
0.960000
0.960000
0.960000
0.960000
0.960000
0.960000
0.960000
0.960000
0.960000
0.960000
0.960000
0.960000
0.960000
0.960000
0.960000
0.960000
0.960000
0.960000
0.960000
0.960000
0.960000
0.960000
0.960000
0.960000
0.960000
0.960000
0.960000
0.960000
0.960000
0.960000
0.960037
0.960037
0.960037
0.960037
0.960037
0.960037
0.960037
0.960037
0.960037
0.960037
0.960037
0.960037
0.960037
0.960037
0.960037
0.960037
0.960037
0.960037
0.960037
0.960037
0.960037
0.960037
0.960037
0.960037
0.960037
0.960037
0.960037
0.960037
0.960037
0.960037
0.960000
0.960000
0.960000
0.960000
0.960000
0.960000
0.960000
0.960000
0.960000
0.960000
0.960000
0.960000
0.960000
0.960000
0.960000
0.960000
0.960000
0.960000
0.960000
0.960000
0.960000
0.960000
0.960000
0.960000
0.960000
0.960000
0.960000
0.960000
0.960000
0.960000
0.960000
0.960000
0.960000
0.960000
0.960000
0.960000
0.960000
0.960000
0.960000
0.960000
0.960000
0.960000
0.960000
0.960000
0.960000
0.960000
0.960000
0.960000
0.960000
0.960000
0.960000
0.960000
0.960000
0.960000
0.960000
0.960000
0.960000
0.960000
0.960000
0.960000
0.960000
0.960000
0.960000
0.960000
0.960000
0.960000
0.960000
0.960000
0.960000
0.960000
0.960000
0.960000
0.960000
0.960000
0.960000
0.960000
0.960000
0.960000
0.960000
0.960000
0.960000
0.960000
0.960000
0.960000
0.960000
0.960000
0.960000
0.960000
0.960000
0.960000
0.960000
0.960000
0.960000
0.960000
0.960000
0.960000
0.960000
0.960000
0.960000
0.960000
0.960000
0.960000
0.960000
0.960000
0.960000
0.960000
0.960000
0.960000
0.960000
0.960000
0.960000
0.960000
0.960000
0.960000
0.960000
0.960000
0.960000
0.960000
0.960000
0.960000
0.960000
0.960000
0.960000
0.960000
0.960000
0.960000
0.960000
0.960000
0.960000
0.960000
0.960000
0.960000
0.960000
0.960000
0.960000
0.960000
0.960000
0.960000
0.960000
0.960000
0.960000
0.960000
0.960000
0.960000
0.960000
0.960000
0.960000
0.960000
0.960000
0.960000
0.960000
0.960000
0.960000
0.960000
0.960000
0.960000
0.960000
0.960000
0.960000
0.960000
0.960000
0.960000
0.960000
0.960000
0.960000
0.960000
0.960000
0.960000
0.960000
0.960000
0.960000
0.960000
0.960000
0.960000
0.960000
0.960000
0.960000
0.960000
0.960000
0.960000
0.960000
0.960000
0.960000
0.960000
0.960000
0.960000
0.960000
0.960000
0.960000
0.960000
0.960000
0.960000
0.960000
0.960000
0.960000
0.960000
0.960000
0.960000
0.960000
0.960000
0.960000
0.960000
0.960000
0.960000
0.960000
0.960000
0.960000
0.960000
0.960000
0.960000
0.960000
0.960000
0.960000
0.960000
0.960000
0.960000
0.960000
0.960000
0.960000
0.960000
0.960000
0.960000
0.960000
0.960000
0.960000
0.960000
0.960000
0.960000
0.960000
0.960000
0.960000
0.960000
0.960000
0.960000
0.960000
0.960000
0.960000
0.960000
0.960000
0.960000
0.960000
0.960000
0.960000
0.960000
0.960000
0.960000
0.960000
0.960000
0.960000
0.960000
0.960000
0.960000
0.960000
0.960000
0.960000
0.960000
0.960000
0.960000
0.960000
0.960000
0.960000
0.960000
0.960000
0.960000
0.960000
0.960000
0.960000
0.960000
0.960000
0.960000
0.960000
0.960000
0.960000
0.960000
0.960000
0.960000
0.960000
0.960000
0.960000
0.960000
0.960000
0.960000
0.960000
0.960000
0.960000
0.960000
0.960000
0.960000
0.960000
0.960000
0.960000
0.960000
0.960000
0.960000
0.960000
0.960000
0.960000
0.960000
0.960000
0.960000
0.960000
0.960000
0.960000
0.960000
0.960000
0.960000
0.960000
0.960000
0.960000
0.960000
0.960000
0.960000
0.960000
0.960000
0.960000
0.960000
0.960000
0.960000
0.960000
0.960000
0.960000
0.960000
0.960000
0.960000
0.960000
0.960000
0.960000
0.960000
0.960000
0.960000
0.960000
0.960000
0.960000
0.960000
0.960000
0.960000
0.960000
0.960000
0.960000
0.960000
0.960000
0.960000
0.960000
0.960000
0.960000
0.960000
0.960000
0.960000
0.960000
0.960000
0.960000
0.960000
0.960000
0.960000
0.960000
0.960000
0.960000
0.960000
0.960000
0.960000
0.960000
0.960000
0.960000
0.960000
0.960000
0.960000
0.960000
0.960000
0.960000
0.960000
0.960000
0.960000
0.960000
0.960000
0.960000
0.960000
0.960000
0.960000
0.960000
0.960000
0.960000
0.960000
0.960000
0.960000
0.960000
0.960000
0.960000
0.960000
0.960000
0.960000
0.960000
0.960000
0.960000
0.960000
0.960000
0.960000
0.960000
0.960000
0.960000
0.960000
0.960000
0.960000
0.960000
0.960000
0.960000
0.960000
0.960000
0.960000
0.960000
0.960000
0.960000
0.960000
0.960000
0.960000
0.960000
0.960000
0.960000
0.960000
0.960000
0.960000
0.960000
0.960000
0.960000
0.960000
0.960000
0.960000
0.960000
0.960000
0.960000
0.960000
0.960000
0.960000
0.960000
0.960000
0.960000
0.960000
0.960000
0.960000
0.960000
0.960000
0.960000
0.960000
0.960000
0.960000
0.960000
0.960000
0.960000
0.960000
0.960000
0.960000
0.960000
0.960000
0.960000
0.960000
0.960000
0.960000
0.960000
0.960000
0.960000
0.960000
0.960000
0.960000
0.960000
0.960000
0.960000
0.960000
0.960000
0.960000
0.960000
0.960000
0.960000
0.960000
0.960000
0.960000
0.960000
0.960000
0.960000
0.960000
0.960000
0.960000
0.960000
0.960000
0.960000
0.960000
0.960000
0.960000
0.960000
0.960000
0.960000
0.960000
0.960000
0.960000
0.960000
0.960000
0.960000
0.960000
0.960000
0.960000
0.960000
0.960000
0.960000
0.960000
0.960000
0.960000
0.960000
0.960000
0.960000
0.960000
0.960000
0.960000
0.960000
0.960000
0.960000
0.960000
0.960000
0.960000
0.960000
0.960000
0.960000
0.960000
0.960000
0.960000
0.960000
0.960000
0.960000
0.960000
0.960000
0.960000
0.960000
0.960000
0.960000
0.960000
0.960000
0.960000
0.960000
0.960000
0.960000
0.960000
0.960000
0.960000
0.960000
0.960000
0.960000
0.960000
0.960000
0.960000
0.960000
0.960000
0.960000
0.960000
0.960000
0.960000
0.960000
0.960000
0.960000
0.960000
0.960000
0.960000
0.960000
0.960000
0.960000
0.960000
0.960000
0.960000
0.960000
0.960000
0.960000
0.960000
0.960000
0.960000
0.960000
0.960000
0.960000
0.960000
0.960000
0.960000
0.960000
0.960000
0.960000
0.960000
0.960000
0.960000
0.960000
0.960000
0.960000
0.960000
0.960000
0.960000
0.960000
0.960000
0.960000
0.960000
0.960000
0.960000
0.960000
0.960000
0.960000
0.960000
0.960000
0.960000
0.960000
0.960000
0.960000
0.960000
0.960000
0.960000
0.960000
0.960000
0.960000
0.960000
0.960000
0.960000
0.960000
0.960000
0.960000
0.960000
0.960000
0.960000
0.960000
0.960000
0.960000
0.960000
0.960000
0.960000
0.960000
0.960000
0.960000
0.960000
0.960000
0.960000
0.960000
0.960000
0.960000
0.960000
0.960000
0.960000
0.960000
0.960000
0.960000
0.960000
0.960000
0.960000
0.960000
0.960000
0.960000
0.960000
0.960000
0.960000
0.960000
0.960000
0.960000
0.960000
0.960000
0.960000
0.960000
0.960000
0.960000
0.960000
0.960000
0.960000
0.960000
0.960000
0.960000
0.960000
0.960000
0.960000
0.960000
0.960000
0.960000
0.960000
0.960000
0.960000
0.960000
0.960000
0.960000
0.960000
0.960000
0.960000
0.960000
0.960000
0.960000
0.960000
0.960000
0.960000
0.960000
0.960000
0.960000
0.960000
0.960000
0.960000
0.960000
0.960000
0.960000
0.960000
0.960000
0.960000
0.960000
0.960000
0.960000
0.960000
0.960000
0.960000
0.960000
0.960000
0.960000
0.960000
0.962631
0.962631
0.962631
0.962631
0.966900
0.967489
0.967489
0.967489
0.967489
0.967489
0.967489
0.967526
0.967526
0.967526
0.970893
0.973230
0.977720
0.978585
0.978585
0.978585
0.978585
0.978585
0.978585
0.978585
0.978585
0.978585
0.978585
0.978585
0.978585
0.978585
0.975953
0.975953
0.975953
0.975953
0.992606
1.031100
1.070183
1.109321
1.148385
1.187413
1.226146
1.264880
1.303539
1.342272
1.368236
1.396425
1.422297
1.451885
1.482375
1.512772
1.543115
1.573531
1.603892
1.634290
1.661412
1.691240
1.721067
1.750858
1.780704
1.810531
1.840340
1.870149
1.899976
1.929785
1.915911
1.876828
1.837745
1.798755
1.759727
1.720699
1.682003
1.643233
1.604573
1.565840
1.536509
1.505983
1.475622
1.445169
1.414679
1.384281
1.353938
1.323522
1.293161
1.262763
1.235641
1.205814
1.175986
1.146196
1.116350
1.086523
1.056714
1.026905
0.998034
0.970599
0.963588
0.963588
0.963588
0.963441
0.963404
0.963404
0.963367
0.963367
0.963367
0.963367
0.963367
0.963367
0.963367
0.963367
0.963367
0.963367
0.963367
0.963367
0.963367
0.963367
0.963367
0.963367
0.963367
0.963367
0.963367
0.963367
0.963367
0.963367
0.962410
0.960037
0.962337
0.962392
0.962392
0.962392
0.962392
0.962392
0.962392
0.962392
0.962392
0.962392
0.962392
0.962392
0.962392
0.962392
0.962392
0.962392
0.962392
0.962392
0.962392
0.962392
0.962392
0.962392
0.962392
0.962392
0.962392
0.962392
0.962392
0.962392
0.962392
0.962392
0.960055
0.960000
0.960000
0.960000
0.960000
0.960000
0.960000
0.960000
0.960000
0.960000
0.960000
0.960000
0.960000
0.960000
0.960000
0.960000
0.960000
0.960000
0.960000
0.960092
0.960092
0.960092
0.960221
0.961509
0.961509
0.961509
0.962245
0.962245
0.962245
0.962245
0.966845
0.967139
0.967139
0.967139
0.967636
0.967636
0.967783
0.967783
0.967839
0.995697
1.031192
1.066705
1.102126
1.137639
1.173097
1.208537
1.243995
1.279379
1.314580
1.347167
1.386268
1.425351
1.464360
1.502155
1.541220
1.580229
1.618594
1.657659
1.696797
1.726275
1.752422
1.782875
1.813659
1.844425
1.874694
1.905441
1.936097
1.966918
1.997628
1.996653
1.990930
1.985226
1.979614
1.973910
1.968242
1.962630
1.956926
1.951295
1.945849
1.920585
1.881484
1.842401
1.803263
1.764180
1.725115
1.686106
1.647005
1.607940
1.568802
1.539324
1.508577
1.477830
1.447045
1.416280
1.385514
1.354766
1.323964
1.293143
1.262377
1.235494
1.205722
1.175913
1.146104
1.116295
1.086504
1.056677
1.026923
0.997169
0.967415
0.960000
0.960000
0.960000
0.960000
0.960000
0.960000
0.960000
0.960000
0.960000
0.960000
0.960000
0.960000
0.960000
0.960000
0.960000
0.960000
0.960000
0.960000
0.960000
0.960000
0.960000
0.960000
0.960000
0.960000
0.960000
0.960000
0.960000
0.960000
0.960000
0.960000
0.960000
0.960000
0.960000
0.960000
0.960000
0.960000
0.960000
0.960000
0.960000
0.960000
0.960000
0.960000
0.960000
0.960000
0.960000
0.960000
0.960000
0.960000
0.960000
0.960000
0.960000
0.960000
0.960000
0.960000
0.960000
0.960000
0.960000
0.960000
0.960000
0.960000
0.960000
0.960000
0.960000
0.960000
0.960000
0.960000
0.960000
0.960000
0.960000
0.960497
0.964619
0.964619
0.969421
0.970047
0.970047
0.970047
0.970047
0.970047
0.970047
0.970047
0.970047
0.970047
0.970047
0.970047
0.970047
0.970047
0.970047
0.970047
0.970047
0.970047
0.970047
0.970047
0.970047
0.970047
0.970047
0.970047
0.970047
0.970047
0.970047
0.969550
0.965428
0.965428
0.960626
0.960000
0.960000
0.960000
0.960000
0.960000
0.960000
0.960000
0.960000
0.960000
0.960000
0.960000
0.960000
0.960000
0.960000
0.960000
0.960000
0.960000
0.960000
0.960000
0.960000
0.960000
0.960000
0.960000
0.960000
0.960000
0.960000
0.960000
0.960000
0.960000
0.960000
0.960000
0.960000
0.960037
0.960037
0.960037
0.960037
0.960037
0.960037
0.960037
0.960037
0.960037
0.960037
0.960037
0.960037
0.960037
0.960037
0.960037
0.960037
0.960037
0.960037
0.960037
0.960037
0.960037
0.960037
0.960037
0.960037
0.960037
0.960037
0.960037
0.960037
0.960037
0.960037
0.960000
0.960000
0.960000
0.960000
0.960000
0.960000
0.960000
0.960000
0.960000
0.960000
0.960000
0.960000
0.960000
0.960000
0.960000
0.960037
0.960037
0.960037
0.960037
0.960037
0.960037
0.960037
0.960037
0.960037
0.960037
0.960037
0.960037
0.960037
0.960037
0.960037
0.960037
0.960037
0.960037
0.960037
0.960037
0.960037
0.960037
0.960037
0.960037
0.960037
0.960037
0.960037
0.960037
0.960037
0.960037
0.960000
0.960000
0.960000
0.960000
0.960000
0.960000
0.960000
0.960000
0.960000
0.960000
0.960000
0.960000
0.960000
0.960000
0.960000
0.960000
0.960000
0.960000
0.960000
0.960000
0.960000
0.960000
0.960000
0.960000
0.960000
0.960000
0.960000
0.960000
0.960000
0.960000
0.960000
0.960000
0.960000
0.960000
0.960000
0.960000
0.960000
0.960000
0.960000
0.960000
0.960000
0.960000
0.960000
0.960000
0.960000
0.960000
0.960000
0.960000
0.960000
0.960000
0.960000
0.960000
0.960000
0.960000
0.960000
0.960000
0.960000
0.960000
0.960000
0.960000
0.960000
0.960000
0.960000
0.960000
0.960000
0.960000
0.960000
0.960000
0.960000
0.960000
0.960000
0.960000
0.960000
0.960000
0.960000
0.960000
0.960000
0.960000
0.960000
0.960000
0.960000
0.960000
0.960000
0.960000
0.960000
0.960000
0.960000
0.960000
0.960000
0.960000
0.963662
0.964030
0.964030
0.968427
0.968427
0.997887
1.033418
1.068895
1.104371
1.139755
1.175213
1.210543
1.245890
1.281201
1.313991
1.352871
1.391862
1.430743
1.469605
1.508503
1.547421
1.586246
1.625053
1.663878
1.693705
1.724214
1.754630
1.785046
1.815425
1.845786
1.872486
1.902479
1.932840
1.958803
1.985484
1.985521
1.979522
1.973339
1.967359
1.961453
1.955472
1.949639
1.943825
1.938010
1.913961
1.875080
1.836089
1.797209
1.758347
1.719448
1.680531
1.641705
1.602899
1.564073
1.534246
1.503738
1.473322
1.442905
1.412526
1.382165
1.351804
1.321443
1.291082
1.260721
1.234040
1.204544
1.175011
1.145717
1.116221
1.086743
1.057266
1.027769
0.998236
0.968740
0.960000
0.960000
0.960000
0.960000
0.960000
0.960000
0.960000
0.960000
0.960000
0.960000
0.960000
0.960000
0.960000
0.960000
0.960000
0.960000
0.960000
0.960000
0.960000
0.960000
0.960000
0.960000
0.960000
0.960000
0.960000
0.960000
0.960000
0.960000
0.960000
0.960000
0.960000
0.960000
0.960000
0.960000
0.960000
0.960000
0.960000
0.960000
0.960000
0.960000
0.960000
0.960000
0.960000
0.960000
0.960000
0.960000
0.960000
0.960000
0.960000
0.960000
0.960000
0.960000
0.960000
0.960000
0.960000
0.960000
0.960000
0.960000
0.960000
0.960000
0.960000
0.960000
0.960000
0.960000
0.960000
0.960000
0.960000
0.960000
0.960000
0.960000
0.960000
0.960000
0.960000
0.960000
0.960000
0.960000
0.960000
0.960000
0.960000
0.960000
0.960000
0.960000
0.960000
0.960000
0.960000
0.960000
0.960000
0.962539
0.969384
0.973083
0.973083
0.973083
0.973083
0.973083
0.973083
0.973083
0.973083
0.973083
0.973083
0.975457
0.980425
0.985393
0.990361
0.995329
1.000297
1.005247
1.010215
1.011595
1.011595
1.011595
1.011595
1.011595
1.011595
1.011595
1.011595
1.011595
1.011595
1.009056
1.002211
0.998512
0.998512
0.998512
0.998512
1.002689
1.004051
1.004051
1.004051
1.004419
1.004658
1.002285
0.997316
0.992348
0.987380
0.982412
0.977444
0.972494
0.967710
0.966698
0.966919
0.966919
0.966919
0.966919
0.966919
0.966919
0.966919
0.966919
0.966919
0.966919
0.966919
0.966919
0.966919
0.968280
0.969053
0.964987
0.963625
0.963625
0.963625
0.963257
0.963018
0.963018
0.963533
0.963533
0.963533
0.963533
0.963533
0.963533
0.963349
0.962981
0.962760
0.962760
0.962760
0.962760
0.962760
0.962760
0.962760
0.962760
0.962760
0.962760
0.963220
0.963423
0.963423
0.962263
0.961490
0.961380
0.961380
0.961380
0.961380
0.961380
0.961380
0.961380
0.960865
0.960865
0.960865
0.960865
0.960865
0.960865
0.960865
0.960865
0.960865
0.960865
0.960865
0.960865
0.960865
0.960865
0.960865
0.960865
0.960865
0.960865
0.960405
0.960202
0.960202
0.960000
0.960000
0.960000
0.960000
0.960000
0.960000
0.960000
0.963386
0.963386
0.963386
0.963386
0.966587
0.967986
0.967986
0.967986
0.971795
0.972604
0.972604
0.972604
0.972604
0.972604
0.972604
0.972604
0.972604
0.972604
0.972604
0.972604
0.972604
0.972604
0.972604
0.972604
0.975751
0.976671
0.976671
0.976671
0.976671
0.977665
0.974389
0.974389
0.974389
0.974389
0.971832
0.970433
0.970672
0.970672
0.966919
0.966109
0.966109
0.966109
0.966109
0.966109
0.966109
0.966109
0.966109
0.966109
0.966109
0.966109
0.966109
0.966109
0.966109
0.966109
0.962962
0.962042
0.962042
0.962042
0.962042
0.961049
0.960938
0.960938
0.960938
0.960938
0.960294
0.960294
0.960055
0.960055
0.960000
0.960000
0.960000
0.960000
0.960000
0.960000
0.960000
0.960000
0.960000
0.960000
0.960000
0.960000
0.960000
0.960000
0.960000
0.960000
0.960000
0.960000
0.960000
0.960000
0.960000
0.960000
0.960000
0.960000
0.960000
0.960000
0.960000
0.960000
0.960000
0.960000
0.960000
0.960000
0.960000
0.960000
0.960000
0.960000
0.960000
0.960000
0.960000
0.960000
0.960000
0.960000
0.960957
0.961086
0.961086
0.961086
0.961086
0.961086
0.961086
0.961086
0.961086
0.961086
0.964655
0.964655
0.964655
0.964655
0.964655
0.964655
0.964655
0.964655
0.964655
0.964655
0.964655
0.964655
0.964655
0.964655
0.964655
0.964655
0.964655
0.964655
0.964655
0.964655
0.963699
0.963570
0.963570
0.963570
0.963570
0.963570
0.963570
0.963570
0.963570
0.963570
0.960000
0.960000
0.960000
0.960000
0.960000
0.960000
0.960000
0.960000
0.960000
0.960000
0.960000
0.960000
0.960000
0.960000
0.960000
0.960000
0.960000
0.960000
0.960000
0.960000
0.960000
0.960000
0.960000
0.960000
0.960000
0.960000
0.960000
0.960000
0.960000
0.960000
0.960000
0.960000
0.960000
0.960000
0.960000
0.960000
0.960000
0.960000
0.960000
0.960000
0.960000
0.960000
0.960000
0.960000
0.960000
0.960000
0.960000
0.960000
0.960000
0.960000
0.960000
0.960000
0.960000
0.960000
0.960000
0.960000
0.960000
0.960000
0.960000
0.960000
0.960000
0.960000
0.960000
0.960000
0.960000
0.960000
0.960000
0.960000
0.960000
0.960000
0.960000
0.960000
0.960000
0.960000
0.960000
0.960000
0.960000
0.960000
0.960000
0.960000
0.960000
0.960000
0.960000
0.960000
0.960000
0.960000
0.960000
0.960000
0.960000
0.960000
0.960000
0.960000
0.960000
0.960000
0.960000
0.960000
0.960000
0.960000
0.960000
0.960000
0.960000
0.960000
0.960000
0.960000
0.960000
0.960000
0.960000
0.960000
0.960000
0.960000
0.960000
0.960000
0.960000
0.960000
0.960000
0.960000
0.960000
0.960000
0.960000
0.960000
0.960000
0.960000
0.960000
0.965483
0.972972
0.979928
0.988024
0.988539
0.988539
0.988539
0.988539
0.988539
0.988539
0.988539
0.988539
0.988539
0.989073
0.989073
0.989073
0.989073
0.989073
0.989073
0.989073
0.989073
0.992091
0.997850
1.003554
1.004621
1.004621
1.004621
1.004621
1.004621
1.004621
0.999138
0.991649
0.989202
0.987601
0.992403
0.992403
0.992403
0.992937
0.992937
0.992937
0.992937
0.992937
0.992937
0.992403
0.992403
0.992403
0.992403
0.992403
0.992679
0.992679
0.992679
0.989662
0.983902
0.978198
0.977131
0.977131
0.977131
0.977131
0.977131
0.977131
0.977131
0.977131
0.972623
0.966127
0.960810
0.960810
0.960810
0.960276
0.960276
0.960276
0.960276
0.960276
0.960276
0.960276
0.960276
0.960276
0.960276
0.960276
0.960000
0.960000
0.960000
0.960000
0.960000
0.960000
0.960000
0.960000
0.960000
0.960000
0.960000
0.960202
0.960202
0.960202
0.960202
0.960202
0.960202
0.960202
0.960202
0.960202
0.960202
0.960202
0.960202
0.960202
0.960202
0.960202
0.960202
0.960202
0.960202
0.960202
0.960202
0.960202
0.960202
0.960202
0.960202
0.960202
0.960202
0.960202
0.960202
0.960202
0.960202
0.960000
0.960000
0.960000
0.960000
0.960000
0.960000
0.960000
0.960000
0.960000
0.960055
0.960055
0.960055
0.960055
0.960055
0.960055
0.960055
0.960055
0.960055
0.960055
0.960055
0.960055
0.960055
0.960055
0.960055
0.960055
0.960055
0.960055
0.960055
0.960055
0.960055
0.960055
0.960055
0.960055
0.960055
0.960055
0.960055
0.960055
0.960055
0.960055
0.960000
0.960000
0.960000
0.960000
0.960000
0.960000
0.960000
0.960000
0.960000
0.960000
0.960037
0.960037
0.960037
0.960037
0.960037
0.960037
0.960037
0.960037
0.960037
0.960037
0.960037
0.960037
0.960037
0.960037
0.960037
0.960037
0.961288
0.963717
0.965391
0.965391
0.965631
0.965631
0.965943
0.966017
0.966164
0.966164
0.966164
0.966164
0.966164
0.966164
0.966127
0.966127
0.966127
0.966127
0.966127
0.966127
0.966127
0.966127
0.966127
0.966127
0.966127
0.966127
0.966127
0.966127
0.966127
0.966127
0.964876
0.962447
0.960773
0.960773
0.960534
0.960534
0.960221
0.960147
0.960000
0.960000
0.960000
0.960000
0.960000
0.960000
0.960000
0.960000
0.960000
0.960000
0.960000
0.960000
0.960000
0.960000
0.960000
0.960000
0.960000
0.960000
0.960000
0.960000
0.960000
0.960000
0.960000
0.960000
0.960037
0.960074
0.960074
0.960074
0.960074
0.960074
0.960074
0.960074
0.960074
0.960074
0.960074
0.960074
0.960074
0.960074
0.960074
0.960074
0.960074
0.960074
0.960074
0.960074
0.960074
0.960074
0.960074
0.960074
0.960074
0.960074
0.960074
0.960074
0.960074
0.960074
0.960202
0.960166
0.960258
0.960258
0.960258
0.960258
0.960258
0.960258
0.960258
0.960258
0.960294
0.960294
0.960294
0.960294
0.960294
0.960294
0.960294
0.960294
0.960294
0.960294
0.960294
0.960294
0.960294
0.960294
0.960294
0.960294
0.960294
0.960294
0.960294
0.960294
0.960129
0.962668
0.964545
0.965152
0.965833
0.965999
0.965999
0.965999
0.967305
0.967967
0.967931
0.967931
0.967931
0.969016
0.970783
0.971556
0.972531
0.974831
0.979597
0.981418
0.981418
0.981418
0.981418
0.981418
0.981418
0.981418
0.981418
0.981418
0.981418
0.981418
0.981418
0.978879
0.976910
0.976303
0.975622
0.975457
0.975457
0.975457
0.974150
0.973488
0.973488
0.973488
0.973488
0.972402
0.970636
0.969863
0.968887
0.966587
0.961822
0.960000
0.960000
0.960000
0.960000
0.960000
0.960000
0.960000
0.960000
0.960000
0.960000
0.960000
0.960000
0.960000
0.960000
0.960000
0.960000
0.960000
0.960000
0.960000
0.960000
0.960000
0.960055
0.960055
0.960055
0.960055
0.960055
0.960055
0.964030
0.964711
0.964711
0.964711
0.964858
0.964968
0.965060
0.965060
0.965060
0.965060
0.965060
0.965060
0.965060
0.965060
0.965134
0.965134
0.967931
0.969495
0.969495
0.969495
0.969495
0.969495
0.969495
0.969495
0.969440
0.969440
0.969440
0.969440
0.969440
0.969440
0.965465
0.964784
0.964784
0.964784
0.964637
0.964527
0.964435
0.964435
0.964435
0.964435
0.964435
0.964435
0.964435
0.964435
0.964361
0.964361
0.961564
0.960000
0.960000
0.960000
0.960000
0.960000
0.960000
0.960000
0.960000
0.960000
0.960000
0.960000
0.960000
0.960000
0.960000
0.960000
0.960000
0.960000
0.960000
0.960000
0.960000
0.960000
0.960000
0.960000
0.964527
0.964527
0.964527
0.964527
0.967507
0.968851
0.968906
0.968906
0.968906
0.968906
0.968906
0.968906
0.968906
0.968906
0.968906
0.968906
0.968906
0.968906
0.968906
0.968906
0.968906
0.968906
0.968906
0.968906
0.968906
0.968906
0.968906
0.968906
0.968906
0.968906
0.964379
0.964379
0.964379
0.964379
0.961398
0.960055
0.960000
0.960000
0.960000
0.960000
0.960000
0.960000
0.960000
0.960000
0.962760
0.964159
0.964159
0.964159
0.964159
0.964159
0.964159
0.964159
0.964159
0.964159
0.964159
0.964159
0.964159
0.964159
0.964159
0.964159
0.964159
0.964159
0.964159
0.964159
0.964159
0.964251
0.964251
0.964251
0.964251
0.964251
0.964251
0.964251
0.964251
0.964251
0.961490
0.960092
0.960092
0.960092
0.960092
0.960092
0.960092
0.960092
0.960092
0.960092
0.960092
0.960092
0.960092
0.960092
0.960092
0.960092
0.960092
0.960092
0.960092
0.960092
0.960092
0.960000
0.960000
0.960000
0.960000
0.960000
0.960000
0.960000
0.960000
0.960000
0.960000
0.960000
0.960000
0.960000
0.960000
0.960000
0.960000
0.960000
0.960000
0.960000
0.960000
0.960000
0.960000
0.960000
0.960000
0.960000
0.960000
0.960000
0.960000
0.960000
0.960000
0.960000
0.960000
0.960000
0.960000
0.960000
0.960000
0.960000
0.960000
0.960000
0.960000
0.960000
0.960000
0.960000
0.960000
0.960000
0.960000
0.960000
0.960000
0.960000
0.960000
0.960000
0.960000
