0.960000
0.960000
0.960000
0.960000
0.960000
0.960000
0.960000
0.960000
0.960000
0.960000
0.960000
0.960000
0.960000
0.960000
0.960000
0.960000
0.960000
0.960000
0.960000
0.960000
0.960000
0.960000
0.960000
0.960000
0.960000
0.960000
0.960000
0.960000
0.960000
0.960000
0.960000
0.960000
0.960000
0.960000
0.960000
0.960000
0.960000
0.960000
0.960000
0.960000
0.960000
0.960000
0.960000
0.960000
0.960000
0.960000
0.960000
0.960000
0.960000
0.960000
0.960000
0.960000
0.960000
0.960000
0.960000
0.960000
0.960000
0.960000
0.960000
0.960000
0.960000
0.960000
0.960000
0.960000
0.960000
0.960000
0.960000
0.960000
0.960000
0.960000
0.960000
0.960000
0.960000
0.960000
0.960000
0.960000
0.960000
0.960000
0.960000
0.960000
0.960000
0.960000
0.960000
0.960000
0.960000
0.960000
0.960000
0.960000
0.960000
0.961390
0.962190
0.962190
0.962190
0.962190
0.962190
0.962190
0.962190
0.962190
0.962190
0.962190
0.962190
0.962190
0.962190
0.962190
0.962190
0.962190
0.962190
0.962190
0.962190
0.962190
0.962190
0.962190
0.962190
0.962190
0.962190
0.962190
0.962190
0.962190
0.962190
0.960800
0.960000
0.960000
0.960000
0.960000
0.960000
0.960000
0.960000
0.960000
0.960000
0.960000
0.960000
0.960000
0.960000
0.960000
0.960000
0.960000
0.960000
0.960000
0.960000
0.960000
0.960000
0.960000
0.960000
0.960000
0.960000
0.960000
0.960000
0.960000
0.960000
0.960000
0.960000
0.960000
0.960000
0.960000
0.960000
0.960000
0.960000
0.960000
0.960000
0.960000
0.960000
0.960000
0.960000
0.960000
0.960000
0.960000
0.960000
0.960000
0.960000
0.960000
0.960000
0.960000
0.960000
0.960000
0.960000
0.960000
0.960000
0.960000
0.960000
0.960000
0.960000
0.960000
0.960000
0.960000
0.960000
0.960000
0.960000
0.960000
0.960000
0.960000
0.960000
0.960000
0.960000
0.960000
0.960000
0.960000
0.960000
0.960000
0.960000
0.960000
0.960000
0.960000
0.960000
0.960000
0.960000
0.960000
0.960000
0.960000
0.960000
0.960000
0.960000
0.960000
0.960000
0.960000
0.960000
0.960000
0.960000
0.960000
0.960000
0.960000
0.960000
0.960000
0.960000
0.960000
0.960000
0.960000
0.960000
0.960000
0.960000
0.960000
0.960000
0.960000
0.960000
0.960000
0.960000
0.960000
0.960000
0.960000
0.960000
0.960000
0.960000
0.960000
0.960000
0.960000
0.960000
0.960000
0.960000
0.960000
0.960000
0.960000
0.960000
0.960000
0.960000
0.960000
0.960000
0.960000
0.960000
0.960000
0.960000
0.960000
0.960000
0.960000
0.960000
0.960000
0.960000
0.960000
0.960000
0.960000
0.960000
0.960000
0.960000
0.960000
0.960000
0.960000
0.960000
0.960000
0.960000
0.960000
0.960000
0.960000
0.960000
0.960000
0.960000
0.960000
0.960000
0.960000
0.960000
0.960000
0.960000
0.960000
0.960000
0.960000
0.960000
0.960000
0.960000
0.960000
0.960000
0.960000
0.960000
0.960000
0.960000
0.960000
0.960000
0.960000
0.960000
0.960000
0.960000
0.960000
0.960000
0.960000
0.960000
0.960000
0.960000
0.960000
0.960000
0.960000
0.960000
0.960000
0.960000
0.960000
0.960000
0.960000
0.960000
0.960000
0.960000
0.960000
0.960000
0.960000
0.960000
0.960000
0.960000
0.960000
0.960000
0.961937
0.962990
0.962990
0.962990
0.962990
0.962990
0.962990
0.962990
0.962990
0.962990
0.962990
0.962990
0.962990
0.962990
0.962990
0.962990
0.962990
0.962990
0.962990
0.962990
0.962990
0.962990
0.962990
0.962990
0.962990
0.962990
0.962990
0.962990
0.962990
0.962990
0.961095
0.960042
0.960042
0.960042
0.960042
0.960042
0.960042
0.960042
0.960042
0.960042
0.960042
0.960042
0.960042
0.960042
0.960042
0.960042
0.960042
0.960042
0.960042
0.960042
0.960084
0.960084
0.960084
0.960084
0.960084
0.960084
0.960084
0.960084
0.960084
0.960084
0.960042
0.960253
0.963158
0.965306
0.967664
0.970022
0.972381
0.974739
0.977139
0.979540
0.981898
0.983709
0.983709
0.983709
0.983709
0.983709
0.983709
0.983709
0.983709
0.984467
0.985898
0.986614
0.987709
0.988804
0.989941
0.991078
0.991963
0.991963
0.991963
0.991963
0.991963
0.991752
0.988846
0.986699
0.984593
0.982235
0.979877
0.977518
0.975118
0.972718
0.970570
0.968759
0.968759
0.968801
0.968801
0.968801
0.969096
0.969307
0.969307
0.969012
0.967833
0.967117
0.966022
0.964927
0.963790
0.962653
0.961769
0.962695
0.962695
0.962695
0.962695
0.962737
0.962737
0.962737
0.962485
0.962485
0.962485
0.962485
0.962485
0.962485
0.962274
0.962274
0.962274
0.962232
0.962232
0.962232
0.961937
0.961727
0.961727
0.961263
0.960969
0.960969
0.960969
0.960969
0.960969
0.960969
0.960969
0.960042
0.960042
0.960042
0.960042
0.960000
0.960000
0.960000
0.960000
0.960000
0.960000
0.960000
0.960000
0.960000
0.960000
0.960000
0.960000
0.960000
0.960337
0.962232
0.962232
0.962232
0.962653
0.962653
0.962653
0.962653
0.962653
0.962653
0.962653
0.962653
0.962653
0.962653
0.962653
0.962653
0.962653
0.962653
0.962653
0.962653
0.962653
0.962653
0.962653
0.962906
0.963032
0.963200
0.963200
0.963243
0.963243
0.963243
0.962906
0.961011
0.961011
0.961011
0.960590
0.960590
0.960590
0.960590
0.960590
0.960590
0.960590
0.960590
0.960590
0.960590
0.960590
0.960590
0.960590
0.960590
0.960590
0.960590
0.960590
0.960590
0.960590
0.960337
0.960211
0.960042
0.960042
0.960000
0.960000
0.960000
0.960000
0.960000
0.960253
0.960253
0.962232
0.963158
0.965222
0.967369
0.969601
0.971791
0.973981
0.976213
0.977729
0.977729
0.977771
0.977771
0.977771
0.977771
0.977771
0.977771
0.977771
0.977771
0.977771
0.977771
0.977771
0.978066
0.978066
0.978066
0.978066
0.978066
0.978066
0.978066
0.977813
0.977813
0.975834
0.974907
0.972844
0.970696
0.968464
0.966275
0.964085
0.961853
0.960337
0.960421
0.960716
0.960842
0.960842
0.960842
0.961179
0.961179
0.961179
0.961179
0.961179
0.961179
0.961179
0.960884
0.960884
0.960884
0.960884
0.960884
0.960884
0.960884
0.960884
0.960884
0.960884
0.960884
0.960884
0.960884
0.960884
0.960884
0.960884
0.960884
0.960884
0.960800
0.960463
0.960337
0.960337
0.960337
0.960000
0.960000
0.960000
0.960000
0.960000
0.960000
0.960000
0.960000
0.960000
0.960000
0.960000
0.960000
0.960000
0.960000
0.960000
0.960000
0.960000
0.960000
0.960000
0.960000
0.960000
0.960000
0.960000
0.960000
0.960000
0.960000
0.960000
0.960000
0.960000
0.960000
0.960000
0.960000
0.960000
0.960000
0.960000
0.960000
0.960000
0.960000
0.960000
0.960000
0.960000
0.960000
0.960000
0.960000
0.960000
0.960000
0.960000
0.960000
0.960000
0.960421
0.962232
0.962232
0.962232
0.962232
0.962232
0.962232
0.962232
0.962232
0.962232
0.962232
0.962232
0.962232
0.962232
0.962906
0.964464
0.964716
0.964716
0.964716
0.964716
0.964716
0.964716
0.964716
0.964716
0.964716
0.964716
0.964716
0.964716
0.964716
0.964716
0.964295
0.962485
0.962485
0.962485
0.962485
0.962485
0.963622
0.963622
0.963622
0.963622
0.963622
0.963622
0.963622
0.963622
0.962948
0.961390
0.961137
0.961137
0.961137
0.961137
0.961137
0.961137
0.961137
0.961137
0.961137
0.961137
0.961137
0.961137
0.961137
0.961137
0.961137
0.961137
0.961137
0.961137
0.961137
0.961137
0.960000
0.960000
0.960000
0.960000
0.960000
0.960000
0.960000
0.960000
0.960000
0.960000
0.960000
0.960000
0.960000
0.960000
0.960000
0.960000
0.960000
0.960000
0.960000
0.960000
0.960000
0.960000
0.960000
0.960000
0.960000
0.960000
0.960000
0.960000
0.960000
0.960000
0.960000
0.960000
0.960000
0.960000
0.960000
0.960000
0.960000
0.960000
0.960000
0.960000
0.960000
0.960000
0.960000
0.960000
0.960000
0.960000
0.960000
0.960000
0.960000
0.960000
0.960000
0.960000
0.960000
0.960000
0.960000
0.960000
0.960000
0.960000
0.960000
0.960000
0.960000
0.960000
0.960000
0.960000
0.960000
0.960000
0.960000
0.960000
0.960000
0.960000
0.960000
0.960000
0.960000
0.960000
0.960000
0.960000
0.960000
0.960000
0.960000
0.960000
0.960000
0.960000
0.960000
0.960000
0.960000
0.960000
0.960000
0.960000
0.960000
0.960000
0.960000
0.960000
0.960000
0.960000
0.960000
0.960000
0.960000
0.960000
0.960000
0.960000
0.960000
0.960000
0.960000
0.960000
0.960000
0.960000
0.960000
0.960000
0.960000
0.960000
0.960000
0.960000
0.960000
0.960000
0.960000
0.960000
0.960000
0.960000
0.960000
0.960000
0.960000
0.960000
0.960000
0.960000
0.960000
0.960000
0.960000
0.960000
0.960000
0.960000
0.960000
0.960000
0.960000
0.960000
0.960253
0.960295
0.960295
0.960295
0.960295
0.960295
0.960295
0.960295
0.960716
0.960716
0.960716
0.960716
0.960716
0.960716
0.960716
0.960716
0.960716
0.960716
0.960716
0.960716
0.960716
0.960716
0.960716
0.960716
0.960716
0.960716
0.960716
0.960716
0.960716
0.960716
0.960463
0.962442
0.962611
0.962695
0.963453
0.963453
0.963664
0.963664
0.963243
0.963243
0.963369
0.963537
0.963537
0.963537
0.963537
0.963537
0.963790
0.965011
0.965011
0.965559
0.967412
0.967412
0.967412
0.967791
0.967833
0.967875
0.967875
0.967875
0.967875
0.968001
0.968001
0.966064
0.965896
0.965811
0.965053
0.966190
0.966317
0.966317
0.966317
0.966317
0.966317
0.966148
0.966148
0.966148
0.966148
0.966148
0.965896
0.964674
0.964674
0.964127
0.962442
0.962442
0.962442
0.962063
0.962021
0.961979
0.961979
0.961979
0.961979
0.961853
0.962190
0.963537
0.964295
0.964295
0.964295
0.964001
0.965222
0.966780
0.968338
0.969475
0.969349
0.970444
0.971075
0.971075
0.971075
0.971075
0.971454
0.971454
0.971539
0.971539
0.971749
0.971791
0.971791
0.971791
0.972044
0.972044
0.972044
0.972044
0.972044
0.972044
0.971707
0.970275
0.969517
0.969517
0.969517
0.969096
0.967664
0.966401
0.964843
0.963706
0.963706
0.963200
0.962569
0.962569
0.962569
0.962569
0.962190
0.962190
0.962106
0.962106
0.961727
0.961684
0.961684
0.961684
0.961432
0.961432
0.961432
0.961432
0.961432
0.961432
0.961432
0.961432
0.961432
0.961432
0.961432
0.961011
0.961137
0.960842
0.960842
0.960842
0.961348
0.960800
0.960800
0.960842
0.960884
0.960884
0.960926
0.960926
0.960926
0.960926
0.960926
0.960926
0.960926
0.960926
0.960926
0.960926
0.960926
0.960926
0.960926
0.960926
0.960926
0.960926
0.960926
0.960926
0.960926
0.960926
0.960674
0.960674
0.960674
0.960674
0.960168
0.960126
0.960126
0.960084
0.960042
0.960042
0.960000
0.960000
0.960000
0.960000
0.960000
0.960000
0.960000
0.960000
0.960000
0.960000
0.960000
0.960000
0.960000
0.960000
0.960000
0.960000
0.960000
0.960000
0.960000
0.960000
0.960000
0.960000
0.960000
0.960000
0.960000
0.960000
0.960000
0.960000
0.960000
0.960000
0.960000
0.960000
0.960000
0.960000
0.960000
0.960000
0.960000
0.960000
0.960000
0.960000
0.960000
0.960000
0.960000
0.960000
0.960000
0.960000
0.960000
0.960000
0.960000
0.960000
0.960000
0.960000
0.960000
0.960000
0.960000
0.960000
0.960000
0.960000
0.960000
0.960000
0.960000
0.960000
0.960000
0.960000
0.960000
0.960000
0.960000
0.960000
0.960000
0.960000
0.960000
0.960000
0.960000
0.960000
0.960000
0.960000
0.960842
0.961179
0.961179
0.961179
0.962063
0.963537
0.963537
0.963537
0.963537
0.963537
0.963537
0.963537
0.963537
0.963537
0.963537
0.963537
0.963537
0.963537
0.963537
0.963537
0.963537
0.963537
0.963537
0.963537
0.963537
0.963537
0.963537
0.963537
0.963537
0.963537
0.962695
0.962358
0.962358
0.962358
0.961474
0.960000
0.960000
0.960000
0.960000
0.960000
0.960000
0.960000
0.960000
0.960000
0.960000
0.960000
0.960000
0.960000
0.960000
0.960000
0.960000
0.960000
0.960000
0.960000
0.960000
0.960000
0.960000
0.960000
0.960000
0.960000
0.960000
0.960000
0.960000
0.960000
0.960000
0.960000
0.960000
0.960000
0.960000
0.960000
0.960000
0.960000
0.960000
0.960000
0.960000
0.960000
0.960000
0.960000
0.960000
0.960000
0.960000
0.960000
0.960000
0.960000
0.960000
0.960000
0.960000
0.960000
0.960000
0.960000
0.960000
0.960000
0.960000
0.960000
0.960000
0.960000
0.960000
0.960000
0.960000
0.960000
0.960000
0.960000
0.960000
0.960000
0.960000
0.960000
0.960000
0.960337
0.962232
0.964169
0.966148
0.967664
0.967664
0.967664
0.967664
0.968338
0.970191
0.972170
0.974192
0.976171
0.978192
0.980171
0.982151
0.984130
0.986025
0.987541
0.988172
0.988215
0.988215
0.988215
0.988215
0.988215
0.988215
0.988215
0.988215
0.988215
0.988678
0.988888
0.987414
0.985941
0.986277
0.985688
0.986741
0.987330
0.987793
0.987583
0.986193
0.984677
0.983119
0.981561
0.980003
0.978487
0.976929
0.975413
0.973981
0.972886
0.972718
0.973139
0.973644
0.974107
0.974571
0.975076
0.975539
0.976044
0.976508
0.977013
0.977055
0.976971
0.977055
0.977055
0.975244
0.974781
0.974234
0.974107
0.974149
0.974192
0.974192
0.974192
0.974234
0.974276
0.974318
0.974318
0.974402
0.974402
0.974402
0.974486
0.974023
0.973560
0.973055
0.972633
0.973349
0.974655
0.976171
0.977687
0.979203
0.980677
0.982151
0.983667
0.985140
0.986614
0.988046
0.988215
0.987709
0.987330
0.988004
0.989436
0.990910
0.992426
0.993858
0.994742
0.994826
0.994447
0.993942
0.993479
0.993015
0.992510
0.992510
0.992510
0.992510
0.992468
0.991289
0.989857
0.988636
0.987330
0.986109
0.984846
0.983582
0.982277
0.981014
0.979287
0.977350
0.976718
0.976718
0.976634
0.975455
0.973518
0.971581
0.969601
0.967664
0.966317
0.965727
0.965643
0.965643
0.965643
0.965643
0.965643
0.965643
0.965643
0.965643
0.965643
0.965643
0.965264
0.964506
0.963790
0.963032
0.962316
0.961600
0.960926
0.960211
0.960000
0.960000
0.960000
0.960000
0.960000
0.960000
0.960000
0.960000
0.960000
0.960000
0.960000
0.960000
0.960000
0.960000
0.960000
0.960000
0.960000
0.960000
0.960000
0.960000
0.960000
0.960000
0.960000
0.960000
0.960000
0.960000
0.960000
0.960000
0.960000
0.960000
0.960000
0.960000
0.960000
0.960000
0.960042
0.960042
0.960042
0.960042
0.960042
0.960042
0.960042
0.960042
0.960042
0.960042
0.960042
0.960042
0.960042
0.960042
0.960042
0.960042
0.960042
0.960042
0.960042
0.960042
0.960042
0.960042
0.960042
0.960042
0.960042
0.960042
0.960042
0.960042
0.960042
0.960042
0.960000
0.960000
0.960000
0.960000
0.960000
0.960000
0.960000
0.960000
0.960000
0.960000
0.960000
0.960000
0.960000
0.960000
0.960000
0.960000
0.960000
0.960000
0.960000
0.960000
0.960000
0.960000
0.960000
0.960000
0.960000
0.960000
0.960000
0.960000
0.960000
0.960000
0.960000
0.960000
0.960000
0.960000
0.960000
0.960000
0.960000
0.960000
0.960000
0.960000
0.960000
0.960000
0.960000
0.960000
0.960000
0.960000
0.960000
0.960000
0.960000
0.960000
0.960000
0.960000
0.960000
0.960000
0.960000
0.960000
0.960000
0.960000
0.960000
0.960000
0.960000
0.960000
0.960000
0.960000
0.960000
0.960000
0.960000
0.960000
0.960000
0.960000
0.960000
0.960000
0.960000
0.960000
0.960000
0.960000
0.960000
0.960000
0.960000
0.960000
0.960000
0.960000
0.960000
0.960000
0.960000
0.960000
0.960000
0.960000
0.960000
0.960000
0.960000
0.960000
0.960000
0.960000
0.960000
0.960000
0.960000
0.960000
0.960000
0.960000
0.960000
0.960000
0.960000
0.960000
0.960000
0.960000
0.960000
0.960000
0.960000
0.960000
0.960000
0.960000
0.960000
0.960000
0.960000
0.960000
0.960000
0.960042
0.960042
0.960042
0.960042
0.960042
0.960042
0.960042
0.960042
0.960042
0.960042
0.960042
0.960042
0.960042
0.960042
0.960042
0.960042
0.960042
0.960042
0.960042
0.960042
0.960042
0.960042
0.960042
0.960042
0.960042
0.960042
0.960042
0.960042
0.960042
0.960042
0.960000
0.960000
0.960000
0.960000
0.960000
0.960000
0.960000
0.960000
0.960000
0.960000
0.960000
0.960000
0.960000
0.960000
0.960000
0.960000
0.960000
0.960000
0.960000
0.960000
0.960000
0.960000
0.960000
0.960000
0.960000
0.960000
0.960000
0.960000
0.960000
0.960000
0.960000
0.960000
0.961390
0.962190
0.962190
0.962190
0.962190
0.962190
0.962190
0.962190
0.962190
0.962190
0.962190
0.962190
0.962190
0.962190
0.962190
0.962190
0.962190
0.962190
0.962190
0.962190
0.962190
0.962190
0.962190
0.962190
0.962190
0.962190
0.962190
0.962190
0.962190
0.962190
0.960800
0.960000
0.960000
0.960000
0.960000
0.960000
0.960000
0.960000
0.960000
0.960000
0.960000
0.960000
0.960000
0.960000
0.960000
0.960000
0.960000
0.960000
0.960000
0.960000
0.960000
0.960000
0.960000
0.960000
0.960000
0.961137
0.962190
0.962190
0.962190
0.962190
0.962190
0.962190
0.962190
0.962190
0.962190
0.962190
0.962190
0.962190
0.962190
0.962190
0.962190
0.962190
0.962190
0.962190
0.962190
0.962190
0.962190
0.962190
0.962190
0.962190
0.962190
0.962190
0.962190
0.962190
0.962190
0.961053
0.960000
0.960000
0.960000
0.960000
0.960000
0.960042
0.960042
0.960042
0.960042
0.960042
0.960042
0.960042
0.960042
0.960800
0.962316
0.962316
0.962316
0.962400
0.962400
0.962400
0.962400
0.963874
0.965980
0.974107
0.982108
0.990278
0.998490
1.006701
1.014913
1.023167
1.031379
1.039633
1.047886
1.056098
1.064352
1.072564
1.080817
1.089113
1.097367
1.105663
1.113917
1.122171
1.130467
1.137962
1.144700
1.152954
1.161208
1.169378
1.177547
1.185717
1.194055
1.200877
1.207109
1.207278
1.207615
1.207783
1.207867
1.207952
1.208078
1.208120
1.208246
1.208288
1.208331
1.208457
1.208541
1.208625
1.208752
1.208794
1.208878
1.208920
1.209004
1.209089
1.209131
1.209257
1.209299
1.209173
1.209131
1.209089
1.209046
1.206604
1.198266
1.191107
1.183485
1.175736
1.167398
1.159060
1.150764
1.142468
1.134130
1.125834
1.117538
1.110422
1.103136
1.094798
1.086460
1.078122
1.069742
1.061404
1.053066
1.044728
1.036390
1.028052
1.019714
1.011334
1.003038
0.994910
0.986699
0.978487
0.970359
0.964632
0.964632
0.963495
0.962779
0.962232
0.962232
0.962232
0.962232
0.962232
0.963622
0.963748
0.963706
0.962527
0.961516
0.961516
0.961516
0.961516
0.961516
0.962316
0.962864
0.963116
0.963116
0.963116
0.963116
0.963116
0.964464
0.965348
0.965348
0.965348
0.965348
0.965348
0.965348
0.965348
0.965348
0.965348
0.965348
0.965348
0.965643
0.966232
0.964843
0.964843
0.966864
0.968970
0.971117
0.973349
0.975455
0.975497
0.975497
0.974697
0.974149
0.973897
0.973897
0.974023
0.974571
0.974571
0.973223
0.972339
0.972339
0.972339
0.972339
0.972339
0.972339
0.972339
0.972339
0.972423
0.972465
0.972507
0.972212
0.971665
0.971665
0.971539
0.969517
0.967412
0.965264
0.963032
0.960926
0.960884
0.960884
0.960884
0.960884
0.960884
0.960884
0.960758
0.960211
0.960211
0.960211
0.960211
0.960211
0.960211
0.960211
0.960211
0.960211
0.960211
0.960211
0.960126
0.960084
0.960042
0.960042
0.960000
0.960000
0.960000
0.960000
0.960000
0.960000
0.960000
0.960000
0.960000
0.960000
0.960000
0.960000
0.960000
0.960000
0.960000
0.960000
0.960000
0.960000
0.960000
0.960000
0.960000
0.960000
0.960000
0.960000
0.960000
0.960000
0.960000
0.960000
0.960000
0.960000
0.960000
0.960000
0.960000
0.960000
0.960000
0.960000
0.960000
0.960000
0.960000
0.960000
0.960000
0.960000
0.960000
0.960000
0.960000
0.960000
0.960000
0.960000
0.960000
0.960000
0.960000
0.960000
0.960000
0.960000
0.960000
0.960000
0.960000
0.960000
0.960000
0.960000
0.961642
0.962148
0.962148
0.962148
0.962148
0.962148
0.962148
0.962148
0.962148
0.962148
0.962148
0.962148
0.962148
0.962148
0.962148
0.962148
0.962148
0.962148
0.962148
0.962148
0.962148
0.962148
0.962148
0.962148
0.962148
0.962148
0.962148
0.962148
0.962148
0.962148
0.960505
0.960000
0.960000
0.960000
0.960000
0.960000
0.960000
0.960000
0.960000
0.960000
0.960000
0.960000
0.960000
0.960000
0.960000
0.960000
0.960000
0.960000
0.960000
0.960000
0.960000
0.960000
0.960000
0.960000
0.960000
0.960000
0.960000
0.960000
0.960000
0.960000
0.960000
0.960000
0.960000
0.960000
0.960000
0.960000
0.960000
0.960000
0.960000
0.960000
0.960000
0.960000
0.960000
0.960000
0.960000
0.960000
0.960000
0.960000
0.960000
0.960000
0.960000
0.960000
0.960000
0.960000
0.960547
0.962611
0.964843
0.967159
0.969475
0.971833
0.974149
0.976508
0.978824
0.981140
0.983498
0.985688
0.985688
0.985688
0.985688
0.985688
0.985688
0.985688
0.985688
0.985688
0.985688
0.985688
0.985688
0.985772
0.985772
0.985772
0.985772
0.985772
0.985772
0.985772
0.985225
0.983161
0.980929
0.978740
0.976423
0.974065
0.971749
0.969391
0.967075
0.964759
0.962400
0.960211
0.960211
0.960211
0.960211
0.960211
0.960211
0.960211
0.960211
0.960211
0.960211
0.960211
0.960211
0.960126
0.960126
0.960126
0.960126
0.960126
0.960126
0.960126
0.960126
0.960126
0.960126
0.960000
0.960000
0.960000
0.960000
0.960000
0.960000
0.960000
0.960000
0.960000
0.960000
0.960000
0.960000
0.960000
0.960000
0.960000
0.960000
0.960000
0.960000
0.960000
0.960000
0.960000
0.960000
0.960000
0.960000
0.960000
0.960000
0.960000
0.960000
0.960000
0.960000
0.960042
0.960042
0.960042
0.960042
0.960042
0.960042
0.960084
0.960084
0.960084
0.960084
0.960084
0.960084
0.960084
0.960084
0.960084
0.960084
0.960084
0.960084
0.960084
0.960084
0.960084
0.960084
0.960084
0.960084
0.960084
0.960084
0.960084
0.960084
0.960084
0.960084
0.960042
0.960042
0.960042
0.960042
0.960042
0.960042
0.960000
0.960000
0.960000
0.960000
0.960000
0.960000
0.960000
0.960000
0.960000
0.960000
0.960000
0.960000
0.960000
0.960000
0.960000
0.960000
0.960000
0.960000
0.960000
0.960000
0.960000
0.960000
0.960000
0.960000
0.960000
0.960000
0.960000
0.960000
0.960000
0.960000
0.960000
0.960000
0.960000
0.960000
0.960000
0.960000
0.960000
0.960000
0.960000
0.960000
0.960000
0.960000
0.960000
0.960000
0.960000
0.960000
0.960000
0.960000
0.960000
0.960000
0.960000
0.960000
0.960000
0.960000
0.960000
0.960000
0.960000
0.960000
0.960000
0.960000
0.960000
0.960000
0.960000
0.960000
0.960000
0.960000
0.960000
0.960000
0.960000
0.960000
0.960000
0.960000
0.960000
0.960000
0.961811
0.962148
0.962148
0.962148
0.962400
0.962400
0.962400
0.962400
0.962442
0.962442
0.962442
0.962442
0.962442
0.962442
0.962442
0.962779
0.962990
0.962990
0.962990
0.962990
0.962990
0.962990
0.963411
0.965180
0.965180
0.967285
0.967369
0.967369
0.967369
0.967369
0.965559
0.965222
0.965222
0.965222
0.964969
0.964969
0.964969
0.964969
0.964969
0.965601
0.965601
0.965601
0.965601
0.965601
0.965601
0.965264
0.965053
0.965053
0.965053
0.965053
0.965053
0.965053
0.964632
0.962864
0.962864
0.960758
0.960674
0.960674
0.960674
0.960674
0.960674
0.960674
0.960674
0.960674
0.960674
0.960674
0.960674
0.960674
0.960632
0.960000
0.960000
0.960000
0.960000
0.960000
0.960000
0.960000
0.960000
0.960000
0.960000
0.960000
0.960253
0.960253
0.960253
0.960253
0.960253
0.960253
0.960253
0.960253
0.960253
0.960253
0.960253
0.960253
0.960253
0.960253
0.960253
0.960253
0.960253
0.960253
0.960253
0.960253
0.960253
0.960253
0.960253
0.960253
0.960253
0.960253
0.960253
0.960253
0.960253
0.960253
0.960000
0.960000
0.960000
0.960000
0.960000
0.960000
0.960000
0.960000
0.960000
0.960000
0.960000
0.960000
0.960211
0.960211
0.960253
0.960253
0.960253
0.960253
0.960253
0.960253
0.960253
0.960253
0.960674
0.960758
0.960758
0.960758
0.960758
0.960758
0.962316
0.963369
0.963369
0.965011
0.966317
0.967159
0.967159
0.967159
0.967159
0.967159
0.967159
0.967201
0.967201
0.967412
0.967622
0.967875
0.967833
0.967833
0.967833
0.968127
0.968591
0.968675
0.968675
0.968675
0.968254
0.968170
0.968170
0.968759
0.971370
0.972086
0.970528
0.969475
0.969475
0.967833
0.966527
0.965685
0.965685
0.965685
0.965685
0.967706
0.969349
0.969896
0.969896
0.969686
0.969264
0.969012
0.969012
0.969012
0.969012
0.968717
0.968254
0.968170
0.968170
0.968170
0.968170
0.968170
0.968170
0.967580
0.964969
0.964253
0.964253
0.964253
0.964253
0.964253
0.964253
0.964253
0.964253
0.964253
0.964253
0.962232
0.960590
0.960000
0.960000
0.960295
0.960716
0.960800
0.960800
0.960800
0.960800
0.960800
0.960800
0.960800
0.960800
0.960800
0.960800
0.960800
0.960800
0.960800
0.960800
0.960800
0.960800
0.960800
0.960800
0.960800
0.960800
0.960800
0.960800
0.960800
0.960800
0.960800
0.960800
0.960800
0.960800
0.960505
0.960084
0.960000
0.960000
0.960000
0.960000
0.960000
0.960000
0.960000
0.960000
0.960000
0.960000
0.960000
0.960000
0.960000
0.960000
0.960000
0.960000
0.960000
0.960000
0.960000
0.960000
0.960000
0.960000
0.960000
0.960000
0.960000
0.960000
0.960000
0.960000
0.960000
0.960000
0.960000
0.960000
0.960000
0.960000
0.960000
0.960000
0.960000
0.960000
0.960000
0.960000
0.960000
0.960000
0.960000
0.960000
0.960000
0.960000
0.960000
0.960000
0.960000
0.960000
0.960000
0.960000
0.960000
0.960000
0.960000
0.960000
0.960000
0.960000
0.960000
0.960842
0.962190
0.962190
0.962527
0.962527
0.962527
0.962527
0.962527
0.962527
0.962527
0.962527
0.962527
0.962527
0.962527
0.962527
0.962527
0.962527
0.962527
0.962527
0.962527
0.962527
0.962527
0.962527
0.962527
0.962527
0.962527
0.962527
0.962527
0.962527
0.962527
0.961684
0.960337
0.960337
0.960000
0.960000
0.960000
0.960000
0.960000
0.960000
0.960000
0.960000
0.960000
0.960000
0.960000
0.960000
0.960000
0.960000
0.960000
0.960000
0.960000
0.960000
0.960000
0.960000
0.960000
0.960000
0.960000
0.960000
0.960000
0.960000
0.960000
0.960000
0.960000
0.960000
0.960000
0.960000
0.960000
0.960000
0.960000
0.960000
0.960000
0.960000
0.960000
0.960000
0.960000
0.960000
0.960000
0.960000
0.960000
0.960000
0.960000
0.960000
0.960000
0.960000
0.960000
0.960000
0.960000
0.960000
0.960000
0.960000
0.960000
0.960000
0.960000
0.960000
0.960000
0.960000
0.960000
0.961600
0.962106
0.962906
0.963453
0.963537
0.963537
0.963537
0.963537
0.963537
0.963537
0.963537
0.963537
0.963537
0.963537
0.963537
0.963537
0.963537
0.963537
0.963537
0.963537
0.963537
0.963537
0.963537
0.963537
0.963537
0.963537
0.963537
0.963537
0.963537
0.963537
0.961937
0.961432
0.960632
0.960084
0.960000
0.960000
0.960000
0.960000
0.960000
0.960000
0.960000
0.960000
0.960000
0.960000
0.960000
0.960000
0.960000
0.960000
0.960000
0.960000
0.960000
0.960000
0.960000
0.960000
0.960000
0.960000
0.960000
0.960000
0.960000
0.960000
0.960000
0.960000
0.960000
0.960000
0.960000
0.960000
0.960000
0.960000
0.960000
0.960000
0.960000
0.960000
0.960000
0.960000
0.960000
0.960000
0.960000
0.960000
0.960000
0.960000
0.960000
0.960000
0.960000
0.960000
0.960000
0.960000
0.960000
0.960000
0.960000
0.960000
0.960000
0.960000
0.960000
0.960000
0.960000
0.960000
0.961095
0.962148
0.962148
0.962148
0.962148
0.962148
0.962148
0.962148
0.962148
0.962148
0.962148
0.962148
0.962148
0.962148
0.962148
0.962148
0.962148
0.962148
0.962148
0.962148
0.962148
0.962148
0.962148
0.962148
0.962148
0.962148
0.962148
0.962148
0.962148
0.962148
0.961053
0.960000
0.960000
0.960000
0.960000
0.960000
0.960000
0.960000
0.960000
0.960000
0.960000
0.960000
0.960000
0.960000
0.960000
0.960000
0.960000
0.960000
0.960000
0.960000
0.960000
0.960000
0.960000
0.960000
0.960000
0.960000
0.960000
0.960000
0.960000
0.960000
0.960000
0.960000
0.960000
0.960000
0.960000
0.960000
0.960000
0.960000
0.960000
0.960000
0.960000
0.960000
0.960000
0.960000
0.960000
0.960000
0.960000
0.960000
0.960000
0.960000
0.960000
0.960000
0.960000
0.960000
0.960000
0.960000
0.960000
0.960000
0.960000
0.960000
0.960000
0.960000
0.960000
0.960000
0.960000
0.960000
0.960000
0.960000
0.960000
0.960000
0.960000
0.960000
0.960000
0.960000
0.960000
0.960000
0.960000
0.960000
0.960000
0.960000
0.960000
0.960000
0.960000
0.960000
0.960000
0.960000
0.960000
0.960000
0.960000
0.960000
0.960000
0.960000
0.960000
0.960000
0.960000
0.960000
0.960000
0.960000
0.960000
0.960000
0.960000
0.960000
0.960000
0.960000
0.960000
0.960000
0.960000
0.960000
0.960000
0.960000
0.960000
0.960000
0.960000
0.960000
0.960000
0.960000
0.960000
0.960000
0.960000
0.960000
0.960000
0.960000
0.960000
0.960000
0.960000
0.960000
0.960000
0.960000
0.960000
0.960000
0.960000
0.960000
0.960000
0.960000
0.960000
0.960000
0.960000
0.960000
0.960000
0.960000
0.960000
0.960000
0.960000
0.960000
0.960000
0.960000
0.960000
0.960000
0.960000
0.960000
0.960000
0.960000
0.960000
0.960000
0.960000
0.960000
0.960000
0.960000
0.960000
0.960000
0.960000
0.960000
0.960000
0.960000
0.960000
0.960000
0.960000
0.960000
0.960000
0.960000
0.960000
0.960000
0.977392
0.997816
1.018282
1.038706
1.059172
1.079596
1.100020
1.120486
1.140910
1.161334
1.181758
1.202182
1.222606
1.243030
1.263454
1.283878
1.304218
1.324642
1.345066
1.365490
1.385956
1.406338
1.426762
1.447186
1.467610
1.488034
1.508458
1.533051
1.557265
1.581437
1.588175
1.591923
1.595544
1.599250
1.602956
1.606662
1.610410
1.614115
1.617779
1.621485
1.625191
1.628939
1.632686
1.636392
1.640098
1.643846
1.647636
1.651342
1.655090
1.658795
1.662459
1.665954
1.669660
1.679093
1.681030
1.682967
1.684904
1.682630
1.680778
1.678967
1.677156
1.675303
1.673577
1.671766
1.669913
1.668102
1.666291
1.664438
1.662712
1.660901
1.659132
1.657279
1.655469
1.653700
1.651931
1.650078
1.648310
1.646541
1.644688
1.642919
1.641151
1.639593
1.637782
1.633402
1.636645
1.639930
1.643088
1.646373
1.649573
1.652816
1.656016
1.659259
1.662459
1.665744
1.668986
1.672229
1.676735
1.680525
1.683725
1.687010
1.690210
1.693495
1.696780
1.700022
1.703223
1.706465
1.710045
1.713498
1.716951
1.720362
1.723857
1.729079
1.732490
1.732701
1.732743
1.732785
1.732953
1.732869
1.733080
1.733248
1.733375
1.733459
1.733627
1.733796
1.733922
1.734091
1.732996
1.732574
1.730974
1.728153
1.725373
1.722552
1.719688
1.716867
1.714046
1.711266
1.707981
1.704907
1.701875
1.698801
1.695685
1.690842
1.689537
1.686968
1.684062
1.681114
1.678756
1.676061
1.670671
1.663428
1.656479
1.649363
1.642161
1.634918
1.627844
1.620643
1.613442
1.606283
1.605735
1.606535
1.607335
1.608178
1.609020
1.609862
1.610789
1.611631
1.612599
1.613526
1.614410
1.615421
1.616347
1.617316
1.616558
1.613989
1.610746
1.607462
1.603587
1.600219
1.599292
1.600261
1.601019
1.601945
1.602872
1.603798
1.604514
1.605398
1.606283
1.607209
1.603251
1.599082
1.594997
1.590828
1.586701
1.582574
1.581100
1.579416
1.577689
1.575962
1.574320
1.572509
1.570825
1.569098
1.567414
1.568804
1.571246
1.573773
1.576257
1.578784
1.581311
1.583837
1.586322
1.588849
1.591375
1.593860
1.596471
1.599082
1.601608
1.604093
1.606662
1.609230
1.612726
1.615968
1.619169
1.622369
1.622874
1.623632
1.624433
1.625233
1.625991
1.626875
1.627675
1.628475
1.629233
1.630033
1.630834
1.631549
1.632392
1.633150
1.633908
1.634624
1.635424
1.636182
1.636940
1.637740
1.638498
1.639214
1.639972
1.640772
1.641446
1.642246
1.627212
1.606746
1.586196
1.565729
1.545263
1.524839
1.504331
1.483865
1.463315
1.442764
1.422256
1.401748
1.381240
1.360731
1.339802
1.317104
1.294322
1.271582
1.248842
1.226102
1.203361
1.180621
1.157881
1.135773
1.114043
1.092272
1.070458
1.048644
1.026031
1.003417
0.995458
0.993226
0.991204
0.988973
0.986741
0.984467
0.982277
0.980003
0.977813
0.975581
0.973307
0.971075
0.968885
0.966654
0.964843
0.964843
0.964843
0.964843
0.964843
0.964843
0.964843
0.964843
0.964843
0.964211
0.963243
0.962274
0.961432
0.960505
0.960421
0.960253
0.960253
0.960295
0.960168
0.960168
0.960168
0.960421
0.962274
0.962611
0.962611
0.962611
0.962611
0.962611
0.962569
0.962569
0.962569
0.962569
0.962569
0.962569
0.962569
0.962569
0.962569
0.962569
0.962569
0.962569
0.962569
0.962569
0.962485
0.962485
0.962485
0.962485
0.962485
0.962442
0.962442
0.962442
0.962442
0.962190
0.960337
0.960000
0.960000
0.960000
0.960000
0.960000
0.960000
0.960000
0.960000
0.960000
0.960000
0.960000
0.960000
0.960000
0.960000
0.960000
0.960000
0.960000
0.960000
0.960000
0.960000
0.960000
0.960000
0.960000
0.960000
0.960000
0.960000
0.960000
0.960000
0.960000
0.960000
0.960000
0.960000
0.960000
0.960000
0.960000
0.960000
0.960000
0.960000
0.960000
0.960000
0.960000
0.960000
0.960000
0.960000
0.960000
0.960000
0.960000
0.960000
0.960000
0.960000
0.960000
0.960000
0.960000
0.960000
0.960000
0.960000
0.960000
0.960000
0.960000
0.960000
0.960000
0.960000
0.960000
0.960000
0.960000
0.960000
0.960000
0.960000
0.960000
0.960000
0.960000
0.960000
0.960000
0.960000
0.960000
0.960000
0.960000
0.960000
0.960000
0.960000
0.960000
0.960000
0.960000
0.960000
0.960000
0.960000
0.960000
0.960000
0.960000
0.960000
0.960000
0.960000
0.960000
0.960000
0.960000
0.960000
0.960000
0.960000
0.960000
0.960000
0.960000
0.960000
0.960000
0.960000
0.960000
0.960000
0.960000
0.960000
0.960000
0.960000
0.960000
0.960000
0.960000
0.960000
0.960000
0.960000
0.960000
0.960000
0.960000
0.960000
0.960000
0.960000
0.960000
0.960000
0.960000
0.960000
0.960000
0.960000
0.960000
0.960000
0.960000
0.960000
0.960000
0.960000
0.960000
0.960000
0.960000
0.960000
0.960000
0.960000
0.960000
0.960000
0.960000
0.960000
0.960000
0.960000
0.960000
0.960000
0.960000
0.960000
0.960000
0.960000
0.960000
0.960000
0.960000
0.960000
0.960000
0.960000
0.960000
0.960000
0.960000
0.960000
0.960000
0.960000
0.960000
0.960000
0.960000
0.960000
0.960000
0.960000
0.960000
0.960000
0.960000
0.960000
0.960000
0.960000
0.960000
0.960000
0.960000
0.960000
0.960000
0.960000
0.960000
0.960000
0.960000
0.960000
0.960000
0.960000
0.960000
0.960000
0.960000
0.960000
0.960000
0.960000
0.960000
0.960000
0.960000
0.960000
0.960000
0.960000
0.960000
0.960000
0.960000
0.960000
0.960000
0.960000
0.960000
0.960000
0.960000
0.960000
0.960000
0.960000
0.960000
0.960000
0.960000
0.960000
0.960000
0.960000
0.960000
0.960000
0.960000
0.960000
0.960000
0.960000
0.960000
0.960000
0.960000
0.960000
0.960000
0.960000
0.960000
0.960000
0.960000
0.960000
0.960000
0.960000
0.960000
0.960000
0.960000
0.960000
0.960000
0.960000
0.960000
0.960000
0.960000
0.960000
0.960000
0.960000
0.960000
0.960000
0.960000
0.960000
0.960000
0.960000
0.960000
0.960000
0.960000
0.960000
0.960000
0.960000
0.960000
0.960000
0.960000
0.960000
0.960000
0.960000
0.960000
0.960000
0.960000
0.960000
0.960000
0.960000
0.960000
0.960000
0.960000
0.960000
0.960000
0.960000
0.960000
0.960000
0.960000
0.960000
0.960000
0.960000
0.960000
0.960000
0.960000
0.960000
0.960000
0.960000
0.960000
0.960000
0.960000
0.960000
0.960000
0.960000
0.960000
0.960000
0.960000
0.960000
0.960000
0.960000
0.960000
0.960000
0.960000
0.960000
0.960000
0.960000
0.960000
0.960000
0.960000
0.960000
0.960000
0.960000
0.960000
0.960000
0.960000
0.960000
0.960000
0.960000
0.960000
0.960000
0.960000
0.960000
0.960000
0.960000
0.960000
0.960000
0.960000
0.960000
0.960000
0.960000
0.960000
0.960000
0.960000
0.960000
0.960000
0.960000
0.960000
0.960000
0.960000
0.960000
0.960000
0.960000
0.960000
0.960000
0.960000
0.960000
0.960000
0.960000
0.960000
0.960000
0.960000
0.960000
0.960000
0.960000
0.960000
0.960000
0.960000
0.960000
0.960000
0.960000
0.960000
0.960000
0.960000
0.960000
0.960000
0.960000
0.960000
0.960000
0.960000
0.960000
0.960000
0.960000
0.960000
0.960000
0.960000
0.960000
0.960000
0.960000
0.960000
0.960000
0.960000
0.960000
0.960295
0.960295
0.960295
0.960295
0.960295
0.960295
0.960295
0.960295
0.960295
0.960295
0.960295
0.960295
0.960295
0.960295
0.960295
0.960295
0.960295
0.960295
0.960295
0.960295
0.960295
0.960295
0.960295
0.960295
0.960295
0.960295
0.960295
0.960295
0.960295
0.960295
0.960000
0.960000
0.960000
0.960000
0.960000
0.960000
0.960000
0.960000
0.960000
0.960000
0.960000
0.960000
0.960000
0.960000
0.960000
0.960000
0.960000
0.960000
0.960000
0.960000
0.960000
0.960000
0.960000
0.960000
0.960000
0.960000
0.960000
0.960000
0.960000
0.960000
0.961011
0.961011
0.961011
0.961348
0.961390
0.961390
0.961390
0.961390
0.961390
0.961390
0.961390
0.961390
0.961390
0.961390
0.961390
0.961390
0.961390
0.961390
0.961432
0.961432
0.961432
0.961432
0.961432
0.961432
0.961432
0.961432
0.961432
0.961432
0.961432
0.961937
0.960926
0.960926
0.960926
0.960590
0.960547
0.960547
0.960547
0.960547
0.960547
0.960547
0.960547
0.960547
0.960547
0.960547
0.960547
0.960547
0.960547
0.960590
0.961600
0.961600
0.961600
0.961600
0.961600
0.961600
0.961600
0.961937
0.961937
0.961937
0.961937
0.961432
0.961684
0.962106
0.962569
0.962569
0.962569
0.962569
0.962569
0.962569
0.962569
0.962569
0.962569
0.962569
0.962569
0.962569
0.962653
0.962653
0.962653
0.962611
0.961558
0.961558
0.961558
0.961684
0.961684
0.961684
0.961684
0.961348
0.961348
0.961769
0.966401
0.967917
0.968506
0.968170
0.967706
0.967706
0.967706
0.967706
0.967706
0.967706
0.967706
0.967706
0.967706
0.967706
0.967706
0.967706
0.967622
0.967622
0.967622
0.967622
0.969643
0.972212
0.972928
0.972802
0.972802
0.972802
0.972802
0.972802
0.972802
0.972381
0.967748
0.968464
0.969475
0.970907
0.970907
0.970907
0.970907
0.970907
0.970907
0.970907
0.970907
0.970907
0.970907
0.971202
0.972591
0.973391
0.973391
0.973391
0.973391
0.973391
0.971370
0.968801
0.968085
0.968085
0.968085
0.968085
0.968085
0.968085
0.968085
0.968085
0.968085
0.965853
0.964001
0.962485
0.962485
0.962485
0.962485
0.962485
0.962485
0.962485
0.962485
0.962485
0.962485
0.962190
0.960800
0.960000
0.960000
0.960000
0.960000
0.960000
0.960000
0.960000
0.960000
0.960000
0.960000
0.960000
0.960000
0.960000
0.960000
0.960000
0.960000
0.960000
0.960000
0.960000
0.960000
0.960000
0.960000
0.960000
0.960000
0.960000
0.960000
0.960000
0.960000
0.960000
0.960000
0.960000
0.960000
0.960000
0.960000
0.960000
0.960000
0.960000
0.960000
0.960000
0.960000
0.960000
0.960000
0.960000
0.960000
0.960000
0.960000
0.960000
0.960000
0.960000
0.960000
0.960000
0.960000
0.960000
0.960000
0.960000
0.960000
0.960000
0.960000
0.960000
0.960000
0.960000
0.960000
0.960000
0.960000
0.960000
0.960000
0.960000
0.960000
0.960084
0.960674
0.960674
0.960674
0.960674
0.960674
0.960674
0.960674
0.960674
0.960674
0.960674
0.960674
0.960674
0.960674
0.960674
0.960674
0.960674
0.960674
0.960674
0.960674
0.960674
0.960674
0.960674
0.960674
0.960674
0.960674
0.960674
0.960674
0.960674
0.960674
0.960590
0.960000
0.960000
0.960000
0.960000
0.960000
0.960000
0.960000
0.960000
0.960000
0.960000
0.960000
0.960000
0.960000
0.960000
0.960000
0.960000
0.960000
0.960000
0.960000
0.960000
0.960000
0.960000
0.960000
0.960000
0.960000
0.960000
0.960000
0.960000
0.960000
0.960000
0.960000
0.960000
0.960000
0.960000
0.960000
0.960000
0.960000
0.960000
0.960000
0.960000
0.960674
0.962190
0.962190
0.962190
0.962190
0.962190
0.962190
0.962190
0.962190
0.962190
0.962190
0.962190
0.962190
0.962190
0.962190
0.962190
0.962190
0.962190
0.962190
0.962190
0.962190
0.962190
0.962190
0.962190
0.962190
0.962190
0.962190
0.962190
0.962190
0.962190
0.961979
0.960463
0.961937
0.962611
0.962611
0.962611
0.962611
0.962611
0.962611
0.962611
0.962611
0.962611
0.962611
0.962611
0.962611
0.962611
0.962611
0.962611
0.962611
0.962611
0.962611
0.962611
0.962611
0.962611
0.962611
0.962611
0.962611
0.962611
0.962611
0.962611
0.962148
0.962148
0.960674
0.960000
0.960000
0.960000
0.960000
0.960000
0.960000
0.960000
0.960000
0.960000
0.960000
0.960000
0.960000
0.960000
0.960000
0.960000
0.960000
0.960000
0.960000
0.960000
0.960000
0.960000
0.960000
0.960000
0.960000
0.960000
0.960000
0.960000
0.960000
0.960000
0.960000
0.960000
0.960000
0.960000
0.960000
0.960000
0.960000
0.960000
0.960000
0.960000
0.960000
0.960000
0.960000
0.960000
0.960000
0.960000
0.960000
0.960000
0.960000
0.960000
0.960000
0.960000
0.960000
0.960000
0.960000
0.960000
0.960000
0.960000
0.960000
0.960000
0.960000
0.960000
0.960000
0.960000
0.960000
0.960000
0.960000
0.960000
0.960000
0.960000
0.960000
0.960000
0.960000
0.960000
0.960000
0.960000
0.960000
0.960000
0.960000
0.960000
0.960000
0.960000
0.960000
0.960000
0.960000
0.960000
0.960000
0.960000
0.960000
0.960000
0.960000
0.960000
0.960000
0.960000
0.960000
0.960000
0.960000
0.960000
0.960000
0.960000
0.960000
0.960000
0.960000
0.960000
0.960000
0.960000
0.960000
0.960000
0.960000
0.960000
0.960000
0.960000
0.960000
0.960000
0.960000
0.960000
0.960000
0.960000
0.960000
0.960000
0.960000
0.960000
0.960000
0.960000
0.960000
0.960000
0.960000
0.960000
0.960000
0.960000
0.960000
0.960000
0.960000
0.960000
0.960000
0.960000
0.960000
0.960000
0.960000
0.960000
0.960000
0.960000
0.960000
0.960000
0.960000
0.960000
0.960000
0.960000
0.960000
0.960000
0.960000
0.960000
0.960000
0.960000
0.960000
0.960000
0.960000
0.960000
0.960000
0.960000
0.960000
0.960000
0.960000
0.960000
0.960000
0.960000
0.960000
0.960000
0.960000
0.960000
0.960000
0.960000
0.960000
0.960000
0.960000
0.960000
0.960000
0.960000
0.960000
0.960000
0.960000
0.960000
0.960000
0.960000
0.960000
0.960000
0.960000
0.960000
0.960000
0.960000
0.960000
0.960000
0.960000
0.960000
0.960000
0.960000
0.960000
0.960000
0.960000
0.960000
0.960000
0.960000
0.960000
0.960000
0.960000
0.960000
0.960000
0.960000
0.960000
0.960000
0.960000
0.960000
0.960000
0.960000
0.960000
0.960000
0.960000
0.960000
0.960000
0.960000
0.960000
0.960000
0.960000
0.960000
0.960000
0.960000
0.960000
0.960000
0.960000
0.960000
0.960000
0.960000
0.960000
0.960000
0.960000
0.960000
0.960000
0.960000
0.960000
0.960000
0.960000
0.960000
0.960000
0.960000
0.960000
0.960000
0.960000
0.960000
0.960000
0.960000
0.960126
0.962106
0.962106
0.962106
0.962106
0.962106
0.962106
0.962106
0.962106
0.962106
0.962106
0.962106
0.962106
0.962106
0.962106
0.962106
0.962106
0.962106
0.962106
0.962106
0.962106
0.962106
0.962106
0.962106
0.962106
0.962106
0.962106
0.962106
0.962106
0.962106
0.961979
0.960000
0.960000
0.960000
0.960000
0.960000
0.960000
0.960000
0.960000
0.960000
0.960000
0.960000
0.960000
0.960000
0.960000
0.960000
0.960000
0.960000
0.960000
0.960000
0.960000
0.960000
0.960000
0.960000
0.960000
0.960000
0.960000
0.960000
0.960000
0.960000
0.960000
0.960000
0.960000
0.960000
0.960000
0.960000
0.960000
0.960000
0.960000
0.960000
0.960000
0.960000
0.960000
0.960000
0.960000
0.960000
0.960000
0.960000
0.960000
0.960000
0.960000
0.960000
0.960000
0.960000
0.960000
0.960000
0.960000
0.960000
0.960000
0.960000
0.960000
0.960000
0.960000
0.960000
0.960000
0.960000
0.960000
0.960000
0.960000
0.960000
0.960000
0.960000
0.960000
0.960000
0.960000
0.960000
0.960000
0.960000
0.960000
0.960000
0.960000
0.960000
0.960000
0.960000
0.960000
0.960000
0.960000
0.960000
0.960000
0.960000
0.960000
0.960000
0.960000
0.960000
0.960000
0.960000
0.960000
0.960000
0.960000
0.960000
0.960000
0.960000
0.960000
0.960000
0.960000
0.960000
0.960000
0.960000
0.960000
0.960000
0.960000
0.960000
0.960000
0.960000
0.960000
0.960000
0.960000
0.960000
0.960000
0.960000
0.960000
0.960042
0.961432
0.961432
0.961432
0.961432
0.961432
0.961432
0.961432
0.961432
0.961432
0.961432
0.961432
0.961432
0.961432
0.961432
0.961432
0.961432
0.961432
0.961432
0.961432
0.961432
0.961432
0.961432
0.961432
0.961432
0.961432
0.961432
0.961432
0.961432
0.962148
0.963622
0.962611
0.962653
0.962653
0.962653
0.962653
0.962653
0.962906
0.962906
0.962906
0.962906
0.963158
0.963285
0.963453
0.963453
0.963453
0.963453
0.963453
0.963453
0.963453
0.963453
0.963453
0.963453
0.963453
0.963453
0.963453
0.963453
0.963453
0.963453
0.962737
0.961221
0.960842
0.960800
0.960800
0.960800
0.960800
0.960800
0.960547
0.960547
0.960547
0.960547
0.960295
0.960168
0.960000
0.960000
0.960000
0.960000
0.960000
0.960000
0.960000
0.960000
0.960000
0.960000
0.960000
0.960000
0.960000
0.960000
0.960000
0.960000
0.960000
0.960000
0.960000
0.960000
0.960000
0.960000
0.960000
0.960000
0.960000
0.960000
0.960000
0.960000
0.960000
0.960000
0.960000
0.960000
0.960000
0.960000
0.960000
0.960000
0.960000
0.960000
0.960000
0.960000
0.960000
0.960000
0.960000
0.960000
0.960000
0.960000
0.960000
0.960000
0.960000
0.960000
0.960000
0.960000
0.960000
0.961979
0.964127
0.966232
0.968549
0.970865
0.973181
0.975539
0.977855
0.980171
0.982487
0.984761
0.987120
0.989436
0.989773
0.989773
0.989773
0.989773
0.989773
0.990657
0.992552
0.993521
0.994489
0.995500
0.996468
0.997479
0.997900
0.997900
0.997900
0.997900
0.997900
0.995963
0.993815
0.991710
0.989394
0.987288
0.984972
0.982614
0.980298
0.978234
0.975960
0.973686
0.971328
0.969012
0.968675
0.968675
0.968675
0.968675
0.968675
0.967791
0.965896
0.964927
0.963958
0.962948
0.962274
0.961263
0.960842
0.960842
0.960842
0.960842
0.960884
0.961011
0.961011
0.961011
0.961011
0.960800
0.960800
0.960800
0.960800
0.960547
0.960505
0.960505
0.960505
0.960505
0.960505
0.960505
0.960505
0.960505
0.960505
0.960505
0.960505
0.960505
0.960505
0.960505
0.960211
0.960211
0.960211
0.960211
0.960211
0.960211
0.960168
0.960000
0.960000
0.960000
0.960000
0.960000
0.960000
0.960000
0.960000
0.960000
0.960000
0.960000
0.960000
0.960000
0.960000
0.960000
0.960000
0.960000
0.960000
0.960000
0.960000
0.960000
0.960000
0.960000
0.960000
0.960000
0.960000
0.960000
0.960000
0.960000
0.960000
0.960000
0.960000
0.960000
0.960000
0.960000
0.960000
0.960000
0.960000
0.960000
0.960000
0.960000
0.960000
0.960000
0.960000
0.960000
0.960000
0.960000
0.960000
0.960000
0.960000
0.960000
0.960000
0.960000
0.960000
0.960000
0.960000
0.960000
0.960000
0.960000
0.960000
0.960000
0.960000
0.960000
0.960000
0.960000
0.960000
0.960000
0.960000
0.960000
0.960000
0.960000
0.960000
0.960000
0.960000
0.960000
0.960000
0.960000
0.960000
0.960000
0.960000
0.960000
0.960000
0.960000
0.960000
0.960000
0.960000
0.960000
0.960000
0.960000
0.960000
0.960000
0.960000
0.960000
0.960000
0.960000
0.960000
0.960000
0.960000
0.960000
0.960000
0.960000
0.960000
0.960000
0.960000
0.960000
0.960000
0.960000
0.960000
0.960000
0.960000
0.960000
0.960000
0.960000
0.960000
0.960000
0.960000
0.960000
0.960000
0.960000
0.960000
0.960000
0.960000
0.960000
0.960000
0.960000
0.960000
0.960000
0.960000
0.960000
0.960000
0.960000
0.960000
0.960000
0.960000
0.960000
0.960000
0.960000
0.960000
0.960000
0.960000
0.960000
0.960000
0.960000
0.960000
0.960000
0.960000
0.960000
0.960000
0.960000
0.960000
0.960000
0.960000
0.960000
0.960000
0.960000
0.960000
0.960000
0.960000
0.960000
0.960000
0.960000
0.960000
0.960000
0.960000
0.960000
0.960000
0.960000
0.960000
0.960000
0.960000
0.960000
0.960000
0.960000
0.960000
0.960000
0.960000
0.960000
0.960000
0.960000
0.960000
0.960000
0.960000
0.960000
0.960000
0.960000
0.960000
0.960000
0.960000
0.960000
0.960000
0.960000
0.960000
0.960000
0.960000
0.960000
0.960000
0.960000
0.960000
0.960000
0.960000
0.960000
0.960000
0.960000
0.960000
0.960000
0.960000
0.960000
0.960000
0.960000
0.960000
0.960000
0.960000
0.960000
0.960000
0.960000
0.960000
0.960000
0.960000
0.960000
0.960000
0.960000
0.960000
0.960000
0.960000
0.960000
0.960000
0.960000
0.960000
0.960000
0.960000
0.960000
0.960000
0.960000
0.960000
0.960000
0.960000
0.960000
0.960000
0.960000
0.960000
0.960000
0.960000
0.960000
0.960000
0.960000
0.960000
0.960000
0.960000
0.960000
0.960000
0.960000
0.960000
0.960000
0.960000
0.960000
0.960000
0.960000
0.960000
0.960000
0.960000
0.960000
0.960000
0.960000
0.960000
0.960000
0.960000
0.960000
0.960000
0.960000
0.960000
0.960000
0.960000
0.960000
0.960000
0.960000
0.960000
0.960000
0.960000
0.960000
0.960000
0.960000
0.960000
0.960000
0.960000
0.960000
0.960000
0.960000
0.960000
0.960000
0.960000
0.960000
0.960000
0.960000
0.960000
0.960000
0.960000
0.960000
0.960000
0.960000
0.960000
0.960000
0.960000
0.960000
0.960000
0.960000
0.960000
0.960000
0.960000
0.960000
0.960000
0.960000
0.960000
0.960000
0.960000
0.960000
0.960000
0.960000
0.960000
0.960000
0.960000
0.960000
0.960000
0.960000
0.960000
0.960000
0.960000
0.960000
0.960000
0.960000
0.960000
0.960000
0.960000
0.960000
0.960000
0.960000
0.960000
0.960000
0.960000
0.960000
0.960000
0.960000
0.960000
0.960000
0.960000
0.960000
0.960000
0.960000
0.960000
0.960000
0.960000
0.960000
0.960000
0.960000
0.960000
0.960000
0.960000
0.960000
0.960000
0.960000
0.960000
0.960000
0.960000
0.960000
0.960000
0.960000
0.960000
0.960000
0.960000
0.960000
0.960000
0.960000
0.960000
0.960000
0.960000
0.960000
0.960000
0.960000
0.960000
0.960000
0.960000
0.960000
0.960000
0.960000
0.960000
0.960000
0.960042
0.960042
0.960042
0.960042
0.960042
0.960042
0.960042
0.960042
0.960042
0.960042
0.960042
0.960042
0.960042
0.960042
0.960042
0.960042
0.960042
0.960042
0.960042
0.960042
0.960042
0.960042
0.960042
0.960042
0.960042
0.960042
0.960042
0.960042
0.960042
0.960042
0.960000
0.960000
0.960000
0.960000
0.960000
0.960000
0.960000
0.960000
0.960000
0.960000
0.960000
0.960000
0.960000
0.960000
0.960000
0.960000
0.960000
0.960000
0.960000
0.960000
0.960000
0.960000
0.960000
0.960000
0.960000
0.960000
0.960000
0.960000
0.960000
0.960000
0.960000
0.960000
0.960000
0.960000
0.960000
0.960000
0.960000
0.960000
0.960000
0.960000
0.960000
0.960000
0.960000
0.960000
0.960000
0.960000
0.960000
0.960000
0.960000
0.960000
0.960000
0.960000
0.960000
0.960000
0.960000
0.960000
0.960000
0.960000
0.960000
0.960000
0.960505
0.960505
0.960505
0.960758
0.960758
0.960758
0.961053
0.961053
0.961053
0.961053
0.961053
0.961053
0.961053
0.961053
0.961053
0.961053
0.961053
0.961053
0.961053
0.961053
0.961053
0.961053
0.961053
0.961053
0.961053
0.961053
0.961053
0.961642
0.961853
0.962611
0.962779
0.963074
0.963074
0.963664
0.965053
0.965390
0.966990
0.966990
0.966990
0.967201
0.967201
0.967201
0.967201
0.967201
0.967201
0.967201
0.967201
0.967201
0.967201
0.967201
0.967201
0.967201
0.967201
0.967201
0.967201
0.967201
0.967201
0.966611
0.967454
0.967833
0.967159
0.966864
0.966864
0.966022
0.964632
0.964295
0.962400
0.962400
0.962400
0.962190
0.962190
0.962190
0.962190
0.962190
0.962190
0.962190
0.962190
0.962190
0.962190
0.962190
0.962190
0.962190
0.962190
0.962190
0.962190
0.962190
0.962190
0.962190
0.961137
0.960000
0.960000
0.960000
0.960000
0.960000
0.960000
0.960000
0.960000
0.960000
0.960000
0.960000
0.960000
0.960000
0.960000
0.960000
0.960000
0.960000
0.960000
0.960000
0.960000
0.960000
0.960000
0.960000
0.960000
0.960000
0.960000
0.960000
0.960000
0.960000
0.960000
0.960000
0.960000
0.960000
0.960000
0.960000
0.960000
0.960000
0.960000
0.960000
0.960000
0.960000
0.960000
0.960000
0.960000
0.960000
0.960000
0.960000
0.960000
0.960000
0.960000
0.960000
0.960000
0.960000
0.960000
0.960000
0.960000
0.960000
0.960000
0.960000
0.960000
0.960000
0.960000
0.960000
0.960000
0.960000
0.960000
0.960000
0.960000
0.960000
0.960000
0.960000
0.960000
0.960000
0.960000
0.960000
0.960000
0.960000
0.960000
0.960000
0.960000
0.960000
0.960000
0.960000
0.960000
0.960000
0.960000
0.960000
0.960000
0.960000
0.960000
0.960000
0.960000
0.960000
0.960000
0.960000
0.960000
0.960000
0.960000
0.960000
0.960000
0.960000
0.960000
0.960000
0.960000
0.960000
0.960000
0.960000
0.960000
0.960000
0.960000
0.960000
0.960000
0.960000
0.960000
0.960000
0.960000
0.960000
0.960000
0.960000
0.960000
0.960000
0.960000
0.960000
0.960000
0.960000
0.960000
0.960000
0.960000
0.960211
0.960211
0.960211
0.960211
0.960211
0.960211
0.960211
0.960211
0.960211
0.960253
0.960253
0.960253
0.960253
0.960253
0.960253
0.960253
0.960253
0.961053
0.961053
0.961095
0.961095
0.961095
0.961095
0.961516
0.961558
0.961558
0.961558
0.961558
0.961558
0.961558
0.961348
0.961348
0.961348
0.961348
0.961348
0.961348
0.961348
0.961348
0.961348
0.963453
0.964506
0.964506
0.964506
0.964506
0.964506
0.964506
0.964506
0.963706
0.963706
0.963664
0.963664
0.963664
0.963664
0.963243
0.963200
0.963200
0.963200
0.963200
0.963200
0.963200
0.964632
0.966064
0.966654
0.966654
0.966654
0.966654
0.966654
0.966654
0.966654
0.964506
0.963453
0.963453
0.963453
0.963453
0.963453
0.963453
0.963453
0.963453
0.963453
0.963453
0.963453
0.963453
0.963453
0.963622
0.965685
0.967159
0.967159
0.967159
0.967159
0.967159
0.965727
0.964295
0.963706
0.963706
0.963706
0.963706
0.963706
0.963706
0.963706
0.963706
0.963706
0.963706
0.963748
0.963748
0.963748
0.963748
0.963748
0.963748
0.963748
0.963748
0.963748
0.963748
0.963748
0.963579
0.961516
0.960042
0.960042
0.960042
0.960042
0.960042
0.960042
0.960042
0.960042
0.960042
0.960042
0.960042
0.960042
0.960042
0.960042
0.960042
0.960042
0.960042
0.960000
0.960000
0.960000
0.960000
0.960000
0.960000
0.960000
0.960000
0.960000
0.960000
0.960000
0.960000
0.960000
0.960000
0.960000
0.960000
0.960000
0.960000
0.960000
0.960000
0.960000
0.960000
0.960000
0.960000
0.960000
0.960000
0.960000
0.960000
0.960000
0.960000
0.960000
0.960000
0.960000
0.960000
0.960000
0.960000
0.960000
0.960000
0.960000
0.960000
0.960000
0.960842
0.962274
0.962274
0.962695
0.962695
0.962695
0.962695
0.962695
0.962695
0.962695
0.962695
0.962695
0.962695
0.962695
0.962695
0.962695
0.962695
0.962695
0.962695
0.962695
0.962695
0.962695
0.962737
0.962737
0.962737
0.962737
0.962737
0.962737
0.962737
0.962737
0.961895
0.960463
0.960463
0.960042
0.960042
0.960042
0.960042
0.960042
0.960042
0.960042
0.960042
0.960042
0.960042
0.960042
0.960042
0.960042
0.960042
0.960042
0.960042
0.960042
0.960042
0.960042
0.960000
0.960000
0.960000
0.960000
0.960000
0.960000
0.960000
0.960000
0.960000
0.960000
0.960000
0.960000
0.960000
0.960000
0.960000
0.960000
0.960000
0.960000
0.960000
0.960000
0.960000
0.960000
0.960000
0.960000
0.960000
0.960000
0.960000
0.960000
0.960000
0.960000
0.960000
0.960000
0.960000
0.960000
0.960000
0.960000
0.960000
0.960000
0.960000
0.960000
0.960000
0.960000
0.960000
0.960000
0.960000
0.960000
0.960000
0.960000
0.960000
0.960000
0.960000
0.960000
0.960000
0.960000
0.960000
0.960000
0.960000
0.960000
0.960000
0.960000
0.960000
0.960000
0.960000
0.960000
0.960000
0.960000
0.960000
0.960000
0.960000
0.960000
0.960000
0.960000
0.960000
0.960000
0.960000
0.960000
0.960000
0.960000
0.960000
0.960000
0.960000
0.960000
0.960000
0.960000
0.960000
0.960000
0.960000
0.960000
0.960000
0.960000
0.960000
0.960000
0.960000
0.960000
0.960000
0.960000
0.960000
0.960000
0.960000
0.960000
0.960000
0.960000
0.960000
0.960000
0.960000
0.960000
0.960000
0.960000
0.960000
0.960000
0.960000
0.960000
0.960000
0.960000
0.960000
0.960000
0.960000
0.960000
0.960000
0.960000
0.960000
0.960000
0.960000
0.960000
0.960000
0.960000
0.960000
0.960000
0.960000
0.960000
0.960000
0.960000
0.960000
0.960000
0.960000
0.960000
0.960000
0.960000
0.960000
0.960000
0.960000
0.960000
0.960000
0.960000
0.960000
0.960000
0.960000
0.960000
0.960000
0.960000
0.960000
0.960000
0.960000
0.960000
0.960000
0.960000
0.960000
0.960000
0.960000
0.960000
0.960000
0.960000
0.960000
0.960000
0.960000
0.960000
0.960000
0.960000
0.960000
0.960000
0.960000
0.960000
0.960000
0.960000
0.960000
0.960000
0.960000
0.960000
0.960000
0.960000
0.960000
0.960000
0.960000
0.960000
0.960000
0.960000
0.960000
0.960000
0.960000
0.960000
0.960000
0.960000
0.960000
0.960000
0.960000
0.960000
0.960000
0.960000
0.960000
0.960000
0.960000
0.960000
0.960000
0.960000
0.960000
0.960000
0.960000
0.960000
0.960000
0.960000
0.960000
0.960000
0.960000
0.960000
0.960000
0.960000
0.960000
0.960000
0.960000
0.960000
0.960000
0.960000
0.960000
0.960000
0.960000
0.960000
0.960000
0.960000
0.960000
0.960000
0.960000
0.960000
0.960000
0.960000
0.960000
0.960000
0.960000
0.960000
0.960000
0.960000
0.960000
0.960000
0.960000
0.960000
0.960000
0.960000
0.960000
0.960000
0.960000
0.960000
0.960000
0.960000
0.960000
0.960000
0.960000
0.960000
0.960000
0.960000
0.960000
0.960000
0.960000
0.960000
0.960000
0.960000
0.960000
0.960000
0.960000
0.960000
0.960000
0.960000
0.960000
0.960000
0.960000
0.960000
0.960000
0.960000
0.960000
0.960000
0.960000
0.960000
0.960000
0.960000
0.960000
0.960000
0.960000
0.960000
0.960000
0.960000
0.960000
0.960000
0.960000
0.960000
0.960000
0.960674
0.961095
0.961095
0.961095
0.961095
0.961095
0.961095
0.961095
0.961095
0.961095
0.961095
0.961095
0.961095
0.961095
0.961095
0.961095
0.961095
0.961095
0.961095
0.961095
0.961095
0.961095
0.961095
0.961095
0.961095
0.961095
0.961095
0.961095
0.961095
0.961095
0.960421
0.960000
0.960000
0.960000
0.960000
0.960000
0.960000
0.960000
0.960000
0.960000
0.960000
0.961179
0.962190
0.962821
0.963032
0.963032
0.963032
0.963032
0.963032
0.963243
0.963243
0.963243
0.963243
0.963748
0.963748
0.963748
0.963748
0.963748
0.963748
0.963748
0.963748
0.963748
0.963748
0.963748
0.963958
0.965938
0.965938
0.965938
0.965938
0.965938
0.965938
0.964759
0.963748
0.963116
0.962906
0.962906
0.962906
0.962906
0.962906
0.962695
0.962695
0.962695
0.962695
0.962190
0.962190
0.962190
0.962190
0.962190
0.962190
0.962190
0.962190
0.962190
0.962190
0.962190
0.961979
0.960000
0.960000
0.960000
0.960000
0.960000
0.960000
0.960000
0.960000
0.960000
0.960000
0.960000
0.960000
0.960000
0.960000
0.960000
0.960000
0.960000
0.960000
0.960000
0.960000
0.960000
0.960000
0.960000
0.960000
0.960000
0.960000
0.960000
0.960000
0.960000
0.961853
0.963874
0.965938
0.968085
0.970233
0.972381
0.974571
0.976718
0.978866
0.981056
0.983203
0.985351
0.986235
0.986235
0.986656
0.986656
0.988804
0.988888
0.988888
0.989057
0.989057
0.989099
0.989099
0.989099
0.989309
0.991794
0.995037
0.996089
0.996342
0.996342
0.994489
0.992468
0.990404
0.988257
0.986109
0.983961
0.981772
0.979624
0.977729
0.975623
0.973770
0.971623
0.970991
0.971539
0.971117
0.971117
0.968970
0.968885
0.968885
0.968717
0.968717
0.968675
0.968675
0.968675
0.968464
0.965980
0.962737
0.961684
0.961432
0.961432
0.961432
0.961432
0.961432
0.961432
0.961432
0.961432
0.961432
0.961432
0.961179
0.961095
0.960800
0.960800
0.960547
0.960000
0.960000
0.960000
0.960000
0.960000
0.960000
0.960000
0.960000
0.960000
0.960000
0.960000
0.960000
0.960000
0.960000
0.960000
0.960000
0.960000
0.960000
0.960000
0.960000
0.960000
0.960000
0.960000
0.960000
0.960000
0.960000
0.960000
0.960000
0.960000
0.960000
0.960000
0.960000
0.960000
0.960000
0.960000
0.960000
0.960000
0.960000
0.960000
0.960000
0.960000
0.960000
0.960000
0.960000
0.960000
0.960000
0.960000
0.960000
0.960000
0.960000
0.960000
0.960000
0.960000
0.960000
0.960000
0.960000
0.960000
0.960000
0.960000
0.960000
0.960000
0.960000
0.960000
0.960000
0.960000
0.960000
0.960000
0.960000
0.960000
0.960000
0.960000
0.960000
0.960000
0.960000
0.960000
0.960000
0.960000
0.960000
0.960000
0.960000
0.960000
0.960000
0.960000
0.960000
0.960000
0.960000
0.960000
0.960000
0.960000
0.960000
0.960000
0.960000
0.960000
0.960000
0.960000
0.960000
0.960000
0.960000
0.960000
0.960000
0.960000
0.960000
0.960000
0.960000
0.960000
0.960000
0.960000
0.960000
0.960000
0.960000
0.960000
0.960000
0.960000
0.960000
0.960000
0.960000
0.960000
0.960000
0.960000
0.960000
0.960000
0.960000
0.960000
0.960000
0.960000
0.960000
0.960000
0.960000
0.960000
0.960000
0.960000
0.960000
0.960000
0.960000
0.960000
0.960000
0.960000
0.960000
0.960000
0.960000
0.960000
0.960000
0.960000
0.960000
0.960000
0.960000
0.960000
0.960000
0.960000
0.960000
0.960000
0.960000
0.960000
0.960000
0.960000
0.960000
0.960000
0.960000
0.960000
0.960000
0.960000
0.960000
0.960000
0.960000
0.960000
0.960000
0.960000
0.960000
0.960000
0.960000
0.960000
0.960000
0.960000
0.960000
0.960000
0.960000
0.960000
0.960000
0.960000
0.960000
0.960000
0.960000
0.960000
0.960000
0.960000
0.960000
0.960000
0.960000
0.960000
0.960000
0.960000
0.960000
0.960000
0.960000
0.960000
0.960000
0.960000
0.960000
0.960000
0.960000
0.960000
0.960000
0.960000
0.960000
0.960000
0.960000
0.960000
0.960000
0.960000
0.960000
0.960000
0.960000
0.960000
0.960000
0.960000
0.960000
0.960000
0.960000
0.960000
0.960000
0.960000
0.960000
0.960000
0.960000
0.960000
0.960000
0.960000
0.960000
0.960000
0.960000
0.960000
0.960000
0.960000
0.960000
0.960000
0.960000
0.960000
0.960000
0.960000
0.960000
0.960000
0.960000
0.960000
0.960000
0.960000
0.960000
0.960000
0.960000
0.960000
0.960000
0.960000
0.960000
0.960000
0.960000
0.960000
0.960000
0.960000
0.960000
0.960000
0.960000
0.960000
0.960000
0.960000
0.960000
0.960000
0.960000
0.960000
0.960000
0.960000
0.960000
0.960000
0.960000
0.960000
0.960000
0.960000
0.960000
0.960000
0.960000
0.960000
0.960000
0.960000
0.960000
0.960000
0.960000
0.960000
0.960000
0.960000
0.960000
0.960000
0.960000
0.960000
0.960000
0.960000
0.960000
0.960000
0.960000
0.960000
0.960000
0.960000
0.960000
0.960000
0.960000
0.960000
0.960000
0.960000
0.960000
0.960000
0.960000
0.960000
0.960000
0.960000
0.960000
0.960000
0.960000
0.960000
0.960000
0.960000
0.960000
0.960000
0.960000
0.960000
0.960000
0.960000
0.960000
0.960000
0.960000
0.960000
0.960000
0.960000
0.960000
0.960000
0.960000
0.960000
0.960000
0.960000
0.960000
0.960000
0.960000
0.960000
0.960000
0.960000
0.960000
0.960000
0.960000
0.960000
0.960000
0.960000
0.960000
0.960000
0.960000
0.960000
0.960000
0.960000
0.960000
0.960000
0.960000
0.960000
0.960000
0.960000
0.960000
0.960000
0.960000
0.960000
0.960000
0.960000
0.960000
0.960000
0.960000
0.960000
0.960000
0.960000
0.960000
0.960000
0.960000
0.960000
0.960000
0.960000
0.960000
0.960000
0.960000
0.960000
0.960000
0.960000
0.960000
0.960000
0.960000
0.960000
0.960000
0.960000
0.960000
0.960000
0.960000
0.960000
0.960000
0.960000
0.960000
0.960000
0.960000
0.960000
0.960000
0.960000
0.960000
0.960000
0.960000
0.960000
0.960000
0.960000
0.960000
0.960000
0.960000
0.960000
0.960000
0.960000
0.960000
0.960000
0.960000
0.960000
0.960000
0.960000
0.960000
0.960000
0.960000
0.960000
0.960000
0.960000
0.960000
0.960000
0.960000
0.960000
0.960000
0.960000
0.960000
0.960000
0.960000
0.960000
0.960000
0.960000
0.960000
0.960000
0.960000
0.960000
0.960000
0.960000
0.960000
0.960000
0.960000
0.960000
0.960000
0.960000
0.960000
0.960000
0.960000
0.960000
0.960000
0.960000
0.960000
0.960000
0.960000
0.960000
0.960000
0.960000
0.960000
0.960000
0.960000
0.960000
0.960000
0.960000
0.960000
0.960000
0.960000
0.960000
0.960000
0.960000
0.960000
0.960000
0.960000
0.960000
0.960000
0.960000
0.960000
0.960000
0.960000
0.960000
0.960000
0.960000
0.960000
0.960000
0.960000
0.960000
0.960000
0.960000
0.960000
0.960000
0.960000
0.960000
0.960000
0.960000
0.960000
0.960000
0.960000
0.960000
0.960000
0.960000
0.960000
0.960000
0.960000
0.960000
0.960000
0.960000
0.960000
0.960000
0.960000
0.960000
0.960000
0.960000
0.960000
0.960000
0.960000
0.960000
0.960000
0.960000
0.960000
0.960000
0.960000
0.960000
0.960000
0.960000
0.960000
0.960000
0.960000
0.960000
0.960000
0.960000
0.960000
0.960000
0.960000
0.960000
0.960000
0.960000
0.960000
0.960000
0.960000
0.960000
0.960000
0.960000
0.960000
0.960000
0.960000
0.960000
0.961095
0.961095
0.961095
0.961095
0.961095
0.961095
0.961095
0.961095
0.961095
0.961095
0.961095
0.961095
0.961095
0.961095
0.961095
0.961095
0.961600
0.961600
0.961600
0.962274
0.963790
0.965306
0.965980
0.965980
0.965980
0.966443
0.966443
0.966443
0.967369
0.967917
0.966822
0.966822
0.966822
0.966822
0.966822
0.966822
0.966822
0.966822
0.966822
0.966822
0.967075
0.967075
0.967075
0.967075
0.967748
0.967748
0.967580
0.967580
0.967664
0.967454
0.965938
0.964422
0.963748
0.963748
0.967496
0.969138
0.971244
0.973349
0.974528
0.976087
0.978192
0.982487
0.984804
0.987499
0.989604
0.991710
0.993815
0.995921
0.998027
1.000132
1.001985
1.004091
1.006196
1.008260
1.009691
1.011755
1.013524
1.015629
1.017650
1.019293
1.021356
1.023462
1.025567
1.027673
1.026031
1.026031
1.026031
1.025988
1.025988
1.025988
1.025988
1.023799
1.023546
1.022956
1.022956
1.022956
1.022956
1.022956
1.022914
1.022914
1.022914
1.022914
1.022872
1.022914
1.022914
1.022956
1.022956
1.022914
1.022914
1.022914
1.022956
1.022914
1.022914
1.022914
1.022914
1.022914
1.022872
1.022914
1.022914
1.022914
1.022872
1.022872
1.022914
1.022872
1.022872
1.022872
1.022830
1.022830
1.022872
1.022872
1.022830
1.022830
1.022872
1.022830
1.022830
1.022830
1.022830
1.022830
1.022830
1.022788
1.022788
1.022830
1.022830
1.022788
1.022788
1.022788
1.022788
1.022788
1.022788
1.022788
1.022788
1.022788
1.022788
1.022788
1.022788
1.022788
1.022830
1.022788
1.022788
1.022788
1.022830
1.022788
1.022788
1.022830
1.022788
1.022788
1.022788
1.022788
1.022788
1.022830
1.022788
1.022788
1.022788
1.022788
1.022788
1.022788
1.022788
1.022788
1.022746
1.022746
1.022788
1.022746
1.022746
1.022746
1.022746
1.022746
1.022704
1.022746
1.022704
1.022704
1.022662
1.022704
1.022662
1.022662
1.022704
1.022662
1.022662
1.022704
1.022704
1.022662
1.024388
1.026789
1.026831
1.026873
1.026873
1.026873
1.026873
1.026873
1.026873
1.026873
1.026873
1.026873
1.026873
1.026873
1.026873
1.026873
1.026873
1.026873
1.026873
1.026873
1.027799
1.029694
1.030410
1.030368
1.030368
1.030410
1.030368
1.030368
1.030368
1.030410
1.029357
1.028852
1.029989
1.030031
1.030031
1.030031
1.030073
1.030031
1.031884
1.032347
1.032347
1.032347
1.032305
1.032347
1.032347
1.032305
1.032347
1.032305
1.032347
1.032347
1.031421
1.029526
1.028810
1.028852
1.028852
1.028810
1.028852
1.028852
1.028810
1.028810
1.028136
1.026241
1.025062
1.024978
1.024978
1.024936
1.024936
1.024936
1.023125
1.022662
1.022620
1.022662
1.022662
1.022662
1.022620
1.022662
1.022620
1.022662
1.022662
1.022620
1.022662
1.022620
1.022662
1.022620
1.022620
1.022620
1.022620
1.022577
1.022577
1.022577
1.022577
1.022577
1.022535
1.022577
1.022535
1.022535
1.022535
1.022535
1.022493
1.022493
1.022493
1.022451
1.022493
1.022451
1.022493
1.022451
1.022493
1.022451
1.022409
1.022451
1.022409
1.022451
1.022409
1.022409
1.022409
1.022409
1.022409
1.022409
1.022409
1.022409
1.022409
1.022367
1.022409
1.022367
1.022367
1.022409
1.022367
1.022409
1.022409
1.022367
1.022367
1.022409
1.022367
1.022367
1.022367
1.022367
1.022325
1.022367
1.022367
1.022325
1.022325
1.022325
1.022325
1.022325
1.022283
1.022325
1.022283
1.022283
1.022325
1.022283
1.022283
1.022325
1.022283
1.022283
1.022325
1.022283
1.022283
1.022283
1.022283
1.022283
1.022325
1.022283
1.022325
1.022325
1.022325
1.022325
1.022325
1.022325
1.022367
1.022367
1.022409
1.022367
1.022409
1.022451
1.022451
1.022451
1.022451
1.022030
1.019924
1.017861
1.015798
1.013692
1.011628
1.009565
1.007459
1.005396
1.003333
1.001227
0.999164
0.997100
0.994995
0.992931
0.990825
0.988762
0.986656
0.984593
0.982530
0.980424
0.978318
0.976255
0.974149
0.972086
0.969980
0.967875
0.965811
0.963706
0.961642
0.960000
0.960000
0.960000
0.960000
0.960000
0.960000
0.960000
0.960000
0.960000
0.960000
0.960000
0.960000
0.960000
0.960000
0.960000
0.960000
0.960000
0.960000
0.960000
0.961263
0.962274
0.962274
0.962737
0.962821
0.962821
0.962821
0.962821
0.962821
0.962821
0.962821
0.962821
0.962821
0.962821
0.962821
0.962821
0.962821
0.962821
0.962821
0.962821
0.962821
0.962821
0.962821
0.962821
0.962821
0.962821
0.962821
0.962821
0.962821
0.962821
0.961558
0.960547
0.960547
0.960084
0.960000
0.960000
0.960000
0.960000
0.960000
0.960000
0.960000
0.960000
0.960000
0.960000
0.960000
0.960000
0.960000
0.960000
0.960000
0.960000
0.960000
0.960000
0.960000
0.960000
0.960000
0.960000
0.960000
0.960000
0.960000
0.960000
0.960000
0.960000
0.960000
0.960000
0.960000
0.960000
0.960000
0.960000
0.960000
0.960000
0.960000
0.960000
0.960000
0.960000
0.960000
0.960000
0.960000
0.960000
0.960000
0.960000
0.960000
0.960000
0.960000
0.960000
0.960000
0.960000
0.960000
0.960000
0.960000
0.960000
0.960000
0.960000
0.960000
0.960000
0.960000
0.960000
0.960000
0.960000
0.960000
0.960000
0.960000
0.960000
0.960000
0.960000
0.960000
0.960000
0.960000
0.960000
0.960000
0.960000
0.960000
0.960000
0.960000
0.960000
0.960000
0.960000
0.960000
0.960000
0.960000
0.960000
0.960000
0.960000
0.960000
0.960000
0.960000
0.960632
0.962232
0.962232
0.962232
0.962232
0.962232
0.962232
0.962232
0.962232
0.962232
0.962232
0.962232
0.962232
0.962232
0.962232
0.962232
0.962232
0.962232
0.962232
0.962232
0.962232
0.962232
0.962232
0.962232
0.962232
0.962232
0.962232
0.962232
0.962232
0.962232
0.961600
0.960000
0.960000
0.960000
0.960000
0.960000
0.960000
0.960000
0.960000
0.960000
0.960000
0.968085
0.988930
1.009776
1.030663
1.051508
1.072353
1.093198
1.114001
1.134846
1.155691
1.176536
1.197382
1.218185
1.239030
1.259833
1.280678
1.301523
1.322326
1.343171
1.364016
1.384861
1.405706
1.426551
1.447354
1.468200
1.489045
1.509848
1.533093
1.557391
1.581774
1.597987
1.601482
1.604935
1.608388
1.611841
1.615294
1.618790
1.622369
1.625864
1.629318
1.632602
1.636055
1.639551
1.643046
1.646541
1.649994
1.653447
1.656985
1.660522
1.663975
1.667470
1.671008
1.674545
1.681283
1.685073
1.686673
1.688315
1.687515
1.685662
1.683725
1.681872
1.679935
1.678040
1.676103
1.674208
1.672355
1.670418
1.668481
1.666586
1.664733
1.663007
1.661154
1.659301
1.657406
1.655511
1.653658
1.651763
1.649868
1.647889
1.646036
1.644099
1.642161
1.640224
1.636729
1.637782
1.641024
1.644309
1.647552
1.650710
1.653868
1.657111
1.660311
1.663512
1.666797
1.670039
1.673240
1.676398
1.679598
1.682757
1.685999
1.689284
1.692485
1.695727
1.698970
1.702254
1.705497
1.708739
1.711940
1.715267
1.718467
1.721752
1.724994
1.728195
1.729837
1.729753
1.729711
1.729585
1.729500
1.729500
1.729374
1.729163
1.728911
1.728784
1.728658
1.728616
1.728574
1.728616
1.728616
1.728111
1.725121
1.722131
1.719225
1.716235
1.713288
1.710340
1.707392
1.704486
1.701581
1.698591
1.695685
1.692779
1.689831
1.686884
1.683936
1.681030
1.678082
1.675177
1.672187
1.668860
1.661912
1.654921
1.648057
1.641067
1.633992
1.626875
1.619758
1.612684
1.605525
1.601398
1.602156
1.602914
1.603672
1.604472
1.605272
1.605988
1.606620
1.607251
1.607883
1.608472
1.609062
1.609609
1.610241
1.610915
1.610367
1.606914
1.603419
1.599924
1.596513
1.593397
1.594070
1.594786
1.595502
1.596218
1.596976
1.597734
1.598450
1.599166
1.599882
1.598155
1.593860
1.589564
1.585311
1.581058
1.576763
1.576005
1.574573
1.572888
1.571204
1.569562
1.567919
1.566782
1.565814
1.564171
1.563919
1.566403
1.568930
1.571457
1.573941
1.576510
1.578994
1.581521
1.584006
1.586448
1.588933
1.591375
1.593902
1.596386
1.598871
1.601398
1.603966
1.607251
1.610452
1.613652
1.617358
1.617147
1.617737
1.618579
1.619421
1.620306
1.621106
1.621485
1.621611
1.622453
1.623127
1.623927
1.624727
1.627591
1.630160
1.632813
1.635508
1.638161
1.640856
1.642751
1.643509
1.644351
1.645151
1.645909
1.646709
1.647467
1.648225
1.640856
1.618411
1.596007
1.573646
1.551159
1.528629
1.506100
1.484412
1.461967
1.439564
1.416992
1.394547
1.372691
1.351172
1.328643
1.306113
1.282320
1.259075
1.235871
1.211573
1.189296
1.167061
1.145669
1.126045
1.105958
1.085829
1.064394
1.041907
1.019377
0.996890
0.981814
0.981814
0.981772
0.981182
0.981182
0.981182
0.981182
0.980340
0.980213
0.980129
0.980213
0.980340
0.980803
0.980887
0.982108
0.982530
0.983751
0.982740
0.981561
0.981477
0.979371
0.977224
0.975076
0.972212
0.969770
0.967369
0.966317
0.966317
0.966317
0.966738
0.966738
0.966738
0.966738
0.966738
0.966990
0.966990
0.966990
0.967033
0.967033
0.967033
0.966948
0.966738
0.965559
0.964380
0.963158
0.962737
0.960716
0.960716
0.960716
0.960716
0.960716
0.960716
0.960716
0.960716
0.960716
0.960716
0.960716
0.960716
0.960716
0.960295
0.960295
0.960295
0.960295
0.960295
0.960042
0.960042
0.960042
0.960000
0.960000
0.960000
0.960000
0.960000
0.960000
0.960000
0.960000
0.960000
0.960000
0.960000
0.960000
0.960000
0.960000
0.960000
0.960000
0.960000
0.960000
0.960000
0.960000
0.960000
0.960000
0.960000
0.960000
0.960000
0.960000
0.960000
0.960000
0.960000
0.960000
0.960000
0.960000
0.960000
0.960000
0.960000
0.960000
0.960000
0.960000
0.960000
0.960000
0.960000
0.960000
0.960000
0.960000
0.960000
0.960000
0.960000
0.960000
0.960000
0.960000
0.960000
0.960000
0.960000
0.960000
0.960000
0.960000
0.960000
0.960000
0.960000
0.960000
0.960000
0.960000
0.960000
0.960000
0.960000
0.960000
0.960000
0.960000
0.960000
0.960000
0.960000
0.960000
0.960000
0.960000
0.960000
0.960000
0.960000
0.960000
0.960000
0.960000
0.960000
0.960000
0.960000
0.960000
0.960000
0.960000
0.960000
0.960000
0.960000
0.960000
0.960000
0.960000
0.960000
0.960000
0.960000
0.960000
0.960000
0.960000
0.960000
0.960000
0.960000
0.960000
0.960000
0.960000
0.960000
0.960000
0.960000
0.960000
0.960000
0.960000
0.960000
0.960000
0.960000
0.960000
0.960000
0.960000
0.960000
0.960000
0.960000
0.960000
0.960000
0.960000
0.960000
0.960000
0.960000
0.960000
0.960000
0.960000
0.960000
0.960000
0.960000
0.960000
0.960000
0.960000
0.960000
0.960000
0.960000
0.960000
0.960000
0.960000
0.960000
0.960000
0.960000
0.960000
0.960000
0.960000
0.960000
0.960000
0.960000
0.960000
0.960000
0.960000
0.960000
0.960000
0.960000
0.960000
0.960000
0.960000
0.960000
0.960000
0.960000
0.960000
0.960000
0.960000
0.960000
0.960000
0.960000
0.960000
0.960000
0.960000
0.960000
0.960000
0.960000
0.960000
0.960000
0.960000
0.960000
0.960000
0.960000
0.960000
0.960000
0.960000
0.960000
0.960000
0.960000
0.960000
0.960000
0.960000
0.960000
0.960000
0.960000
0.960000
0.960000
0.960000
0.960000
0.960000
0.960000
0.960000
0.960000
0.960000
0.960000
0.960000
0.960000
0.960000
0.960000
0.960000
0.960000
0.960000
0.960000
0.960000
0.960000
0.960000
0.960000
0.960000
0.960000
0.960000
0.960000
0.960000
0.960000
0.960000
0.960000
0.960000
0.960000
0.960000
0.960000
0.960000
0.960000
0.960000
0.960000
0.960000
0.960000
0.960000
0.960000
0.960000
0.960000
0.960000
0.960000
0.960000
0.960000
0.960000
0.960000
0.960000
0.960000
0.960000
0.960000
0.960000
0.960000
0.960000
0.960000
0.960000
0.960000
0.960000
0.960000
0.960000
0.960000
0.960000
0.960000
0.960000
0.960000
0.960000
0.960000
0.960000
0.960000
0.960000
0.960000
0.960000
0.960000
0.960000
0.960000
0.960000
0.960000
0.960000
0.960000
0.960000
0.960000
0.960000
0.960000
0.960000
0.960000
0.960000
0.960000
0.960000
0.960000
0.960000
0.960000
0.960000
0.960000
0.960000
0.960000
0.960000
0.960000
0.960000
0.960000
0.960000
0.960000
0.960000
0.960000
0.960000
0.960000
0.960000
0.960000
0.960000
0.960000
0.960000
0.960000
0.960000
0.960000
0.960000
0.960000
0.960000
0.960000
0.960000
0.960000
0.960000
0.960000
0.960000
0.960000
0.960000
0.960000
0.960000
0.960000
0.960126
0.960126
0.960421
0.961390
0.961390
0.961390
0.961390
0.961390
0.961390
0.961727
0.963285
0.964380
0.965896
0.967201
0.968085
0.968506
0.969307
0.970781
0.972212
0.972339
0.972339
0.973686
0.973939
0.975118
0.976676
0.978234
0.979413
0.979413
0.979413
0.979413
0.979413
0.980045
0.979750
0.978782
0.978782
0.978782
0.978782
0.978782
0.978782
0.978445
0.976887
0.975792
0.974276
0.972970
0.972086
0.971665
0.970865
0.969391
0.968506
0.968380
0.968380
0.967033
0.966780
0.965643
0.964337
0.963706
0.963958
0.964085
0.964085
0.964253
0.964843
0.964253
0.964253
0.964253
0.964422
0.964969
0.965180
0.965180
0.965306
0.965938
0.965938
0.966485
0.966990
0.966990
0.966990
0.966990
0.966990
0.966990
0.966443
0.966443
0.966569
0.966569
0.966611
0.966654
0.966401
0.966569
0.966611
0.966485
0.966569
0.966401
0.965685
0.965643
0.965643
0.965643
0.965474
0.964927
0.964716
0.965053
0.964927
0.964337
0.964337
0.963790
0.963285
0.963285
0.963285
0.963579
0.963622
0.963622
0.963874
0.964885
0.966275
0.967791
0.968506
0.968422
0.968422
0.967327
0.965853
0.967033
0.968759
0.968759
0.968759
0.968759
0.968759
0.968759
0.968759
0.968759
0.968759
0.968633
0.968633
0.968591
0.968591
0.968591
0.968591
0.968591
0.969475
0.969222
0.969180
0.969180
0.968928
0.967917
0.966401
0.964885
0.964127
0.964127
0.966232
0.967748
0.967748
0.966822
0.967580
0.968338
0.968338
0.968338
0.968338
0.968338
0.969854
0.971918
0.971918
0.971707
0.971707
0.971707
0.971707
0.971707
0.971707
0.971707
0.970823
0.970781
0.970781
0.970781
0.970781
0.970781
0.970781
0.970781
0.970781
0.970781
0.968675
0.967159
0.967159
0.966906
0.964337
0.963579
0.963579
0.963579
0.963579
0.963579
0.962063
0.960000
0.960000
0.960000
0.960000
0.960000
0.960000
0.960000
0.960000
0.960000
0.960000
0.960000
0.960000
0.960000
0.960000
0.960000
0.960000
0.960000
0.960253
0.961769
0.962232
0.962232
0.962485
0.962695
0.962695
0.962695
0.962695
0.962695
0.962695
0.962737
0.962864
0.962864
0.962864
0.962864
0.962864
0.962864
0.962864
0.962864
0.962864
0.962864
0.962864
0.962864
0.962864
0.962864
0.962864
0.962864
0.962864
0.962864
0.962611
0.961095
0.960632
0.960632
0.960379
0.960168
0.960168
0.960168
0.960168
0.960168
0.960168
0.960505
0.960379
0.960379
0.960379
0.960379
0.960379
0.960379
0.960379
0.960379
0.960379
0.960379
0.960379
0.960379
0.960379
0.960379
0.960379
0.960379
0.960379
0.960379
0.960379
0.960379
0.960379
0.960379
0.960421
0.960421
0.960421
0.960421
0.960421
0.960421
0.960421
0.960042
0.960042
0.960042
0.960042
0.960042
0.960042
0.960042
0.960042
0.960295
0.960295
0.960379
0.961853
0.962527
0.962527
0.962737
0.963032
0.963411
0.963411
0.963411
0.963411
0.963916
0.964380
0.964632
0.964590
0.964590
0.964590
0.964590
0.964590
0.964590
0.964590
0.964590
0.964590
0.964590
0.964590
0.964590
0.966275
0.966864
0.966864
0.966611
0.966611
0.966527
0.965053
0.964380
0.964380
0.964169
0.963874
0.963495
0.963495
0.963495
0.963495
0.962990
0.962527
0.962274
0.962274
0.962274
0.962274
0.962274
0.962274
0.962274
0.962274
0.962274
0.962274
0.962274
0.962274
0.962274
0.960590
0.960000
0.960000
0.960000
0.960000
0.960000
0.960000
0.960000
0.960000
0.960000
0.960000
0.960000
0.960000
0.960000
0.960000
0.961137
0.963243
0.965348
0.967454
0.969812
0.972254
0.974360
0.976508
0.978613
0.980971
0.983498
0.986025
0.988130
0.990278
0.992426
0.994531
0.996679
0.998785
1.000890
1.003333
1.006028
1.008470
1.010576
1.012723
1.014829
1.016977
1.019082
1.021188
1.023293
1.025441
1.026410
1.026452
1.026452
1.026452
1.026199
1.025862
1.025904
1.025862
1.025862
1.025609
1.025567
1.027125
1.027083
1.027041
1.026999
1.027041
1.026999
1.026999
1.026999
1.026662
1.026115
1.025778
1.025778
1.025736
1.025778
1.025736
1.025736
1.025778
1.025778
1.025736
1.025736
1.025736
1.025736
1.025736
1.025778
1.025778
1.025736
1.025736
1.025778
1.025778
1.025399
1.023420
1.023504
1.023504
1.023504
1.023462
1.023462
1.023504
1.023504
1.023504
1.023462
1.023504
1.023504
1.023504
1.023462
1.023462
1.023462
1.023420
1.023462
1.023462
1.023462
1.023462
1.023462
1.023462
1.023420
1.023420
1.023420
1.023462
1.023420
1.023420
1.023420
1.023462
1.023420
1.023420
1.023420
1.023462
1.023462
1.023420
1.023462
1.023462
1.023462
1.023420
1.023462
1.023462
1.023462
1.023504
1.023504
1.023504
1.023462
1.023504
1.023504
1.023462
1.023504
1.023504
1.023504
1.023504
1.023546
1.023504
1.023504
1.023546
1.023546
1.023504
1.023504
1.023504
1.023546
1.023504
1.021651
1.019545
1.017398
1.015292
1.013187
1.011081
1.008933
1.007080
1.006954
1.005480
1.004217
1.002111
1.000006
0.997858
0.995753
0.993647
0.991499
0.989394
0.987288
0.985183
0.983035
0.980929
0.978824
0.976676
0.974571
0.972465
0.970359
0.968254
0.966106
0.964001
0.963748
0.963748
0.963748
0.963748
0.963748
0.963748
0.963748
0.963495
0.961516
0.960842
0.960000
0.960000
0.960000
0.960000
0.960000
0.960000
0.960000
0.960000
0.960000
0.960000
0.960000
0.960000
0.960000
0.960000
0.960000
0.960000
0.960000
0.960000
0.960000
0.960000
0.960000
0.960000
0.960000
0.960000
0.960000
0.960000
0.960000
0.960000
0.960000
0.960000
0.960000
0.960000
0.960000
0.960000
0.960000
0.960000
0.960000
0.960000
0.960000
0.960000
0.960000
0.960000
0.960000
0.960000
0.960000
0.960000
0.960000
0.960000
0.960000
0.960000
0.960000
0.960000
0.960000
0.960000
0.960000
0.960000
0.960000
0.960000
0.960000
0.960000
0.960000
0.960000
0.960000
0.960000
0.960000
0.960000
0.960000
0.960000
0.960000
0.960000
0.960000
0.960000
0.960000
0.960000
0.960000
0.960000
0.960000
0.960000
0.960000
0.960000
0.960000
0.960000
0.960000
0.960000
0.960000
0.960000
0.960000
0.960000
0.960000
0.960000
0.960000
0.960000
0.960000
0.960000
0.960000
0.960000
0.960000
0.960000
0.960000
0.960000
0.960000
0.960000
0.960000
0.960000
0.960000
0.960000
0.960000
0.960000
0.960000
0.960000
0.960000
0.960000
0.960000
0.960000
0.960000
0.960000
0.960000
0.960000
0.960000
0.960000
0.960000
0.960000
0.960000
0.960000
0.960000
0.960000
0.960000
0.960000
0.960000
0.960000
0.960000
0.960000
0.960000
0.960000
0.960000
0.960000
0.960000
0.960000
0.960000
0.960000
0.960000
0.960000
0.960000
0.960000
0.960000
0.960000
0.960000
0.960000
0.960000
0.960000
0.960000
0.960000
0.960000
0.960000
0.960000
0.960000
0.960000
0.960000
0.960000
0.960000
0.960000
0.960000
0.960000
0.960000
0.960000
0.960000
0.960000
0.960000
0.960000
0.960000
0.960000
0.960000
0.960000
0.960000
0.960000
0.960000
0.960000
0.960000
0.960000
0.960000
0.960000
0.960000
0.962106
0.962190
0.962190
0.962190
0.962190
0.962190
0.962190
0.962190
0.962190
0.962190
0.962190
0.962190
0.962190
0.962190
0.962190
0.962190
0.962190
0.962190
0.962190
0.962190
0.962190
0.962190
0.962190
0.962190
0.962190
0.962190
0.962190
0.962190
0.962190
0.962190
0.960084
0.960000
0.960000
0.960000
0.960000
0.960000
0.960000
0.960000
0.960000
0.960000
0.960000
0.960000
0.960000
0.960000
0.960000
0.960000
0.960000
0.960000
0.960000
0.960000
0.960000
0.960000
0.960000
0.960000
0.960000
0.960000
0.960000
0.960000
0.960000
0.960000
0.960000
0.960000
0.960000
0.960000
0.960000
0.960000
0.960000
0.960000
0.960000
0.960000
0.960000
0.960000
0.960000
0.960000
0.960000
0.960000
0.960000
0.960000
0.960000
0.960000
0.960000
0.960000
0.960000
0.960000
0.960000
0.960000
0.960000
0.960000
0.960000
0.960000
0.960000
0.960000
0.960000
0.960000
0.960000
0.960000
0.960000
0.960000
0.960000
0.960000
0.960000
0.960000
0.960000
0.960000
0.960000
0.960000
0.960000
0.960000
0.960000
0.960000
0.960000
0.960000
0.960000
0.960000
0.960000
0.960000
0.960000
0.960000
0.960000
0.960000
0.960000
0.960000
0.960000
0.960000
0.960000
0.960000
0.960000
0.960000
0.960000
0.960000
0.960000
0.960000
0.960000
0.960000
0.960000
0.960000
0.960000
0.960000
0.960000
0.960000
0.960000
0.960000
0.960000
0.960000
0.960000
0.960000
0.960000
0.960000
0.960000
0.960000
0.960000
0.960000
0.960000
0.960000
0.960000
0.960000
0.960000
0.960000
0.960000
0.960000
0.960000
0.960000
0.960000
0.960000
0.960000
0.960000
0.960000
0.960000
0.960000
0.960000
0.960000
0.960000
0.960000
0.961642
0.962232
0.962232
0.962232
0.962232
0.962232
0.962232
0.962232
0.962232
0.962232
0.962232
0.962232
0.962232
0.962232
0.962232
0.962232
0.962232
0.962232
0.962232
0.962232
0.962232
0.962232
0.962232
0.962232
0.962232
0.962232
0.962232
0.962232
0.962232
0.962232
0.960590
0.960000
0.960000
0.960000
0.960000
0.960000
0.960000
0.960000
0.960000
0.960000
0.960000
0.960000
0.960000
0.960000
0.960000
0.960000
0.961684
0.962232
0.962232
0.962232
0.962232
0.962232
0.962232
0.962232
0.962232
0.962232
0.962232
0.962232
0.962232
0.962232
0.962232
0.962232
0.962232
0.962232
0.962232
0.962232
0.962232
0.962232
0.962232
0.962232
0.962232
0.962232
0.962232
0.962232
0.962232
0.962232
0.960547
0.960000
0.960000
0.960000
0.960000
0.960000
0.960000
0.960000
0.960000
0.960000
0.960000
0.960000
0.960000
0.960000
0.960000
0.960000
0.960000
0.960000
0.960000
0.960000
0.960000
0.960000
0.960000
0.960000
0.960000
0.960000
0.960000
0.960000
0.961053
0.963032
0.965011
0.966106
0.966106
0.966148
0.966148
0.967622
0.970781
0.972928
0.975076
0.977266
0.978613
0.978613
0.978613
0.978613
0.979455
0.980803
0.980803
0.980803
0.980803
0.980845
0.980845
0.982235
0.982740
0.982740
0.983961
0.985519
0.986193
0.986741
0.986656
0.985772
0.983793
0.982782
0.982782
0.982740
0.982740
0.981266
0.978697
0.977013
0.975076
0.972886
0.971749
0.971749
0.971918
0.971918
0.971075
0.969728
0.969728
0.969728
0.969728
0.969686
0.969686
0.968296
0.967791
0.967791
0.966569
0.965011
0.964337
0.963790
0.962821
0.961727
0.961727
0.961642
0.961642
0.961642
0.961642
0.961642
0.961053
0.960590
0.960379
0.960379
0.960168
0.960168
0.960000
0.960000
0.960000
0.960000
0.960000
0.960000
0.960000
0.960000
0.960000
0.960000
0.960000
0.960000
0.960000
0.960000
0.960000
0.960000
0.960000
0.960000
0.960000
0.960000
0.960000
0.960000
0.960000
0.960000
0.960000
0.960000
0.960000
0.960000
0.960000
0.960000
0.960000
0.960000
0.960000
0.960000
0.960000
0.960000
0.960000
0.960000
0.960000
0.960000
0.960000
0.960000
0.960000
0.960000
0.960000
0.960000
0.960000
0.960000
0.960000
0.960000
0.960000
0.960000
0.960000
0.960000
0.960000
0.960000
0.960000
0.960000
0.960000
0.960000
0.960000
0.960000
0.960000
0.960000
0.960000
0.960000
0.960000
0.960000
0.960000
0.960000
0.960000
0.960000
0.960000
0.960000
0.960000
0.960000
0.960000
0.960000
0.960000
0.960000
0.960000
0.960000
0.960000
0.960000
0.960000
0.960000
0.960000
0.960000
0.960000
0.960000
0.960000
0.960000
0.960000
0.960000
0.960000
0.960000
0.960000
0.960000
0.960000
0.960000
0.960000
0.960000
0.960000
0.960000
0.960000
0.960000
0.960000
0.960000
0.960000
0.960000
0.960000
0.960000
0.960000
0.960000
0.960000
0.960000
0.960000
0.960000
0.960000
0.960000
0.960000
0.960000
0.960000
0.960000
0.960000
0.960000
0.960000
0.960000
0.960000
0.960000
0.960000
0.960000
0.960000
0.960000
0.960000
0.960000
0.960000
0.960000
0.960000
0.960000
0.960000
0.960000
0.960000
0.960000
0.960000
0.960000
0.960000
0.960000
0.960000
0.960000
0.960000
0.960000
0.960000
0.960000
0.960000
0.960000
0.960000
0.960000
0.960000
0.960000
0.960000
0.960000
0.960000
0.960000
0.960000
0.960000
0.960000
0.960000
0.960000
0.960000
0.960000
0.960000
0.960000
0.960000
0.960000
0.960000
0.960000
0.960000
0.960000
0.960000
0.960000
0.960000
0.960000
0.960000
0.960000
0.960000
0.960000
0.960000
0.960000
0.960000
0.960000
0.960000
0.960000
0.960000
0.960000
0.960000
0.960000
0.960000
0.960000
0.960000
0.960000
0.960000
0.960000
0.960000
0.960000
0.960000
0.960000
0.960000
0.960000
0.960000
0.960000
0.960000
0.960000
0.960000
0.960000
0.960000
0.960000
0.960000
0.960000
0.960000
0.960000
0.960000
0.960000
0.960000
0.960000
0.960000
0.960000
0.960000
0.960000
0.960000
0.960000
0.960000
0.960000
0.960000
0.960000
0.960000
0.960000
0.960000
0.960000
0.960000
0.960000
0.960000
0.960000
0.960000
0.960000
0.960000
0.960000
0.960000
0.960000
0.960000
0.960000
0.960000
0.960000
0.960000
0.960000
0.960000
0.960000
0.960000
0.960000
0.960000
0.960000
0.960000
0.960000
0.960000
0.960000
0.960000
0.960000
0.960000
0.960000
0.960000
0.960000
0.960000
0.960000
0.960000
0.960000
0.960000
0.960000
0.960000
0.960000
0.960000
0.960000
0.960000
0.960000
0.960000
0.960000
0.960000
0.960000
0.960000
0.960000
0.960000
0.960000
0.960000
0.960000
0.960000
0.960000
0.960000
0.960000
0.960000
0.960000
0.960000
0.960000
0.960000
0.960000
0.960000
0.960000
0.960000
0.960000
0.960000
0.960000
0.960000
0.960000
0.960000
0.960000
0.960000
0.960000
0.960000
0.960000
0.960000
0.960000
0.960000
0.960000
0.960000
0.960000
0.960000
0.960000
0.960000
0.960000
0.960000
0.960000
0.960000
0.960000
0.960000
0.960000
0.960000
0.960000
0.960000
0.960000
0.960000
0.960000
0.960000
0.960000
0.960000
0.960000
0.960000
0.960000
0.960000
0.960000
0.960000
0.960000
0.960000
0.960000
0.960000
0.960000
0.960000
0.960000
0.960000
0.960000
0.960000
0.960000
0.960000
0.960000
0.960000
0.960000
0.960000
0.960000
0.960000
0.960000
0.960000
0.960000
0.960000
0.960000
0.960000
0.960000
0.960000
0.960000
0.960000
0.960000
0.960000
0.960000
0.960000
0.960000
0.960000
0.960000
0.960000
0.960000
0.960000
0.960000
0.960000
0.960000
0.960000
0.960000
0.960000
0.960000
0.960000
0.960000
0.960000
0.960000
0.960000
0.960000
0.960000
0.960000
0.960000
0.960000
0.960000
0.960000
0.960000
0.960000
0.960000
0.960000
0.960000
0.960000
0.960000
0.960000
0.960000
0.960000
0.960000
0.960000
0.960000
0.960000
0.960000
0.960000
0.960000
0.960000
0.960000
0.960000
0.960000
0.960000
0.960000
0.960000
0.960000
0.960000
0.960000
0.960000
0.960000
0.960000
0.960000
0.960000
0.960000
0.960000
0.960000
0.960000
0.960000
0.960000
0.960000
0.960000
0.960000
0.960000
0.960000
0.960000
0.960000
0.960000
0.960000
0.960000
0.960000
0.960000
0.960000
0.960000
0.960000
0.960000
0.960000
0.960000
0.960000
0.960000
0.960000
0.960000
0.960000
0.960000
0.960000
0.960000
0.960000
0.960000
0.960000
0.960000
0.960000
0.960000
0.960000
0.960000
0.960000
0.960000
0.960000
0.960000
0.960000
0.960000
0.960000
0.960000
0.960000
0.960000
0.960000
0.960000
0.960000
0.960000
0.960000
0.960000
0.960000
0.960000
0.960000
0.960000
0.960000
0.960000
0.960000
0.960000
0.960000
0.960000
0.960000
0.960000
0.960000
0.960000
0.960000
0.960000
0.960000
0.960000
0.960000
0.960000
0.960000
0.960000
0.960000
0.960000
0.960000
0.960000
0.960000
0.960000
0.960000
0.960000
0.960000
0.960000
0.960000
0.960000
0.960000
0.960000
0.960000
0.960000
0.960000
0.960000
0.960000
0.960000
0.960000
0.960000
0.960000
0.960000
0.960000
0.960000
0.960000
0.960000
0.960000
0.960000
0.960000
0.960000
0.960000
0.960000
0.960000
0.960000
0.960000
0.960000
0.960000
0.960000
0.960000
0.960000
0.960000
0.960000
0.960000
0.960000
0.960000
0.960000
0.960000
0.960000
0.960000
0.960000
0.960000
0.960000
0.960000
0.960000
0.960000
0.960000
0.960000
0.960000
0.960000
0.960000
0.960000
0.960000
0.960000
0.960000
0.960000
0.960000
0.960000
0.960000
0.960000
0.960000
0.960000
0.960000
0.960000
0.960000
0.960000
0.960000
0.960000
0.960000
0.960000
0.960000
0.960000
0.960000
0.960000
0.960000
0.960000
0.960000
0.960000
0.960000
0.960000
0.960000
0.960000
0.960000
0.960000
0.960000
0.960000
0.960000
0.960000
0.960000
0.960000
0.960000
0.960000
0.960000
0.960000
0.960000
0.960000
0.960000
0.960000
0.960000
0.960000
0.960000
0.960000
0.960000
0.960000
0.960000
0.960000
0.960000
0.960000
0.960000
0.960000
0.960000
0.960000
0.960000
0.960000
0.960000
0.960000
0.960000
0.960000
0.960000
0.960000
0.960000
0.960000
0.960000
0.960000
0.960000
0.960000
0.960000
0.960000
0.960000
0.960000
0.960000
0.960000
0.960000
0.960000
0.960000
0.960000
0.960000
0.960000
0.960000
0.960000
0.960000
0.960000
0.960000
0.960000
0.960000
0.960000
0.960000
0.960000
0.960000
0.960000
0.960000
0.960000
0.960000
0.960000
0.960000
0.960000
0.960000
0.960000
0.960000
0.960000
0.960000
0.960000
0.960000
0.960000
0.960000
0.960000
0.960000
0.960000
0.960000
0.960000
0.960000
0.960000
0.960000
0.960000
0.960000
0.960000
0.960000
0.960000
0.960000
0.960000
0.960000
0.960000
0.960000
0.960000
0.960000
0.960000
0.960000
0.960000
0.960000
0.960000
0.960000
0.960000
0.960000
0.960000
0.960000
0.960000
0.960000
0.960000
0.960000
0.960000
0.960000
0.960000
0.960000
0.960000
0.960000
0.960000
0.960000
0.960000
0.960000
0.960000
0.960000
0.960000
0.960000
0.960000
0.960000
0.960000
0.960000
0.960000
0.960000
0.960000
0.960000
0.960000
0.960000
0.960000
0.960000
0.960000
0.960000
0.960000
0.960000
0.960000
0.960000
0.960000
0.960000
0.960000
0.960000
0.960000
0.960000
0.960000
0.960000
0.960000
0.960000
0.960000
0.960000
0.960000
0.960000
0.960000
0.960000
0.960000
0.960000
0.960000
0.960000
0.960000
0.960000
0.960000
0.960000
0.960000
0.960000
0.960000
0.960000
0.960000
0.960000
0.960000
0.960000
0.960000
0.960000
0.960000
0.960000
0.960000
0.960000
0.960000
0.960000
0.960000
0.960000
0.960000
0.960000
0.960000
0.960000
0.960000
0.960000
0.960000
0.960000
0.960000
0.960000
0.960000
0.960000
0.960000
0.960000
0.960000
0.960000
0.960000
0.960000
0.960000
0.960000
0.960000
0.960000
0.960000
0.960000
0.960000
0.960000
0.960000
0.960000
0.960000
0.960000
0.960000
0.960000
0.960000
0.960000
0.960000
0.960000
0.960000
0.960000
0.960000
0.960000
0.960000
0.960000
0.960000
0.960000
0.960000
0.960000
0.960000
0.960000
0.960000
0.960000
0.960000
0.960000
0.960000
0.960000
0.960000
0.960000
0.960000
0.960000
0.960000
0.960000
0.960000
0.960000
0.960000
0.960000
0.960000
0.960000
0.960000
0.960000
0.960000
0.960000
0.960000
0.960000
0.960000
0.960000
0.960000
0.960000
0.960000
0.960000
0.960000
0.960000
0.960000
0.960000
0.960000
0.960000
0.960000
0.960000
0.960000
0.960000
0.960000
0.960000
0.960000
0.960000
0.960000
0.960000
0.960000
0.960000
0.960000
0.960000
0.960000
0.960000
0.960000
0.960000
0.960000
0.960000
0.960000
0.960000
0.960000
0.960000
0.960000
0.960000
0.960000
0.960000
0.960000
0.960000
0.960000
0.960000
0.960000
0.960000
0.960000
0.960000
0.960000
0.960000
0.960000
0.960000
0.960000
0.960000
0.960000
0.960000
0.960000
0.960000
0.960000
0.960000
0.960000
0.960000
0.960000
0.960000
0.960000
0.960000
0.960000
0.960000
0.960000
0.960000
0.960000
0.960000
0.960000
0.960000
0.960000
0.960000
0.960000
0.960000
0.960000
0.960000
0.960000
0.960000
0.960000
0.960000
0.960000
0.960000
0.960000
0.960000
0.960000
0.960000
0.960000
0.960000
0.960000
0.960000
0.960042
0.960042
0.960042
0.960042
0.960042
0.960042
0.960042
0.960042
0.960042
0.960042
0.960042
0.960042
0.960042
0.960042
0.960042
0.960042
0.960042
0.960042
0.960042
0.960042
0.960042
0.960042
0.960042
0.960042
0.960042
0.960042
0.960042
0.960042
0.960042
0.960042
0.960000
0.960000
0.960000
0.960000
0.960000
0.960000
0.960000
0.960000
0.960000
0.960000
0.960000
0.960000
0.960000
0.960000
0.960000
0.960000
0.960000
0.960000
0.960000
0.960000
0.960000
0.960000
0.960000
0.960000
0.960000
0.960000
0.960000
0.960000
0.960000
0.960000
0.960000
0.960000
0.960000
0.960000
0.960000
0.960000
0.960000
0.960000
0.960000
0.960000
0.960000
