0.981478
0.980135
0.978951
0.977898
0.976956
0.976108
0.975341
0.974644
0.974007
0.973423
0.972887
0.972391
0.971932
0.971506
0.971109
0.970739
0.970739
0.964922
0.960000
0.960000
0.960000
0.960000
0.960000
0.960000
0.960000
0.960000
0.960000
0.960000
0.960000
0.960000
0.960000
0.960000
0.960000
0.960000
0.960000
0.960000
0.960000
0.960000
0.960000
0.960000
0.960000
0.960000
0.960000
0.960000
0.960000
0.960000
0.960000
0.960000
0.960000
0.960000
0.960000
0.960000
0.960000
0.960000
0.960000
0.960000
0.960000
0.960000
0.960000
0.960000
0.960000
0.960000
0.960000
0.960000
0.960000
0.960000
0.960000
0.960000
0.960000
0.960000
0.960000
0.960000
0.960000
0.960000
0.960000
0.960000
0.960000
0.960000
0.960000
0.960000
0.960000
0.960000
0.960000
0.960000
0.960000
0.960000
0.960000
0.960000
0.960000
0.960000
0.960000
0.960000
0.960000
0.960000
0.960000
0.960000
0.960000
0.960000
0.960000
0.960000
0.960000
0.960000
0.960000
0.960000
0.960000
0.960000
0.960000
0.960000
0.960000
0.960000
0.960000
0.960000
0.960000
0.960000
0.960000
0.960000
0.960000
0.960000
0.960000
0.960000
0.960000
0.960000
0.960000
0.960000
0.960000
0.960000
0.960000
0.960000
0.960000
0.960000
0.960000
0.960000
0.960000
0.960000
0.960000
0.960000
0.960000
0.960000
0.960000
0.960000
0.960000
0.960000
0.960000
0.960000
0.960000
0.960000
0.960000
0.960000
0.960000
0.960000
0.960000
0.960000
0.960000
0.960000
0.960000
0.960000
0.960000
0.960000
0.960000
0.960000
0.960000
0.960000
0.960000
0.960000
0.960000
0.960000
0.960000
0.960000
0.960000
0.960000
0.960000
0.960000
0.960000
0.960000
0.960000
0.960000
0.960000
0.960000
0.960000
0.960000
0.960000
0.960000
0.960000
0.960000
0.960000
0.960000
0.960000
0.960000
0.960000
0.960000
0.960000
0.960000
0.960000
0.960000
0.960000
0.960000
0.960000
0.960000
0.960000
0.960000
0.960000
0.960000
0.960000
0.960000
0.960000
0.960000
0.960000
0.960000
0.960000
0.960000
0.960000
0.960000
0.960000
0.960000
0.960000
0.960000
0.960000
0.960000
0.960000
0.960000
0.960000
0.960000
0.960000
0.960000
0.960000
0.960000
0.960000
0.960000
0.960000
0.960000
0.960000
0.960000
0.960000
0.960000
0.960000
0.960000
0.960000
0.960000
0.960000
0.960000
0.960000
0.960000
0.960000
0.960000
0.960000
0.960000
0.960000
0.960000
0.960000
0.960000
0.960000
0.960000
0.960000
0.960000
0.960000
0.960000
0.960000
0.960000
0.960000
0.960000
0.960000
0.960000
0.960000
0.960000
0.960000
0.960000
0.960000
0.960000
0.960000
0.960000
0.960000
0.960000
0.960000
0.960000
0.960000
0.960000
0.960000
0.960000
0.960000
0.960000
0.960000
0.960000
0.960000
0.960000
0.960000
0.960000
0.960000
0.960000
0.960000
0.960000
0.960000
0.960000
0.960000
0.960000
0.960000
0.960000
0.960000
0.960000
0.960000
0.960000
0.960000
0.960000
0.960000
0.960000
0.960000
0.960000
0.960000
0.960000
0.960000
0.960000
0.960000
0.960000
0.960000
0.960000
0.960000
0.960000
0.960000
0.960000
0.960000
0.960000
0.960000
0.960000
0.960000
0.960000
0.960000
0.960000
0.960000
0.960000
0.960000
0.960000
0.960000
0.960000
0.960000
0.960000
0.960000
0.960000
0.960000
0.960000
0.960000
0.960000
0.960000
0.960000
0.960000
0.960000
0.960000
0.960000
0.960000
0.960000
0.960000
0.960000
0.960000
0.960000
0.960000
0.960000
0.960000
0.960000
0.960000
0.960000
0.960000
0.960000
0.960000
0.960000
0.960000
0.960000
0.960000
0.960000
0.960000
0.960000
0.960000
0.960000
0.960000
0.960000
0.960000
0.960000
0.960000
0.960000
0.960000
0.960000
0.960000
0.960000
0.960000
0.960000
0.960000
0.960000
0.960000
0.960000
0.960000
0.960000
0.960000
0.960000
0.960000
0.960000
0.960000
0.960000
0.963132
0.995796
1.002955
1.002955
1.002955
1.002955
1.002955
1.002955
1.002955
1.002955
1.002955
1.002955
1.002955
1.002955
1.002955
1.002955
1.002955
1.002955
1.002955
1.002955
1.002955
1.002955
1.002955
1.002955
1.002955
1.002955
1.002955
1.002955
1.002955
1.002955
0.999823
0.967159
0.960000
0.960000
0.960000
0.960000
0.960000
0.960000
0.960000
0.960000
0.960000
0.960000
0.960000
0.960000
0.960000
0.960000
0.960000
0.960000
0.960000
0.960000
0.960000
0.960000
0.960000
0.960000
0.960000
0.960000
0.960000
0.960000
0.960000
0.960000
0.960000
0.960000
0.960000
0.960000
0.960000
0.960000
0.960000
0.968949
1.001613
1.035171
1.068282
1.101394
1.134505
1.165826
1.166274
1.166274
1.166274
1.166274
1.166274
1.166274
1.166274
1.166274
1.166274
1.166274
1.166274
1.166274
1.166274
1.166274
1.166274
1.166274
1.166274
1.166274
1.166274
1.166274
1.166274
1.166274
1.166274
1.157325
1.124661
1.091102
1.057991
1.027117
0.998481
0.967159
0.966712
0.966712
0.966712
0.966712
0.966712
0.966712
0.966712
0.966712
0.966712
0.966712
0.966712
0.966712
0.966712
0.966712
0.966712
0.966712
0.966712
0.966712
0.966712
0.966712
0.966712
0.966712
0.966712
0.966712
0.966712
0.966712
0.966712
0.964474
0.960000
0.960000
0.960000
0.960000
0.960000
0.960000
0.960000
0.960000
0.960000
0.960000
0.960000
0.960000
0.960000
0.960000
0.960000
0.960000
0.960000
0.960000
0.960000
0.960000
0.960000
0.960000
0.960000
0.960000
0.960000
0.960000
0.960000
0.960000
0.960000
0.960000
0.960000
0.960000
0.960000
0.960000
0.960000
0.960000
0.960000
0.972976
0.994901
1.015931
1.037409
1.058439
1.079469
1.100051
1.121081
1.141664
1.162247
1.183277
1.203859
1.224442
1.245024
1.265607
1.282163
1.282163
1.282163
1.282163
1.282163
1.282163
1.282163
1.282163
1.282163
1.282163
1.282610
1.282610
1.282610
1.282610
1.282610
1.269634
1.247709
1.226679
1.205202
1.184171
1.163141
1.142559
1.121529
1.100946
1.080364
1.059333
1.038751
1.018168
0.997586
0.977003
0.960447
0.960447
0.960447
0.960447
0.960895
0.960895
0.960895
0.960895
0.960895
0.960895
0.960447
0.960447
0.960447
0.960447
0.960447
0.960447
0.960895
0.960895
0.960895
0.960895
0.960895
0.960895
0.960895
0.960895
0.960895
0.960895
0.960895
0.960895
0.960895
0.960895
0.960895
0.960895
0.960895
0.960895
0.960447
0.960447
0.960447
0.960447
0.960447
0.960447
0.960447
0.960447
0.960447
0.960447
0.960447
0.960447
0.960000
0.960000
0.960000
0.960000
0.960000
0.960000
0.960000
0.960000
0.960000
0.960000
0.960000
0.960000
0.960000
0.960000
0.960000
0.960000
0.960000
0.960000
0.960000
0.960000
0.960000
0.960000
0.960000
0.960000
0.960000
0.960000
0.960000
0.960000
0.960000
0.960000
0.960000
0.960000
0.960000
0.960000
0.960000
0.979240
1.013694
1.013694
1.013694
1.013694
1.013694
1.013694
1.013694
1.013694
1.013694
1.013694
1.013694
1.013694
1.013694
1.013694
1.013694
1.013694
1.013694
1.013694
1.013694
1.013694
1.013694
1.013694
1.013694
1.013694
1.013694
1.013694
1.013694
1.013694
1.013694
0.994453
0.960000
0.960000
0.960000
0.960000
0.960000
0.960000
0.960000
0.960000
0.960000
0.960000
0.960000
0.960000
0.960000
0.960000
0.960000
0.960000
0.960000
0.960000
0.960000
0.960000
0.960000
0.960000
0.960000
0.960000
0.960000
0.960000
0.960000
0.960000
0.960000
0.960000
0.960000
0.960000
0.960000
0.960000
0.960000
0.960000
0.960000
0.960000
0.960000
0.960000
0.960000
0.960000
0.960000
0.960000
0.960000
0.960000
0.960000
0.960000
0.960000
0.960000
0.960000
0.960000
0.960000
0.960000
0.960000
0.960000
0.960000
0.960000
0.960000
0.960000
0.960000
0.960000
0.960000
0.960000
0.960000
0.960000
0.960000
0.960000
0.978793
1.014141
1.014589
1.014589
1.014589
1.014589
1.014589
1.014589
1.014589
1.014589
1.014589
1.014589
1.014589
1.014589
1.014589
1.014589
1.014589
1.014589
1.015036
1.019511
1.019511
1.019511
1.019511
1.019511
1.019511
1.019511
1.038303
1.062913
1.062913
1.062913
1.044120
1.008772
1.008324
1.008324
1.008324
1.008324
1.008324
1.008324
1.008324
1.008324
1.008324
1.008324
1.008324
1.008324
1.008324
1.008324
1.008324
1.008324
1.007877
1.003402
1.003402
1.003402
1.003402
1.003402
1.003402
1.003402
0.984610
0.960000
0.960000
0.960000
0.960000
0.960000
0.960000
0.960000
0.960000
0.960000
0.960000
0.960000
0.960000
0.960000
0.960000
0.960000
0.960000
0.960000
0.960000
0.960000
0.960000
0.960000
0.960000
0.960000
0.960000
0.960000
0.960000
0.960000
0.960000
0.960000
0.960000
0.960000
0.960000
0.960000
0.960000
0.960000
0.960000
0.960000
0.960000
0.960000
0.960000
0.960000
0.960000
0.960000
0.960000
0.960000
0.960000
0.960000
0.960000
0.960000
0.960000
0.960000
0.960000
0.960000
0.960000
0.960000
0.960000
0.960000
0.960000
0.960000
0.960000
0.960000
0.960000
0.960000
0.995348
1.012799
1.012799
1.012799
1.012799
1.012799
1.012799
1.012799
1.012799
1.012799
1.012799
1.012799
1.012799
1.012799
1.012799
1.012799
1.012799
1.012799
1.012799
1.012799
1.012799
1.012799
1.012799
1.012799
1.012799
1.012799
1.012799
1.012799
1.012799
1.012799
0.977450
0.960000
0.960447
0.960447
0.960447
0.960447
0.960447
0.960447
0.960447
0.960447
0.960447
0.960447
0.960447
0.960447
0.960447
0.960447
0.960447
0.960447
0.960447
0.960447
0.960447
0.960447
0.960447
0.988189
1.013694
1.013694
1.014141
1.014141
1.014141
1.014141
1.014141
1.014141
1.013694
1.013694
1.013694
1.013694
1.013694
1.013694
1.013694
1.013694
1.013694
1.013694
1.013694
1.013694
1.013694
1.013694
1.013694
1.013694
1.013694
1.013694
1.013694
1.013694
1.013694
0.985952
0.960447
0.960447
0.960000
0.960000
0.960000
0.960000
0.960000
0.960000
0.960000
0.960000
0.960000
0.960000
0.960000
0.960000
0.960000
0.960000
0.960000
0.960000
0.960000
0.960000
0.960000
0.960000
0.960000
0.960000
0.960000
0.960000
0.960000
0.960000
0.960000
0.960000
0.960000
0.960000
0.960000
0.960000
0.960000
0.960000
0.960000
0.960000
0.960000
0.960000
0.960000
0.960000
0.960000
0.960000
0.960000
0.960000
0.960000
0.960000
0.960000
0.960000
0.960000
0.960000
0.960000
0.960000
0.960000
0.960000
0.960000
0.960000
0.960000
0.960000
0.960000
0.960000
0.960000
0.960000
0.962685
0.995348
1.003402
1.003402
1.003402
1.003402
1.003402
1.003402
1.003402
1.003402
1.003402
1.003402
1.003402
1.003402
1.003402
1.003402
1.003402
1.003402
1.004297
1.004297
1.005192
1.005192
1.005192
1.005640
1.005640
1.005640
1.005640
1.005640
1.005640
1.005640
1.002955
0.970291
0.962237
0.962237
0.962237
0.962237
0.962237
0.962237
0.962685
0.962685
0.962685
0.962685
0.962685
0.962685
0.962685
0.962685
0.962685
0.962685
0.961790
0.961790
0.960895
0.960895
0.960895
0.960447
0.960447
0.960447
0.960447
0.960447
0.964922
0.964922
0.964922
0.964922
0.964922
0.964922
0.964922
0.964922
0.964922
0.971634
0.973423
0.973423
0.973423
0.973423
0.973423
0.973423
0.973423
0.973423
0.973423
0.973423
0.973423
0.973423
0.973423
0.973423
0.973423
0.973423
0.973423
0.973423
0.973423
0.973423
0.968949
0.968949
0.968949
0.968949
0.968949
0.999375
1.019511
1.019511
1.019511
1.012799
1.010562
1.010562
1.010562
1.010562
1.010562
1.010562
1.010562
1.010562
1.010562
1.011904
1.013694
1.013694
1.013694
1.013694
1.013694
1.013694
1.013694
1.013694
1.013694
1.013694
1.013694
1.013694
1.013694
1.013694
1.013694
0.983267
0.963132
0.963132
0.963132
0.963132
0.963132
0.963580
0.963580
0.963580
0.963580
0.963580
0.963580
0.963580
0.963580
0.962237
0.960447
0.960447
0.960447
0.960447
0.960447
0.960447
0.960447
0.960447
0.960447
0.960447
0.960447
0.960447
0.960447
0.960447
0.960447
0.960447
0.960447
0.960447
0.960447
0.960447
0.960447
0.960000
0.960000
0.960000
0.960000
0.960000
0.960000
0.960000
0.960000
0.960000
0.960000
0.960000
0.960000
0.960000
0.960000
0.960000
0.960000
0.960000
0.960000
0.960000
0.960000
0.960000
0.960000
0.960000
0.960000
0.960000
0.960000
0.960000
0.960000
0.960000
0.960000
0.960000
0.960000
0.960000
0.960000
0.960000
0.960000
0.960000
0.960000
0.960000
0.960000
0.960000
0.960000
0.960000
0.960000
0.960000
0.960000
0.960000
0.960000
0.960000
0.960000
0.960000
0.960000
0.960000
0.960000
0.960000
0.960000
0.960000
0.960000
0.960000
0.960000
0.960000
0.960000
0.960000
0.960000
0.960000
0.960000
0.960000
0.960000
0.960000
0.960000
0.960000
0.960000
0.960447
0.960447
0.960447
0.979688
1.018168
1.038751
1.039646
1.077679
1.097367
1.097367
1.103183
1.121529
1.140322
1.154192
1.171643
1.177012
1.180592
1.198042
1.201622
1.201622
1.207886
1.224889
1.234733
1.246367
1.261133
1.273214
1.284400
1.284400
1.284400
1.289322
1.321091
1.335856
1.372100
1.360913
1.322433
1.301850
1.300955
1.262922
1.243235
1.254868
1.257553
1.239208
1.220415
1.206544
1.189093
1.183724
1.180144
1.162694
1.159114
1.160904
1.154640
1.148376
1.138532
1.126898
1.114370
1.102288
1.092445
1.093340
1.095577
1.098709
1.067835
1.053964
1.017721
1.009667
1.009667
1.009667
1.009667
1.009667
1.009667
0.999823
0.991321
0.991321
0.991321
0.991321
0.991321
0.991321
0.991321
0.991321
0.991321
0.989532
0.989532
0.978793
0.978793
0.978793
0.976556
0.976556
0.975213
0.974318
0.972081
0.964027
0.962685
0.961790
0.961790
0.961790
0.961790
0.961790
0.961790
0.961790
0.961790
0.960000
0.960000
0.960000
0.960000
0.960000
0.960000
0.960000
0.960000
0.960000
0.960000
0.960000
0.960000
0.960000
0.960000
0.960000
0.960000
0.960000
0.960000
0.960447
0.964922
0.969396
0.969396
0.969396
0.969396
0.969396
0.969396
0.969396
0.969396
0.969396
0.969396
0.969396
0.969396
0.969396
0.969396
0.972081
1.015036
1.032934
1.032934
1.032934
1.032934
1.032934
1.032934
1.032934
1.032934
1.032934
1.032934
1.032934
1.032934
1.032487
1.028012
1.023538
1.023538
1.023538
1.023538
1.023538
1.023538
1.023538
1.023538
1.023538
1.023538
1.023538
1.023538
1.023538
1.023538
1.020853
0.977898
0.960000
0.960000
0.960000
0.960000
0.960000
0.960000
0.960000
0.960000
0.960000
0.960000
0.960000
0.960000
0.960000
0.960000
0.960000
0.960000
0.960000
0.960000
0.960000
0.960000
0.960000
0.960000
0.960000
0.960000
0.960000
0.960000
0.960000
0.960000
0.960000
0.960000
0.960000
0.960000
0.960000
0.960000
0.960000
0.960000
0.960000
0.960000
0.960000
0.960000
0.960000
0.960000
0.960000
0.960000
0.960000
0.960000
0.960000
0.960000
0.960000
0.960000
0.960000
0.960000
0.960000
0.960000
0.960000
0.960000
0.960000
0.960000
0.960000
0.960000
0.960000
0.960000
0.960000
0.960000
0.960000
0.960000
0.960000
0.960000
0.960000
0.960000
0.960000
0.960000
0.960000
0.960000
0.960000
0.960000
0.960000
0.960000
0.960000
0.960000
0.960000
0.960000
0.960000
0.960000
0.960000
0.960000
0.960000
0.960000
0.960000
0.960000
0.960000
0.960000
0.960000
0.960000
0.960000
0.960000
0.960000
0.960000
0.960000
0.960000
0.960000
0.960000
0.960000
0.960000
0.960000
0.960000
0.960000
0.960000
0.960000
0.960000
0.960000
0.960000
0.960000
0.960000
0.960000
0.960000
0.960000
0.960000
0.960000
0.960000
0.960000
0.960000
0.960000
0.960000
0.960000
0.960000
0.960000
0.960000
0.960000
0.960000
0.960000
0.960000
0.960000
0.960000
0.960000
0.960000
0.960000
0.960000
0.960000
0.960000
0.960000
0.960000
0.960000
0.960000
0.960000
0.960000
0.960000
0.960000
0.960000
0.960000
0.960000
0.960000
0.960000
0.960000
0.960000
0.960000
0.960000
0.960000
0.960000
0.960000
0.960000
0.960000
0.960000
0.960000
0.960000
0.960000
0.960000
0.960000
0.960000
0.960000
0.960000
0.960000
0.960000
0.960000
0.960000
0.960000
0.960000
0.960000
0.960000
0.960000
0.960000
0.960000
0.960000
0.960000
0.960000
0.960000
0.960000
0.960000
0.960000
0.960000
0.960000
0.960000
0.960000
0.960000
0.960000
0.960000
0.960000
0.960000
0.960000
0.960000
0.960000
0.960000
0.960000
0.960000
0.960000
0.960000
0.960000
0.960000
0.960000
0.960000
0.960000
0.960000
0.960000
0.960000
0.960000
0.960000
0.960000
0.960000
0.960000
0.960000
0.960000
0.960000
0.960000
0.960000
0.960000
0.960000
0.960000
0.960000
0.960000
0.960000
0.960000
0.960000
0.960000
0.960000
0.960000
0.960000
0.960000
0.960000
0.960000
0.960000
0.960000
0.960000
0.960000
0.960000
0.960000
0.960000
0.960000
0.960000
0.960000
0.960000
0.960000
0.960000
0.960000
0.960000
0.960000
0.960000
0.960000
0.960000
0.960000
0.960000
0.960000
0.960000
0.960000
0.960000
0.960000
0.960000
0.960000
0.960000
0.960000
0.960000
0.960000
0.960000
0.960000
0.960000
0.960000
0.960000
0.960000
0.960000
0.960000
0.960000
0.960000
0.960000
0.960000
0.960000
0.960000
0.960000
0.960000
0.960000
0.960000
0.960000
0.960000
0.960000
0.960000
0.960000
0.960000
0.960000
0.960000
0.960000
0.960000
0.960000
0.960000
0.960000
0.960000
0.960000
0.960000
0.960000
0.960000
0.960000
0.960000
0.960000
0.960000
0.960000
0.960000
0.960000
0.960000
0.960000
0.960000
0.960000
0.960000
0.960000
0.960000
0.977450
1.002955
1.002955
1.002955
1.002955
1.002955
1.002955
1.002955
1.002955
1.002955
1.002955
1.002955
1.002955
1.002955
1.002955
1.002955
1.002955
1.002955
1.002955
1.002955
1.002955
1.002955
1.002955
1.002955
1.002955
1.002955
1.002955
1.002955
1.002955
1.002955
0.985505
0.960000
0.960000
0.960000
0.960000
0.960000
0.960000
0.960000
0.960000
0.960000
0.960000
0.960000
0.960000
0.960000
0.960000
0.960000
0.960000
0.960000
0.960000
0.960000
0.960000
0.960000
0.960000
0.960000
0.960000
0.960000
0.960000
0.960000
0.960000
0.960000
0.960000
0.960000
0.960000
0.960000
0.960000
0.960000
0.960000
0.960000
0.960000
0.961790
0.964474
0.964474
0.964474
0.964474
1.006982
1.015484
1.015484
1.015484
1.015484
1.015484
1.015484
1.015484
1.015484
1.015484
1.015484
1.015484
1.015484
1.015484
1.015484
1.015484
1.015484
1.015484
1.015484
1.015484
1.015484
1.015484
1.015484
1.015484
1.015484
1.013694
1.011009
1.011009
1.011009
1.011009
0.968502
0.960000
0.960000
0.960000
0.960000
0.960000
0.960000
0.960000
0.960000
0.960000
0.960000
0.960000
0.960000
0.960000
0.960000
0.960000
0.960000
0.960000
0.983267
1.017273
1.051279
1.084838
1.122424
1.156877
1.190883
1.224442
1.248157
1.283057
1.309009
1.313931
1.319748
1.321985
1.321985
1.347937
1.381943
1.415950
1.449956
1.483962
1.517968
1.551974
1.559580
1.559580
1.559580
1.559580
1.559580
1.559580
1.559580
1.559580
1.536313
1.502307
1.468301
1.434742
1.397157
1.362703
1.328697
1.295139
1.271424
1.236523
1.211018
1.206096
1.200280
1.198042
1.198042
1.172090
1.138084
1.105421
1.076336
1.042330
1.008324
0.975661
0.969844
0.970739
0.971634
0.975213
0.975213
0.975213
0.975213
0.975213
0.975213
0.975213
0.975213
0.975213
0.975213
0.975213
0.975213
0.975213
0.975213
0.975213
0.974766
0.974766
0.974766
0.974766
0.974766
0.974766
0.974766
0.973423
0.968502
0.968502
0.968502
0.967159
0.965369
0.964474
0.963580
0.960000
0.960000
0.960000
0.960000
0.960000
0.960000
0.960000
0.960000
0.960000
0.960000
0.960000
0.960000
0.960000
0.960000
0.960000
0.960000
0.960000
0.960000
0.960000
0.960000
0.960000
0.960000
0.960000
0.960000
0.960000
0.960000
0.960000
0.960000
0.960000
0.960000
0.960000
0.960000
0.960000
0.960000
0.960000
0.960000
0.960000
0.960000
0.960000
0.960000
0.960000
0.960000
0.960000
0.960000
0.960000
0.960000
0.960000
0.960000
0.960000
0.960000
0.960000
0.960000
0.960000
0.960000
0.960000
0.960000
0.960000
0.960000
0.960000
0.960000
0.960000
0.960000
0.960000
0.960000
0.960000
0.960000
0.960000
0.960000
0.960000
0.960000
0.960000
0.960000
0.960000
0.960000
0.960000
0.960000
0.960000
0.960000
0.960000
0.960000
0.960000
0.960000
0.960000
0.960000
0.960000
0.960000
0.960000
0.960000
0.960000
0.960000
0.960000
0.960000
0.960000
0.960000
0.960000
0.960000
0.960000
0.960000
0.960000
0.960000
0.960000
0.960000
0.960000
0.960000
0.960000
0.960000
0.960000
0.960000
0.960000
0.960000
0.960000
0.960000
0.960000
0.960000
0.960000
0.960000
0.960000
0.960000
0.960000
0.960000
0.960000
0.960000
0.960000
0.960000
0.960000
0.960000
0.960000
0.960000
0.960000
0.960000
0.960000
0.960000
0.960000
0.960000
0.960000
0.960000
0.960000
0.960000
0.960000
0.960000
0.960000
0.960000
0.960000
0.960000
0.960000
0.960000
0.960000
0.960000
0.960000
0.960000
0.960000
0.960000
0.960000
0.960000
0.960000
0.960000
0.960000
0.960000
0.960000
0.960000
0.960000
0.960000
0.960000
0.960000
0.960000
0.960000
0.960000
0.960000
0.960000
0.960000
0.960000
0.960000
0.960000
0.960000
0.960000
0.960000
0.960000
0.960000
0.960000
0.960000
0.960000
0.960000
0.960000
0.960000
0.960000
0.960000
0.960000
0.960000
0.960000
0.960000
0.960000
0.960000
0.960000
0.960000
0.960000
0.960000
0.960000
0.960000
0.960000
0.960000
0.960000
0.960000
0.960000
0.960000
0.960000
0.960000
0.960000
0.964922
0.968502
0.968502
0.970739
0.970739
0.970739
0.970739
0.970739
0.970739
0.970739
0.970739
0.970739
0.970739
0.970739
0.970739
0.970739
0.970739
0.970739
0.970739
0.970739
0.970739
0.970739
0.970739
0.970739
0.970739
0.971634
0.974766
0.974766
0.974766
0.974766
0.969844
0.966264
0.967607
0.965369
0.965369
0.965369
0.965369
0.965369
0.965369
0.965369
0.965369
0.965369
0.965369
0.965369
0.965369
0.965369
0.965369
0.965369
0.965369
0.965369
0.965369
0.965369
0.965369
0.965369
0.965369
0.964474
0.961342
0.961342
0.961342
0.961342
0.964474
0.964474
0.963132
0.963132
0.963132
0.963132
0.963132
0.963132
0.963132
0.963132
0.963132
0.963132
0.963132
0.963132
0.963132
0.963132
0.963132
0.963132
0.963132
0.963132
0.963132
0.963132
0.963132
0.963132
0.963132
0.963132
0.963132
0.963132
0.963132
0.963132
0.960000
0.960000
0.960000
0.960000
0.960000
0.960000
0.960000
0.960000
0.960000
0.960000
0.960000
0.960000
0.960000
0.960000
0.960000
0.960000
0.960000
0.960000
0.960000
0.960000
0.960000
0.960000
0.960000
0.960000
0.960000
0.960000
0.960000
0.960000
0.960000
0.960000
0.960000
0.960000
0.960000
0.960000
0.960000
0.960000
0.960000
0.960000
0.960000
0.960000
0.960000
0.960000
0.960000
0.960000
0.960000
0.960000
0.960000
0.960000
0.960000
0.960000
0.960000
0.960000
0.960000
0.960000
0.960000
0.960000
0.960000
0.960000
0.960000
0.960000
0.960000
0.960000
0.960000
0.960000
0.960000
0.960000
0.960000
0.960000
0.960000
0.960000
0.960000
0.960000
0.960000
0.960000
0.960000
0.960000
0.960000
0.960000
0.960000
0.960000
0.960000
0.960000
0.960000
0.960000
0.960000
0.960000
0.960000
0.960000
0.960000
0.960000
0.960000
0.960000
0.960000
0.960000
0.960000
0.960000
0.960000
0.960000
0.960000
0.960000
0.960000
0.960000
0.960000
0.960000
0.960000
0.960000
0.960000
0.960000
0.960000
0.960000
0.960000
0.960000
0.960000
0.960000
0.960000
0.960000
0.960000
0.960000
0.960000
0.960000
0.960000
0.960000
0.960000
0.960000
0.960000
0.960000
0.960000
0.960000
0.960000
0.960000
0.960000
0.960000
0.960000
0.960000
0.960000
0.960000
0.960000
0.960000
0.960000
0.960000
0.960000
0.960000
0.960000
0.960000
0.960000
0.960000
0.960000
0.960000
0.960000
0.960000
0.960000
0.960000
0.960000
0.960000
0.960000
0.960000
0.960000
0.960000
0.960000
0.960000
0.960000
0.960000
0.960000
0.960000
0.960000
0.960000
0.960000
0.960000
0.960000
0.960000
0.960000
0.960000
0.960000
0.960000
0.960000
0.960000
0.960000
0.960000
0.960000
0.960000
0.960000
0.960000
0.960000
0.960000
0.960895
0.960895
0.968502
1.004745
1.014141
1.014141
1.014141
1.014141
1.014141
1.014141
1.014141
1.014141
1.014141
1.014141
1.014141
1.014141
1.014141
1.014141
1.014141
1.014141
1.014141
1.014141
1.014141
1.052174
1.065150
1.065150
1.067388
1.073652
1.073652
1.073652
1.072757
1.072757
1.065150
1.032039
1.022643
1.022643
1.024433
1.024433
1.024433
1.024433
1.024433
1.024433
1.024433
1.024433
1.024880
1.031592
1.037856
1.037856
1.037856
1.037856
1.037856
1.037856
1.039198
1.001165
0.988189
0.988189
0.985952
0.979688
0.979688
0.979688
0.979688
0.979688
0.979688
0.976556
0.976556
0.976556
0.974766
0.974766
0.974766
0.974766
0.974766
0.974766
0.974766
0.974766
0.974318
0.967607
0.961342
0.961342
0.961342
0.961342
0.972976
0.993559
1.011457
1.012799
1.012799
1.014141
1.019958
1.027565
1.040541
1.043225
1.053964
1.057096
1.058886
1.066493
1.071862
1.076336
1.079021
1.083048
1.089312
1.089760
1.089760
1.089760
1.089760
1.089760
1.089760
1.089760
1.089760
1.089760
1.089760
1.089760
1.078126
1.057544
1.058886
1.087970
1.087970
1.086628
1.080811
1.073204
1.060228
1.057544
1.049042
1.045910
1.044120
1.036514
1.031144
1.026670
1.023985
1.019958
1.013694
1.013246
1.013246
1.013246
1.013246
1.013246
1.013246
1.013246
1.013246
1.021300
1.032487
1.097814
1.164484
1.231153
1.258895
1.275451
1.279478
1.279925
1.279925
1.279925
1.279925
1.279925
1.277688
1.277688
1.277688
1.277688
1.277688
1.277688
1.277688
1.277688
1.277688
1.277688
1.277688
1.277688
1.277688
1.277688
1.277688
1.277688
1.277688
1.269634
1.258448
1.193120
1.126451
1.059781
1.012799
0.965817
0.961790
0.962685
0.962685
0.962685
0.962685
0.967607
0.967607
0.967607
0.967607
0.967607
0.967607
0.968054
0.968054
0.968054
0.968054
0.968054
0.968054
0.968054
0.968054
0.968054
0.968054
0.968054
0.968054
0.968054
0.968054
0.968054
0.968054
0.968054
0.966712
0.966712
0.966712
0.965369
0.966264
0.966264
0.966264
0.961342
0.961342
0.961342
0.961342
0.961342
0.961342
0.960895
0.960895
0.960895
0.960895
0.960895
0.960895
0.960895
0.960895
0.960895
0.960895
0.960895
0.960895
0.960895
0.960895
0.960895
0.960895
0.977450
1.013694
1.015484
1.015484
1.015484
1.014589
1.014589
1.014589
1.014589
1.014589
1.014589
1.014589
1.014589
1.014589
1.014589
1.014589
1.014589
1.014589
1.014589
1.014589
1.014589
1.014589
1.014589
1.014589
1.014589
1.014589
1.014589
1.014589
1.014589
1.014589
0.998033
0.961790
0.960000
0.960000
0.960000
0.960000
0.960000
0.960000
0.960000
0.960000
0.960000
0.960000
0.960000
0.960000
0.960000
0.960000
0.960000
0.960000
0.961790
0.962237
0.962237
0.962237
0.962237
0.962237
0.962237
0.962237
0.962237
0.962237
0.962237
0.962237
0.962237
0.962237
0.962237
0.962237
0.962237
0.962237
0.962237
0.962237
0.966712
0.966712
0.966712
0.966712
0.966712
0.966712
0.966712
0.966712
0.966712
0.966712
0.964922
0.964474
0.964474
0.964474
0.964474
0.964474
0.964474
0.964474
0.964474
0.965369
0.965369
0.965369
0.965369
0.965369
0.968949
1.018168
1.021300
1.021300
1.021300
1.021300
1.016826
1.016826
1.017273
1.021748
1.021748
1.021748
1.021748
1.021748
1.021748
1.021748
1.022195
1.022195
1.022195
1.022195
1.022195
1.022195
1.022195
1.022195
1.022195
1.021300
1.021300
1.021300
1.021300
1.021300
1.017721
0.968502
0.965369
0.965369
0.965369
0.965369
0.965369
0.965369
0.964922
0.961342
0.961342
0.961342
0.961342
0.961342
0.961342
0.961342
0.960895
0.960895
0.960895
0.989979
1.011457
1.011457
1.011457
1.011457
1.011457
1.011457
1.011457
1.011457
1.011457
1.011457
1.011457
1.011457
1.011457
1.011457
1.011457
1.011457
1.011457
1.011457
1.011457
1.010562
1.010562
1.010562
1.010562
1.010562
1.010562
1.010562
1.010562
1.010562
1.010562
0.981478
0.960000
0.960000
0.960000
0.960000
0.960000
0.960000
0.960000
0.960000
0.960000
0.960000
0.960000
0.960000
0.960000
0.960000
0.960000
0.960000
0.960000
0.960000
0.960000
0.960000
0.960000
0.960000
0.960000
0.960000
0.960000
0.960000
0.960000
0.960000
0.960000
0.960000
0.960000
0.960000
0.960000
0.960000
0.960000
0.960000
0.960000
0.960000
0.960000
0.960000
0.960000
0.960000
0.960000
0.960000
0.960000
0.960000
0.960000
0.960000
0.960000
0.960000
0.960000
0.960000
0.960000
0.960000
0.960895
1.006982
1.021748
1.021748
1.021748
1.021748
1.021748
1.021748
1.021748
1.021748
1.021748
1.021748
1.021748
1.021748
1.021748
1.021748
1.021748
1.021748
1.021748
1.021748
1.021748
1.021748
1.021748
1.021748
1.021748
1.021748
1.021748
1.021748
1.021748
1.021748
1.020853
0.974766
0.960000
0.960000
0.960000
0.960000
0.960000
0.960000
0.960000
0.960000
0.960000
0.960000
0.960000
0.960000
0.960000
0.960000
0.960000
0.960000
0.960000
0.960000
0.960000
0.960000
0.960000
0.960000
0.960000
0.960000
0.960000
0.960000
0.960000
0.960000
0.960000
0.960000
0.960000
0.960000
0.960000
0.960000
0.960000
0.960000
0.960000
0.960000
0.960000
0.960000
0.960000
0.960000
0.960000
0.960000
0.960000
0.960000
0.960000
0.960000
0.960000
0.960000
0.960000
0.960000
0.960000
0.960000
0.960000
0.960000
0.960000
0.960000
0.960000
0.960000
0.960000
0.960000
0.960000
0.960000
0.960000
0.960000
0.960000
0.960000
0.960000
0.960000
0.960000
0.960000
0.960000
0.960000
0.960000
0.960000
0.960000
0.960000
0.960000
0.960000
0.960000
0.960000
0.960000
0.960000
0.960000
0.960000
0.960000
0.960000
0.960000
0.960000
0.960000
0.960000
0.960000
0.960000
0.960000
0.960000
0.960000
0.960000
0.960000
0.960000
0.960000
0.960000
0.960000
0.960000
0.960000
0.960000
0.960000
0.960000
0.960000
0.960000
0.960000
0.960000
0.960000
0.960000
0.960000
0.960000
0.960000
0.960000
0.960000
0.960000
0.960000
0.960000
0.960000
0.960000
0.960000
0.960000
0.960000
0.960000
0.960000
0.960000
0.960000
0.960000
0.960000
0.960000
0.960000
0.960000
0.960000
0.960000
0.960000
0.960000
0.960000
0.960000
0.960000
0.960000
0.960000
0.960000
0.960000
0.960000
0.960000
0.960000
0.960000
0.960000
0.960000
0.960000
0.960000
0.960000
0.960000
0.960000
0.960000
0.960000
0.960000
0.960000
0.960000
0.960000
0.960000
0.960000
0.960000
0.960000
0.960000
0.960000
0.960000
0.960000
0.960000
0.960000
0.960000
0.960000
0.960000
0.960000
0.960000
0.960000
0.960000
0.960000
0.960000
0.960000
0.960000
0.960000
0.960000
0.960000
0.960000
0.960000
0.960000
0.960000
0.960000
0.960000
0.960000
0.960000
0.960000
0.960000
0.960000
0.960000
0.960000
0.960000
0.960000
0.960000
0.960000
0.960000
0.960000
0.960000
0.960000
0.960000
0.960000
0.960000
0.960000
0.960000
0.960000
0.960000
0.960000
0.960000
0.960000
0.960000
0.960000
0.960000
0.960000
0.960000
0.960000
0.960000
0.960000
0.960000
0.960000
0.960000
0.960000
0.960000
0.960000
0.960000
0.960000
0.960000
0.960000
0.960000
0.960000
0.960000
0.960000
0.960000
0.960000
0.960000
0.960000
0.960000
0.960000
0.960000
0.960000
0.960000
0.960000
0.960000
0.960000
0.960000
0.960000
0.960000
0.960000
0.960000
0.960000
0.960000
0.960000
0.960000
0.960000
0.960000
0.960000
0.960000
0.960000
0.960000
0.960000
0.960000
0.960000
0.960000
0.960000
0.960000
0.960000
0.960000
0.960000
0.960000
0.960000
0.960000
0.960000
0.960000
0.960000
0.960000
0.960000
0.960000
0.960000
0.960000
0.960000
0.960000
0.960000
0.960000
0.960000
0.960000
0.960000
0.960000
0.960000
0.960000
0.960000
0.960000
0.960000
0.960000
0.960000
0.960000
0.960000
0.960000
0.960000
0.960000
0.960000
0.960000
0.960000
0.960000
0.960000
0.960000
0.960000
0.960000
0.960000
0.960000
0.960000
0.960000
0.960000
0.960000
0.960000
0.960000
0.960000
0.960000
0.960000
0.960000
0.960000
0.960000
0.960000
0.960000
0.963132
0.996243
1.003402
1.003402
1.003402
1.003402
1.003402
1.003402
1.003402
1.003402
1.003402
1.003402
1.003402
1.003402
1.003402
1.003402
1.003402
1.003402
1.003402
1.003402
1.003402
1.003402
1.003402
1.003402
1.003402
1.030249
1.048595
1.048595
1.048595
1.048595
1.045463
1.012351
1.005192
1.005192
1.005192
1.005192
1.005192
1.005192
1.005192
1.005192
1.005192
1.005192
1.005640
1.008324
1.008324
1.008324
1.008324
1.008324
1.008324
1.015484
1.017273
1.019958
1.023090
1.026222
1.051279
1.058439
1.074547
1.108553
1.142559
1.177012
1.211018
1.233391
1.233838
1.233838
1.233838
1.233838
1.234286
1.234733
1.234733
1.234733
1.234733
1.234733
1.234286
1.231601
1.231601
1.231601
1.231601
1.231601
1.231601
1.224442
1.222652
1.219967
1.216835
1.239655
1.248604
1.249499
1.249051
1.249051
1.249051
1.248604
1.248157
1.257553
1.258000
1.258000
1.258000
1.258000
1.257553
1.257105
1.259790
1.259790
1.259790
1.259790
1.260685
1.260685
1.260685
1.260685
1.260685
1.260685
1.260685
1.260685
1.260685
1.260685
1.260685
1.234733
1.200727
1.165826
1.131820
1.097814
1.063808
1.029802
0.996243
0.964474
0.963580
0.963580
0.963580
0.963580
0.963580
0.963580
0.960895
0.960895
0.960895
0.960895
0.960000
0.960000
0.960000
0.960000
0.960895
0.961342
0.964474
0.964474
0.964474
0.964474
0.964474
0.964474
0.964474
0.964474
0.964474
0.964474
0.964474
0.964474
0.964474
0.964474
0.964474
0.964474
0.964474
0.964474
0.964474
0.964474
0.964474
0.964474
0.964474
0.964474
0.964474
0.964474
0.964474
0.964474
0.963580
0.963132
0.960000
0.960000
0.960000
0.960000
0.960000
0.960000
0.960000
0.960000
0.960000
0.960000
0.960000
0.960000
0.960000
0.960000
0.960000
0.960000
0.960000
0.960000
0.960000
0.960000
0.960000
0.960000
0.960000
0.960000
0.960000
0.989532
1.011009
1.011009
1.011009
1.011009
1.011009
1.011009
1.011009
1.011009
1.011009
1.011009
1.011457
1.011457
1.011457
1.017721
1.017721
1.017721
1.017721
1.017721
1.017721
1.017721
1.017721
1.017721
1.017721
1.017721
1.017721
1.017721
1.017721
1.017721
1.017721
0.988189
0.966712
0.966712
0.966712
0.966712
0.966712
0.966712
0.966712
0.966712
0.966712
0.966712
0.966264
0.966264
0.966264
0.960000
0.960000
0.960000
0.960000
0.960000
0.960000
0.960000
0.960000
0.960000
0.960000
0.960000
0.960000
0.960000
0.960000
0.960000
0.960000
0.960000
0.960000
0.960000
0.960000
0.960000
0.960000
0.960000
0.960000
0.960000
0.960000
0.960000
0.960000
0.960000
0.960000
0.960000
0.960000
0.960000
0.960000
0.960000
0.960000
0.960000
0.960000
0.960000
0.960000
0.960000
0.960000
0.960000
0.960000
0.960000
0.960000
0.960000
0.960000
0.960000
0.960000
0.960000
0.960000
0.960000
0.960000
0.960000
0.960000
0.960000
0.960000
0.960000
0.960000
0.960000
0.960000
0.989532
1.011457
1.011457
1.011457
1.011457
1.011457
1.011457
1.011457
1.011457
1.011457
1.011457
1.011457
1.012351
1.012351
1.012351
1.012351
1.012351
1.012351
1.012351
1.012351
1.012351
1.012351
1.012351
1.012351
1.012351
1.012351
1.012351
1.012351
1.012351
1.012351
0.982820
0.960895
0.960895
0.960895
0.960895
0.960895
0.960895
0.960895
0.960895
0.960895
0.960895
0.960895
0.960000
0.960000
0.960000
0.960000
0.960000
0.960000
0.960000
0.960000
0.960000
0.960000
0.960000
0.966264
0.985057
0.989084
0.989084
0.989084
0.989084
0.989084
0.989084
0.989084
0.989084
0.989084
0.989084
0.989084
0.989084
0.989084
0.989084
0.989084
0.992216
0.992216
0.992216
0.992216
0.992216
0.992216
0.992216
0.993111
0.993111
0.993111
0.993111
0.993111
0.993111
0.986847
0.968054
0.964027
0.964027
0.964027
0.964027
0.964027
0.964027
0.964027
0.964027
0.964027
0.964027
0.964027
0.964027
0.964027
0.964027
0.964027
0.960895
0.960895
0.960895
0.960895
0.960895
0.960895
0.960895
0.960000
0.960000
0.960000
0.960000
0.960000
0.960000
0.960000
0.960000
0.960000
0.960447
0.962685
0.964027
0.964027
0.964027
0.964027
0.964027
0.964027
0.964027
0.964027
0.964027
0.964027
0.964027
0.964027
0.964027
0.964027
0.964027
0.964027
0.964027
0.964027
0.964027
0.964027
0.964027
0.964027
0.964027
0.964027
0.964027
0.964027
0.964027
0.964027
0.963580
0.961342
0.960000
0.960000
0.960000
0.962237
0.962237
0.962237
0.962237
0.962237
0.962237
0.962237
0.962237
0.962237
0.962237
0.962237
0.962237
0.962237
0.962237
0.962237
0.962237
0.962237
0.962237
0.962237
0.977450
1.013694
1.015931
1.015931
1.015931
1.015931
1.015931
1.015931
1.015931
1.015931
1.015931
1.013694
1.013694
1.025327
1.061571
1.066940
1.066940
1.066940
1.066940
1.066940
1.066940
1.066940
1.066940
1.066940
1.066940
1.066940
1.066940
1.066940
1.066940
1.066940
1.051727
1.015484
1.013246
1.013246
1.013246
1.013246
1.013246
1.013246
1.013246
1.013246
1.013246
1.013246
1.013246
1.001613
0.965369
0.960000
0.960000
0.960000
0.960000
0.960000
0.960000
0.960000
0.960000
0.960000
0.960000
0.960000
0.960000
0.960000
0.960000
0.960000
0.960000
0.960000
0.960000
0.960000
0.960000
0.960000
0.960000
0.960000
0.960000
0.960000
0.960000
0.960000
0.960000
0.960000
0.960000
0.960000
0.960000
0.960000
0.960000
0.960000
0.960000
0.960000
0.960000
0.960000
0.960000
0.960000
0.960000
0.960000
0.960000
0.960000
0.960000
0.960000
0.960000
0.960000
0.960000
0.960000
0.960000
0.960000
0.960000
0.960000
0.960000
0.960000
0.960000
0.960000
0.960000
0.977003
1.011457
1.011457
1.011457
1.011457
1.011457
1.011457
1.011457
1.011457
1.011457
1.011457
1.011457
1.011457
1.011457
1.011457
1.011457
1.011457
1.011457
1.011457
1.011457
1.011457
1.011457
1.011457
1.034276
1.064255
1.064255
1.064255
1.064255
1.064255
1.064255
1.047252
1.012799
1.012799
1.012799
1.012799
1.012799
1.012799
1.012799
1.012799
1.012799
1.012799
1.012799
1.012799
1.012799
1.012799
1.012799
1.012799
1.012799
1.012799
1.012799
1.012799
1.012799
1.012799
0.989979
0.960000
0.960000
0.960000
0.960000
0.960000
0.960000
0.960000
0.960000
0.960000
0.960000
0.960000
0.960000
0.960000
0.960000
0.960000
0.960000
0.960000
0.960000
0.960000
0.960000
0.960000
0.960000
0.960000
0.960000
0.960895
0.960895
0.960895
0.960895
0.960895
0.960895
0.960895
0.960895
0.960895
0.962237
0.962237
0.962237
0.962237
0.962685
0.962685
0.962685
0.962685
0.962685
0.962685
0.962685
0.962685
0.962685
0.962685
0.962685
0.962685
0.962685
0.962685
0.962685
0.962685
0.963132
0.962237
0.962237
0.962237
0.962237
0.962237
0.962237
0.962237
0.962237
0.962237
0.960895
0.960895
0.960895
0.960895
0.964922
0.964922
0.968502
0.968502
0.968502
0.968502
0.968502
0.968502
0.968502
0.968502
0.968502
0.968502
0.968502
0.968502
0.968502
0.968502
0.968054
0.968054
0.968054
0.968054
0.968054
0.968054
0.968054
0.968054
0.975213
1.008324
1.014589
1.014589
1.016378
1.032934
1.028460
1.028460
1.024880
1.024880
1.024880
1.024880
1.024880
1.024880
1.024880
1.024880
1.024880
1.024880
1.024880
1.024880
1.024880
1.024880
1.024880
1.024880
1.024880
1.024880
1.024880
1.024880
1.024880
1.024880
1.017721
0.984610
0.978345
0.978345
0.976556
0.960000
0.960000
0.960000
0.960000
0.960000
0.960000
0.960000
0.960000
0.960000
0.960000
0.960000
0.960000
0.960000
0.960000
0.960000
0.960000
0.960000
0.960000
0.960000
0.960000
0.960000
0.960000
0.960000
0.960000
0.960000
0.960000
0.960000
0.960000
0.960000
0.960000
0.960000
0.960000
0.960000
0.960000
0.960000
0.960000
0.960000
0.960000
0.961342
0.961790
0.961790
0.961790
0.961790
0.961790
0.987742
1.004745
1.004745
1.004745
1.004745
1.004745
1.004745
1.004745
1.004745
1.004745
1.004745
1.004745
1.004745
1.004745
1.004745
1.004745
1.004745
1.004745
1.004745
1.004745
1.004745
1.004745
1.004745
1.004745
1.003402
1.002955
1.002955
1.002955
1.002955
1.002955
0.977003
0.960000
0.960000
0.960000
0.960000
0.960000
0.960000
0.960000
0.960000
0.960000
0.960000
0.960000
0.960000
0.960000
0.960000
0.960000
0.960000
0.960000
0.960000
0.960000
0.960000
0.960000
0.960000
0.960000
0.960000
0.960000
0.960000
0.960000
0.960000
0.960000
0.994901
1.013246
1.013246
1.013246
1.013246
1.013246
1.013246
1.013246
1.013246
1.013246
1.013246
1.013246
1.013246
1.013246
1.013246
1.021748
1.049937
1.077231
1.077231
1.077231
1.077231
1.077231
1.077231
1.077231
1.077231
1.077231
1.077231
1.077231
1.077231
1.077231
1.042330
1.023985
1.023985
1.023985
1.023985
1.023985
1.023985
1.023985
1.023985
1.023985
1.023985
1.023985
1.023985
1.023985
1.023985
1.015484
0.987294
0.960000
0.960000
0.960000
0.960000
0.960000
0.960000
0.960000
0.960000
0.960000
0.960000
0.960000
0.960000
0.960000
0.960000
0.960000
0.960000
0.960000
0.960000
0.960000
0.960000
0.960000
0.960000
0.960000
0.960000
0.960000
0.960000
0.960000
0.960000
0.960000
0.960000
0.960000
0.960000
0.960000
0.960000
0.960000
0.960000
0.960000
0.960000
0.960000
0.960000
0.960000
0.960000
0.960000
0.960000
0.960000
0.960000
0.960000
0.960000
0.960000
0.960000
0.960000
0.960000
0.960000
0.960000
0.960000
0.960000
0.960000
0.960000
0.962237
0.962237
0.962237
0.962237
0.962237
0.962237
0.962237
0.962237
0.962237
0.962237
0.962237
0.962237
0.962237
0.962237
0.962237
0.962237
0.962237
0.962237
0.962237
0.962237
0.962237
0.962237
0.962237
0.962237
0.962237
0.962237
0.962237
0.962237
0.962237
0.962237
0.960000
0.960000
0.961342
0.961342
0.963580
0.964922
0.967607
0.967607
0.967607
0.967607
0.967607
0.967607
0.967607
0.967607
0.967607
0.967607
0.967607
0.967607
0.967607
0.967607
0.972081
1.017273
1.018616
1.018616
1.018616
1.018616
1.018616
1.018616
1.018616
1.018616
1.018616
1.018616
1.017273
1.017721
1.022195
1.020853
1.018168
1.018168
1.018168
1.018168
1.018168
1.018168
1.018168
1.018168
1.018168
1.018168
1.018168
1.018168
1.018168
1.018168
1.013694
0.968502
0.967159
0.967159
0.967159
0.967159
0.967159
0.967159
0.967159
0.967159
0.967159
0.967159
0.967159
0.966712
0.960000
0.960000
0.960000
0.960000
0.960000
0.960000
0.960000
0.960000
0.960000
0.960000
0.960000
0.960000
0.960000
0.960000
0.960000
0.960000
0.960000
0.960000
0.960000
0.960000
0.960000
0.960000
0.960000
0.960000
0.960000
0.960000
0.960000
0.960000
0.960000
0.960000
0.960000
0.960000
0.960000
0.960000
0.960000
0.960000
0.960000
0.960000
0.960000
0.960000
0.960000
0.960000
0.960000
0.960000
0.960000
0.960000
0.960000
0.960000
0.960000
0.960000
0.960000
0.960000
0.960000
0.960000
0.960000
0.960000
0.960000
0.960000
0.960000
0.960000
0.960000
0.960000
0.960000
0.960000
0.960000
0.960000
0.960000
0.960000
0.960000
0.960000
0.960000
0.960000
0.960000
0.960000
0.960000
0.960000
0.960000
0.960000
0.960000
0.960000
0.960000
0.960000
0.960000
0.960000
0.960000
0.960000
0.960000
0.960000
0.960000
0.960000
0.960000
0.960000
0.960000
0.960000
0.960000
0.960000
0.960000
0.960000
0.960000
0.960000
0.960000
0.960000
0.960000
0.960000
0.960000
0.960000
0.960000
0.960000
0.960000
0.960000
0.960000
0.960000
0.960000
0.960000
0.960000
0.960000
0.960000
0.960000
0.960000
0.960000
0.960000
0.960000
0.960000
0.960000
0.960000
0.960000
0.960000
0.960000
0.960000
0.960000
0.960000
0.960000
0.960000
0.960000
0.960000
0.960000
0.960000
0.960000
0.960000
0.960000
0.960000
0.960000
0.960000
0.960000
0.960000
0.960000
0.960000
0.960000
0.960000
0.960000
0.960000
0.960000
0.960000
0.960000
0.960000
0.960000
0.960000
0.960000
0.960000
0.960000
0.960000
0.960000
0.960000
0.960000
0.960000
0.960000
0.960000
0.960000
0.960000
0.960000
0.960000
0.960000
0.960000
0.960000
0.960000
0.960000
0.960000
0.960000
0.960000
0.960000
0.960000
0.960000
0.960000
0.960000
0.960000
0.960000
0.960000
0.960000
0.960000
0.960000
0.960000
0.960000
0.960000
0.960000
0.960000
0.960000
0.960000
0.960000
0.960000
0.960000
0.960000
0.960000
0.960000
0.960000
0.960000
0.960000
0.960000
0.960000
0.960000
0.960000
0.960000
0.960000
0.960000
0.960000
0.960000
0.960000
0.960000
0.960000
0.960000
0.960000
0.960000
0.960000
0.960000
0.960000
0.960000
0.960000
0.960000
0.960000
0.960000
0.960000
0.960000
0.960000
0.960000
0.960000
0.960000
0.960000
0.960000
0.960000
0.960000
0.960000
0.960000
0.960000
0.960000
0.960000
0.960000
0.960000
0.960000
0.960000
0.960000
0.960000
0.960000
0.960000
0.960000
0.960000
0.960000
0.960000
0.960000
0.960000
0.960000
0.960000
0.960000
0.960000
0.960000
0.960000
0.960000
0.960000
0.960000
0.960000
0.960000
0.960000
0.960000
0.960000
0.960000
0.960000
0.960000
0.960000
0.960000
0.960000
0.960000
0.960000
0.960000
0.960000
0.960000
0.960000
0.960000
0.960000
0.960000
0.960000
0.960000
0.960000
0.960000
0.960000
0.960000
0.960000
0.960000
0.960000
0.960000
0.960000
0.960000
0.960000
0.960000
0.960000
0.960000
0.960000
0.960000
0.960000
0.960000
0.960000
0.960000
0.960000
0.960000
0.960000
0.960000
0.960000
0.960000
0.960000
0.960000
0.969396
1.002060
1.003402
1.003402
1.003850
1.003850
1.003850
1.003850
1.003850
1.003850
1.003850
1.003850
1.003850
1.003850
1.003850
1.003850
1.003850
1.003850
1.003850
1.003850
1.003850
1.003850
1.003850
1.003850
1.003850
1.003850
1.003850
1.003850
1.003850
1.003850
0.994453
0.961790
0.960447
0.960447
0.960000
0.960000
0.960000
0.960000
0.960000
0.960000
0.960000
0.960000
0.960000
0.960000
0.960000
0.960000
0.960000
0.960000
0.960000
0.960000
0.960000
0.960000
0.960000
0.960000
0.960000
0.960000
0.960000
0.960000
0.960000
0.960000
0.960000
0.960000
0.960000
0.960000
0.962237
0.963132
0.963132
0.963132
0.963132
0.963132
0.963132
0.963132
0.963132
0.963132
0.963132
0.963132
0.963132
0.963132
0.963132
0.963132
0.963132
0.963132
0.963132
0.963132
0.963132
0.963132
0.963132
0.963132
0.963132
0.963132
0.963132
0.963132
0.963132
0.963132
0.960895
0.960000
0.960000
0.960000
0.960000
0.960000
0.960000
0.960000
0.960000
0.960000
0.960000
0.960000
0.960000
0.960000
0.971186
1.005192
1.039646
1.073652
1.107210
1.141216
1.174328
1.207439
1.240550
1.273661
1.274556
1.274556
1.274556
1.274556
1.274556
1.274556
1.274556
1.274556
1.275898
1.277688
1.279925
1.283952
1.286637
1.286637
1.286637
1.311247
1.345253
1.378811
1.412817
1.446823
1.469196
1.469196
1.442796
1.408790
1.375232
1.341226
1.308115
1.275003
1.241892
1.208781
1.207886
1.207886
1.207886
1.207886
1.207886
1.207886
1.207886
1.207886
1.206544
1.204754
1.202517
1.198490
1.195805
1.195805
1.195805
1.171643
1.138979
1.144796
1.123766
1.113475
1.100946
1.087523
1.101841
1.122424
1.143454
1.166274
1.187751
1.208334
1.228469
1.248604
1.268739
1.288874
1.309009
1.329145
1.349280
1.369415
1.380601
1.380601
1.380601
1.380601
1.380601
1.380601
1.380601
1.380601
1.380601
1.380154
1.378811
1.339436
1.326460
1.302745
1.281715
1.261133
1.238760
1.218178
1.197147
1.174328
1.152850
1.132267
1.112132
1.091997
1.071862
1.051727
1.031592
1.011457
0.991321
0.971186
0.960000
0.960000
0.960000
0.960000
0.960000
0.960000
0.960000
0.960000
0.960000
0.960000
0.960000
0.960000
0.960000
0.960000
0.960000
0.960000
0.960000
0.960000
0.960000
0.960000
0.960000
0.960000
0.960000
0.960000
0.960000
0.960000
0.960000
0.960000
0.960000
0.960000
0.960000
0.960000
0.960000
0.960000
0.960000
0.960000
0.960000
0.960000
0.960000
0.960000
0.960000
0.960000
0.960000
0.960000
0.960000
0.960000
0.960000
0.960000
0.960000
0.960000
0.960000
0.960000
0.960000
0.960000
0.960000
0.960000
0.960000
0.960000
0.960000
0.960000
0.960000
0.960000
0.960000
0.960000
0.960000
0.960000
0.960000
0.960000
0.960000
0.960000
0.960000
0.960000
0.960000
0.960000
0.960000
0.960000
0.960000
0.960000
0.960000
0.960000
0.960000
0.960000
0.960000
0.960000
0.960000
0.960000
0.960000
0.960000
0.960000
0.960000
0.960000
0.960000
0.960000
0.960000
0.960000
0.960000
0.960000
0.960000
0.960000
0.960000
0.960000
0.960000
0.960000
0.960000
0.960000
0.960000
0.960000
0.960000
0.960000
0.960000
0.960000
0.960000
0.960000
0.960000
0.960000
0.960000
0.960000
0.960000
0.960000
0.960000
0.960000
0.960000
0.960000
0.960000
0.960000
0.960000
0.960000
0.960000
0.960000
0.960000
0.960000
0.960000
0.960000
0.960000
0.960000
0.960000
0.960000
0.960000
0.960000
0.960000
0.960000
0.960000
0.960000
0.960000
0.960000
0.960000
0.960000
0.960000
0.960000
0.960000
0.960000
0.960000
0.960000
0.960000
0.960000
0.960000
0.960000
0.960000
0.960000
0.960000
0.960000
0.960000
0.960000
0.960000
0.960000
0.960000
0.960000
0.960000
0.960000
0.960000
0.960000
0.960000
0.960000
0.960000
0.960000
0.960000
0.960000
0.960000
0.960000
0.960000
0.960000
0.960000
0.960000
0.960000
0.960000
0.960000
0.960000
0.960000
0.960000
0.960000
0.960000
0.960000
0.960000
0.960000
0.960000
0.960000
0.960000
0.960000
0.960000
0.960000
0.960000
0.960000
0.960000
0.960000
0.960000
0.960000
0.960000
0.960000
0.960000
0.960000
0.960000
0.960000
0.960000
0.960000
0.968054
0.971186
0.971186
0.971186
0.971186
0.971186
0.971186
0.971186
0.971186
0.971186
0.971186
0.971186
0.971186
0.971186
0.971186
0.971186
0.971186
0.971186
0.971186
0.971186
0.971186
0.971186
0.971186
0.971186
0.971186
0.971186
0.971186
0.971186
0.971186
0.971186
0.963132
0.960000
0.960000
0.960895
0.960895
0.960895
0.960895
0.960895
0.960895
0.960895
0.961790
0.962685
0.962685
0.962685
0.963132
0.963132
0.963132
0.963132
0.963132
0.963132
0.963132
0.963132
0.963132
0.963132
0.963132
0.963132
0.963132
0.963132
0.963132
0.963132
0.963132
0.963132
0.963132
0.962237
0.962237
0.962237
0.962237
0.962237
0.962237
0.962237
0.961342
0.960447
0.960447
0.960447
0.960000
0.960000
0.960000
0.960000
0.960000
0.960000
0.960000
0.960000
0.960000
0.960000
0.960000
0.960000
0.960000
0.960000
0.960000
0.960000
0.960000
0.960000
0.960000
0.960000
0.960000
0.960000
0.960000
0.960000
0.960447
0.960447
0.960447
0.960447
0.960447
0.960447
0.960447
0.960447
0.960447
0.960447
0.960447
0.960447
0.960447
0.960447
0.960447
0.960447
0.960447
0.960447
0.960447
0.960447
0.960447
0.960447
0.960447
0.960447
0.960447
0.960447
0.960447
0.960447
0.960447
0.960447
0.960000
0.960000
0.960000
0.960000
0.960000
0.960000
0.960000
0.960000
0.960000
0.960000
0.960000
0.960000
0.960000
0.960000
0.960000
0.960000
0.960000
0.960000
0.960000
0.960000
0.960000
0.960000
0.960000
0.960000
0.960000
0.960000
0.960000
0.960000
0.960000
0.960000
0.960000
0.960000
0.960000
0.960000
0.960000
0.960000
0.960000
0.960000
0.960000
0.960000
0.960000
0.960000
0.960000
0.960000
0.960000
0.960000
0.960000
0.960000
0.960000
0.960000
0.960000
0.960000
0.960000
0.960000
0.960000
0.960000
0.960000
0.960000
0.960000
0.960000
0.960000
0.960000
0.960000
0.960000
0.960000
0.960000
0.960000
0.960000
0.960000
0.960000
0.960000
0.960000
0.960000
0.960000
0.960000
0.960000
0.960000
0.960000
0.960000
0.960000
0.960000
0.960000
0.960000
0.960000
0.960000
0.960000
0.960000
0.960000
0.960000
0.960000
0.960000
0.960000
0.960000
0.960000
0.960000
0.960000
0.960000
0.960000
0.960000
0.960000
0.960000
0.960000
0.964474
1.001165
1.012799
1.012799
1.012799
1.012799
1.012799
1.012799
1.012799
1.012799
1.012799
1.012799
1.012799
1.012799
1.012799
1.012799
1.012799
1.012799
1.012799
1.012799
1.012799
1.012799
1.012799
1.012799
1.012799
1.012799
1.012799
1.012799
1.012799
1.012799
1.008324
0.971634
0.960000
0.960000
0.960000
0.960000
0.960000
0.960000
0.960000
0.960000
0.960000
0.960000
0.960000
0.960000
0.960000
0.960000
0.960000
0.960000
0.960000
0.960000
0.960000
0.960000
0.960000
0.960000
0.960000
0.960000
0.960000
0.960000
0.960000
0.960000
0.960000
0.967607
1.000270
1.002955
1.002955
1.002955
1.002955
1.002955
1.002955
1.002955
1.002955
1.002955
1.002955
1.002955
1.002955
1.002955
1.002955
1.002955
1.002955
1.002955
1.002955
1.002955
1.002955
1.002955
1.002955
1.002955
1.002955
1.002955
1.002955
1.002955
1.002955
0.995348
0.962685
0.960000
0.960000
0.960000
0.960000
0.960000
0.960000
0.960000
0.960000
0.960000
0.960000
0.960000
0.960000
0.960000
0.960000
0.960000
0.960000
0.960000
0.960000
0.960000
0.960000
0.960000
0.960000
0.960000
0.960000
0.960000
0.960000
0.960000
0.960000
0.960000
0.960000
0.960000
0.960000
0.960000
0.960000
0.960000
0.960000
0.960000
0.960000
0.960000
0.960000
0.960000
0.960000
0.960000
0.960000
0.960000
0.960000
0.960000
0.960000
0.960000
0.960000
0.960000
0.960000
0.960000
0.960000
0.960000
0.960000
0.960000
0.960000
0.960000
0.960000
0.960000
0.960000
0.960000
0.960000
0.960000
0.960000
0.960000
0.960000
0.960000
0.960000
0.960000
0.960000
0.960000
0.960000
0.960000
0.960000
0.960000
0.960000
0.960000
0.960000
0.960000
0.960000
0.960000
0.960000
0.960000
0.960000
0.960000
0.960000
0.960000
0.960000
0.960000
0.960000
0.960000
0.960000
0.960000
0.960000
0.960000
0.960000
0.960000
0.960000
0.960000
0.960000
0.960000
0.960000
0.960000
0.960000
0.960000
0.960000
0.960000
0.960000
0.960000
0.960000
0.960000
0.960000
0.960000
0.960000
0.960000
0.960000
0.960000
0.960000
0.960000
0.960000
0.994006
1.050384
1.062466
1.062466
1.062466
1.062466
1.062466
1.062466
1.062466
1.062466
1.062466
1.062466
1.062466
1.062466
1.062466
1.062466
1.062466
1.062466
1.062466
1.062466
1.062466
1.062466
1.062466
1.062466
1.062466
1.062466
1.062466
1.062466
1.062466
1.062466
1.028460
0.972081
0.960000
0.960000
0.960000
0.960000
0.960000
0.960000
0.960000
0.960000
0.960000
0.960000
0.960000
0.960000
0.960000
0.960000
0.960000
0.968054
1.000718
1.003402
1.003402
1.003402
1.003402
1.003402
1.003402
1.003402
1.003402
1.003402
1.003402
1.003402
1.003402
1.003402
1.003402
1.003402
1.003402
1.003402
1.003402
1.003402
1.003402
1.003402
1.003402
1.003402
1.003402
1.003402
1.003402
1.003402
1.003402
0.995348
0.962685
0.960000
0.960000
0.960000
0.960000
0.960000
0.960000
0.960000
0.960000
0.960000
0.960000
0.960000
0.960000
0.960000
0.960000
0.960000
0.960000
0.960000
0.960000
0.960000
0.960000
0.960000
0.960000
0.960000
0.960000
0.960000
0.960000
0.960895
0.960895
0.960895
0.960895
0.960895
0.963132
0.963132
0.963132
0.963132
0.963132
0.963132
0.963132
0.963132
0.964474
0.988637
1.020405
1.039646
1.063360
1.103631
1.136295
1.136295
1.136295
1.136295
1.136295
1.136295
1.136295
1.137637
1.150613
1.150613
1.150613
1.149718
1.149718
1.149718
1.149718
1.149718
1.147481
1.147481
1.147481
1.147481
1.147481
1.147481
1.147481
1.147481
1.146138
1.121976
1.090207
1.070967
1.047252
1.006982
0.974318
0.974318
0.974318
0.974318
0.974318
0.974318
0.974318
0.972976
0.960000
0.960000
0.960000
0.960000
0.960000
0.960000
0.960000
0.960000
0.960000
0.960000
0.960000
0.960000
0.960000
0.960000
0.960000
0.960000
0.960000
0.960000
0.960000
0.960000
0.960000
0.960000
0.960000
0.960000
0.960000
0.960000
0.960000
0.960000
0.960000
0.960000
0.960000
0.960000
0.960000
0.960000
0.960000
0.960000
0.960000
0.960000
0.960000
0.960000
0.960000
0.960000
0.960000
0.960000
0.960000
0.960000
0.960000
0.960000
0.960000
0.960000
0.960000
0.960000
0.960000
0.960000
0.960000
0.960000
0.960000
0.960000
0.960000
0.960000
0.960000
0.960000
0.960000
0.960000
0.960000
0.960000
0.960000
0.960000
0.960000
0.960000
0.960000
0.960000
0.960000
0.960000
0.960000
0.960000
0.960000
0.960000
0.960000
0.960000
0.960000
0.960000
0.960000
0.960000
0.960000
0.960000
0.960000
0.960000
0.960000
0.960000
0.960000
0.960000
0.960000
0.960000
0.960000
0.960000
0.960000
0.960000
0.960000
0.960000
0.960000
0.960000
0.960000
0.960000
0.960000
0.960000
0.960000
0.960000
0.960000
0.960000
0.960000
0.960000
0.960000
0.960000
0.960000
0.960000
0.960000
0.960000
0.960000
0.960000
0.960000
0.960000
0.960000
0.960000
0.960000
0.960000
0.960000
0.960000
0.960000
0.960000
0.960000
0.960000
0.960000
0.960000
0.960000
0.960000
0.960000
0.960000
0.960000
0.960000
0.960000
0.960000
0.960000
0.960000
0.960000
0.960000
0.960000
0.960000
0.960000
0.960000
0.960000
0.960000
0.960000
0.960000
0.960000
0.960000
0.960000
0.960000
0.960000
0.960000
0.960000
0.960000
0.960000
0.960000
0.960000
0.960000
0.960000
0.960000
0.960000
0.960000
0.960000
0.960000
0.960000
0.960000
0.960000
0.960000
0.960000
0.960000
0.960000
0.960000
0.960000
0.960000
0.960000
0.960000
0.960000
0.960000
0.960000
0.960000
0.960000
0.960000
0.960000
0.960000
0.960000
0.960000
0.960000
0.960000
0.960000
0.960000
0.960000
0.960000
0.960000
0.960000
0.960000
0.960000
0.960000
0.960000
0.960000
0.960000
0.960000
0.960000
0.960000
0.960000
0.960000
0.960000
0.960000
0.960000
0.960000
0.960000
0.960000
0.960000
0.960000
0.960000
0.960000
0.960000
0.960000
0.960000
0.960000
0.960000
0.960000
0.960000
0.960000
0.960000
0.960000
0.960000
0.960000
0.960000
0.960000
0.960000
0.960000
0.960000
0.960000
0.960000
0.960000
0.960000
0.960000
0.960000
0.960000
0.960000
0.960000
0.960000
0.960000
0.960000
0.960000
0.960000
0.960000
0.960000
0.960000
0.960000
0.960000
0.960000
0.960000
0.960000
0.960000
0.960000
0.960000
0.960000
0.960000
0.960000
0.960000
0.960000
0.960000
0.960000
0.960000
0.960000
0.960000
0.960000
0.960000
0.960000
0.960000
0.960000
0.960000
0.960000
0.960000
0.960000
0.960000
0.960000
0.960000
0.960000
0.960000
0.960000
0.960000
0.960000
0.960000
0.960000
0.960000
0.960000
0.960000
0.960000
0.960000
0.960000
0.960000
0.960000
0.960000
0.960000
0.960000
0.960000
0.960000
0.960000
0.960000
0.960000
0.960000
0.960000
0.960000
0.960000
0.960000
0.960000
0.960000
0.960000
0.960000
0.960000
0.960000
0.960000
0.960000
0.960000
0.960000
0.960000
0.960000
0.960000
0.960000
0.960000
0.960000
0.960000
0.960000
0.960000
0.960000
0.960000
0.960000
0.960000
0.960000
0.960000
0.960000
0.960000
0.960000
0.960000
0.960000
0.960000
0.960000
0.960000
0.960000
0.960000
0.960000
0.960000
0.960000
0.960000
0.960000
0.960000
0.960000
0.960000
0.960000
0.960000
0.960000
0.960000
0.960000
0.960000
0.960000
0.960000
0.960000
0.960000
0.960000
0.960000
0.960000
0.960000
0.960000
0.960000
0.960000
0.960000
0.960000
0.960000
0.960000
0.960000
0.960000
0.960000
0.960000
0.960000
0.960000
0.960000
0.960000
0.960000
0.960000
0.960000
0.960000
0.960000
0.960000
0.960000
0.960000
0.960000
0.960000
0.960000
0.960000
0.960000
0.960000
0.960000
0.960000
0.988189
1.002955
1.003402
1.003402
1.003402
1.003402
1.003402
1.003402
1.003402
1.003402
1.003402
1.003402
1.003402
1.003402
1.003402
1.003402
1.003402
1.003402
1.003402
1.003402
1.003402
1.003402
1.003402
1.003402
1.003402
1.003402
1.003402
1.003402
1.003402
1.003402
0.975213
0.960447
0.960000
0.960000
0.960000
0.960000
0.960000
0.960000
0.960000
0.960000
0.960000
0.960000
0.960000
0.960000
0.960000
0.960000
0.960000
0.960000
0.960000
0.960000
0.960000
0.960000
0.960000
0.960000
0.960000
0.960000
0.960000
0.960000
0.960000
0.960000
0.960000
0.960000
0.960000
0.960000
0.960000
0.960000
0.960000
0.960000
0.960000
0.960000
0.960000
0.960000
0.960000
0.960000
0.960000
0.960000
0.960000
0.960000
0.960000
0.960000
0.960000
0.960000
0.960000
0.960000
0.960000
0.960000
0.960000
0.960000
0.960000
0.963580
0.963580
0.963580
0.963580
0.963580
0.963580
0.963580
0.991321
1.017721
1.019511
1.023985
1.028460
1.033381
1.038303
1.040093
1.040541
1.071415
1.105421
1.139427
1.173880
1.207886
1.241892
1.251289
1.251289
1.251289
1.251289
1.251736
1.251736
1.251736
1.253078
1.249499
1.249499
1.249499
1.249499
1.249499
1.281268
1.315274
1.321538
1.329145
1.360913
1.390445
1.419529
1.448166
1.476355
1.507676
1.517073
1.487094
1.453088
1.419082
1.384628
1.350622
1.316616
1.307220
1.307220
1.307220
1.307220
1.306772
1.306772
1.306772
1.305430
1.305430
1.305430
1.305430
1.305430
1.305430
1.273661
1.239655
1.205649
1.171643
1.138084
1.104078
1.071415
1.085285
1.057991
1.025327
1.015931
1.015036
1.015036
1.015036
1.015036
1.015036
1.015036
1.015036
1.015036
1.015036
1.015036
1.015036
1.015036
1.015036
1.015036
1.015036
1.015036
1.015036
1.015036
1.015036
1.015036
1.015036
1.015036
1.015036
1.015036
1.015036
1.015931
0.971634
0.965817
0.965369
0.964922
0.964922
0.983715
1.017721
1.018168
1.018168
1.018168
1.018168
1.018168
1.018168
1.018168
1.018168
1.018168
1.018168
1.018168
1.018168
1.018168
1.018168
1.018168
1.018168
1.018168
1.018168
1.018168
1.018168
1.018168
1.018168
1.016378
1.013246
1.013246
1.013246
1.013246
1.013246
0.994453
0.960447
0.960000
0.960000
0.960000
0.960000
0.960000
0.960000
0.960000
0.960000
0.960000
0.960000
0.960000
0.960000
0.960000
0.960000
0.960000
0.960000
0.960000
0.960000
0.960000
0.960000
0.960000
0.960000
0.960000
0.960000
0.960000
0.960000
0.960000
0.960000
0.960000
0.960000
0.960000
0.960000
0.960000
0.960000
0.960000
0.960000
0.960000
0.960000
0.960000
0.960000
0.960000
0.960000
0.960000
0.960000
0.960000
0.960000
0.960000
0.960000
0.960000
0.960000
0.960000
0.960000
0.960000
0.960000
0.960000
0.960000
0.960000
0.960000
0.960000
0.960000
0.960000
0.960000
0.960000
0.960000
0.960000
0.960000
0.960000
0.960000
0.960000
0.960000
0.960000
0.960000
0.960000
0.960000
0.960000
0.960000
0.960000
0.960000
0.960000
0.960000
0.960000
0.960000
0.960000
0.960000
0.960000
0.960000
0.960000
0.960000
0.960000
0.960000
0.960000
0.960000
0.960000
0.960000
0.960000
0.960000
0.960000
0.960000
0.960000
0.960000
0.960000
0.960000
0.960000
0.962685
1.015931
1.040988
1.061571
1.082153
1.102736
1.122871
1.143006
1.163589
1.183724
1.203859
1.223547
1.243682
1.263817
1.283952
1.303640
1.323775
1.343910
1.363598
1.383733
1.403421
1.423556
1.443244
1.462932
1.483067
1.502754
1.522442
1.542577
1.562265
1.581953
1.598956
1.565845
1.560475
1.554211
1.533628
1.513046
1.492911
1.472775
1.452193
1.432058
1.411922
1.392235
1.372100
1.351964
1.331829
1.312142
1.292006
1.271871
1.252184
1.232048
1.212361
1.192226
1.172538
1.152850
1.132715
1.113027
1.093340
1.073204
1.053517
1.033829
1.014141
0.994006
0.974318
0.960000
0.960000
0.960000
0.960000
0.960000
0.960000
0.960000
0.960000
0.960000
0.960000
0.960000
0.960000
0.960000
0.960000
0.960000
0.960000
0.963132
0.963132
0.963132
0.963132
0.963132
0.963132
0.963132
0.963132
0.963132
0.963132
0.963132
0.963132
0.963132
0.963132
0.963132
0.963132
0.963132
0.963132
0.963132
0.963132
0.963132
0.963132
0.963132
0.963132
0.963132
0.963132
0.963132
0.963132
0.963132
0.963132
0.960000
0.960000
0.960000
0.960000
0.960000
0.960000
0.960000
0.960000
0.960000
0.960000
0.960000
0.960000
0.960000
0.960000
0.960000
0.960000
0.960000
0.960000
0.960000
0.960000
0.960000
0.960000
0.960000
0.960000
0.960000
0.960000
0.960000
0.960000
0.960000
0.960000
0.960000
0.960000
0.960000
0.960000
0.960000
0.960000
0.960895
0.960895
0.960895
0.960895
0.960895
0.962237
0.962237
0.962237
0.962237
0.962237
0.962237
0.962237
0.962237
0.962237
0.962237
0.962237
0.962685
0.964027
0.964027
0.964027
0.964027
0.964027
0.964027
0.964027
0.964027
0.964027
0.964027
0.964027
0.964027
0.964027
0.963132
0.963132
0.963132
0.963132
0.963132
0.961790
0.961790
0.961790
0.961790
0.961790
0.961790
0.961790
0.961790
0.961790
0.961790
0.961790
0.961342
0.960000
0.960000
0.960000
0.960000
0.960000
0.960000
0.960000
0.960000
0.960000
0.960000
0.960000
0.960000
0.960000
0.960000
0.960000
0.960000
0.960000
0.960000
0.960000
0.960000
0.960000
0.960000
0.960000
0.960000
0.960000
0.960000
0.960000
0.960000
0.960000
0.960000
0.960000
0.960000
0.960000
0.960000
0.960000
0.960000
0.960000
0.960000
0.960000
0.960000
0.960000
0.960000
0.960000
0.960000
0.960000
0.960000
0.960000
0.960000
0.960000
0.960000
0.960000
0.960000
0.960000
0.960000
0.960000
0.960000
0.960000
0.960000
0.960000
0.960000
0.960000
0.960000
0.960000
0.960000
0.960000
0.960000
0.960000
0.960000
0.960000
0.960000
0.960000
0.960000
0.960000
0.960000
0.960000
0.960000
0.960000
0.960000
0.960000
0.960000
0.960000
0.960000
0.960000
0.960000
0.960000
0.960000
0.960000
0.960000
0.960000
0.960000
0.960000
0.960000
0.960000
0.960000
0.960000
0.960000
0.960000
0.960000
0.960000
0.960000
0.960000
0.960000
0.960000
0.960000
0.960000
0.960000
0.960000
0.960000
0.960000
0.960000
0.960000
0.960000
0.960000
0.960000
0.960000
0.960000
0.960000
0.960000
0.960000
0.960000
0.960000
0.960000
0.960000
0.960000
0.960000
0.960000
0.960000
0.960000
0.960000
0.960000
0.960000
0.960000
0.960000
0.960000
0.960000
0.960000
0.960000
0.960000
0.960000
0.960000
0.960000
0.960000
0.960000
0.960000
0.960000
0.960000
0.960000
0.960000
0.960000
0.960000
0.960000
0.960000
0.960000
0.960000
0.960000
0.960000
0.960000
0.960000
0.960000
0.960000
0.960000
0.960000
0.960000
0.960000
0.960000
0.960000
0.960000
0.960000
0.960000
0.960000
0.960000
0.960000
0.960000
0.960000
0.960000
0.960000
0.960000
0.960000
0.960000
0.960000
0.960000
0.960000
0.960000
0.960000
0.960000
0.960000
0.960000
0.960000
0.960000
0.960000
0.960000
0.960000
0.960000
0.960000
0.960000
0.960000
0.960000
0.960000
0.960000
0.960000
0.960000
0.960000
0.960000
0.960000
0.960000
0.960000
0.960000
0.960000
0.960000
0.960000
0.960000
0.960000
0.960000
0.960000
0.960000
0.960000
0.960000
0.960000
0.960000
0.960000
0.960000
0.960000
0.960000
0.960000
0.960000
0.960000
0.960000
0.960000
0.960000
0.960000
0.960000
0.960000
0.960000
0.960000
0.960000
0.960000
0.960000
0.960000
0.960000
0.960000
0.960000
0.960000
0.960000
0.960000
0.960000
0.960000
0.960000
0.960000
0.960000
0.960000
0.960000
0.960000
0.960000
0.960000
0.960000
0.960000
0.960000
0.960000
0.960000
0.960000
0.960000
0.960000
0.960000
0.960000
0.960000
0.960000
0.960000
0.960000
0.960000
0.960000
0.960000
0.960000
0.960000
0.960000
0.960000
0.960000
0.960000
0.960000
0.960000
0.960000
0.960000
0.960000
0.960000
0.960000
0.960000
0.960000
0.960000
0.960000
0.960000
0.960000
0.960000
0.960000
0.960000
0.960000
0.960000
0.960000
0.960000
0.960000
0.960000
0.960000
0.960000
0.960000
0.960000
0.960000
0.960000
0.960000
0.960000
0.960000
0.960000
0.960000
0.960000
0.960000
0.960000
0.960000
0.960000
0.960000
0.960000
0.960000
0.960000
0.960000
0.960000
0.960000
0.960000
0.960000
0.960000
0.960000
0.960000
0.960000
0.960000
0.960000
0.960000
0.960000
0.960000
0.960000
0.960000
0.960000
0.960000
0.960000
0.960000
0.960000
0.960000
0.960000
0.960000
0.960000
0.960000
0.960000
0.960000
0.960000
0.960000
0.960000
0.960000
0.960000
0.960000
0.960000
0.960000
0.960000
0.960000
0.960000
0.960000
0.960000
0.960000
0.960000
0.960000
0.960000
0.960000
0.960000
0.960000
0.960000
0.960000
0.960000
0.960000
0.960000
0.960000
0.960000
0.960000
0.960000
0.960000
0.960000
0.960000
0.960000
0.960000
0.960000
0.960000
0.960000
0.960000
0.960000
0.960000
0.960000
0.960000
0.960000
0.960000
0.960000
0.960000
0.960000
0.960000
0.960000
0.960000
0.960000
0.960000
0.960000
0.960000
0.960000
0.960000
0.960000
0.960000
0.960000
0.960000
0.960000
0.960000
0.960000
0.960000
0.960000
0.960000
0.960000
0.960000
0.960000
0.960000
0.960000
0.960000
0.960000
0.960000
0.960000
0.960000
0.960000
0.960000
0.960000
0.960000
0.960000
0.960000
0.960000
0.960000
0.960000
0.960000
0.960000
0.960000
0.960000
0.960000
0.960000
0.960000
0.960000
0.960000
0.960000
0.960000
0.960000
0.960000
0.960000
0.960000
0.960000
0.980135
1.003402
1.003402
1.003402
1.003402
1.003402
1.003402
1.003402
1.003402
1.003402
1.003402
1.003402
1.003850
1.019511
1.057096
1.062466
1.062466
1.062466
1.062466
1.062466
1.062466
1.062466
1.062466
1.062466
1.062466
1.062466
1.062466
1.062466
1.062466
1.062466
1.042330
1.019063
1.019063
1.019063
1.019063
1.019063
1.019063
1.019063
1.019063
1.019063
1.019063
1.019063
1.018616
1.002955
0.965369
0.960000
0.960000
0.969396
1.012799
1.012799
1.012799
1.012799
1.012799
1.012799
1.012799
1.012799
1.012799
1.012799
1.012799
1.012799
1.013246
1.013246
1.015931
1.018168
1.019063
1.019063
1.019063
1.019063
1.019063
1.019063
1.019063
1.019063
1.019063
1.019063
1.019063
1.019063
1.019063
1.017273
0.973871
0.973871
0.973871
0.973871
0.973871
0.973871
0.973871
0.973871
0.973871
0.973871
0.973871
0.973871
0.973423
0.973423
0.970739
0.968502
0.967607
0.967607
0.967607
0.967607
0.968054
0.968054
0.968054
0.968054
0.968054
0.968054
0.968054
0.968949
0.968949
0.961790
0.962685
0.962685
0.962685
0.962685
0.962685
0.962685
0.962685
0.962685
0.962685
0.962685
0.962685
0.962685
0.962685
0.962685
0.962685
0.962685
0.962685
0.962685
0.962685
0.962685
0.962237
0.962237
0.962237
0.962237
0.962237
0.962237
0.962237
0.961342
0.961342
0.960895
0.960000
0.960000
0.960000
0.960000
0.960000
0.960000
0.960000
0.960000
0.960000
0.960000
0.960000
0.960000
0.960000
0.960000
0.960000
0.960000
0.960000
0.960000
0.960000
0.960000
0.960000
0.960000
0.960000
0.960000
0.960000
0.960000
0.960000
0.960000
0.960000
0.960000
0.960000
0.960000
0.960000
0.960000
0.960000
0.960000
0.960000
0.960000
0.960000
0.960000
0.960000
0.960000
0.960000
0.960000
0.960000
0.960000
0.960000
0.960000
0.960000
0.960000
0.960000
0.973871
1.003850
1.033381
1.062466
1.091550
1.120186
1.142111
1.145691
1.149718
1.153298
1.156877
1.160904
1.164484
1.168063
1.171643
1.175670
1.179250
1.182829
1.186856
1.190436
1.194015
1.198042
1.201622
1.205202
1.208781
1.212808
1.216388
1.219967
1.223994
1.227574
1.217283
1.190883
1.165379
1.139874
1.114370
1.089760
1.071415
1.071415
1.071415
1.071415
1.071415
1.070967
1.071415
1.071415
1.071415
1.071415
1.071415
1.071415
1.070967
1.071415
1.071415
1.078574
1.104973
1.131373
1.155982
1.181487
1.207439
1.233391
1.240102
1.242787
1.245472
1.247709
1.249946
1.252184
1.253973
1.249946
1.246367
1.242787
1.238760
1.235181
1.231601
1.228021
1.223994
1.220415
1.216835
1.212808
1.209229
1.205649
1.202069
1.198042
1.194463
1.183277
1.153298
1.123319
1.095129
1.065598
1.036066
1.006535
0.995796
0.989532
0.983267
0.977450
0.971186
0.965369
0.960000
0.960000
0.960000
0.960000
0.960000
0.960000
0.960000
0.960000
0.960000
0.960000
0.960000
0.960000
0.960000
0.960000
0.960000
0.960000
0.960000
0.960000
0.960000
0.960000
0.960000
0.960000
0.960000
0.960000
0.960000
0.960000
0.960000
0.960000
0.960000
0.960000
0.960000
0.960000
0.960000
0.960000
0.960000
0.960000
0.960000
0.960000
0.960000
0.960000
0.960000
0.960000
0.960000
0.960000
0.960000
0.960000
0.960000
0.960000
0.960000
0.960000
0.960000
0.960000
0.960000
0.960000
0.960000
0.960000
0.960000
0.960000
0.960000
0.960000
0.960000
0.960000
0.960000
0.960000
0.960000
0.960000
0.960000
0.960000
0.960000
0.960000
0.960000
0.960000
0.960000
0.960000
0.960000
0.960000
0.960000
0.960000
0.960000
0.960000
0.960000
0.960000
0.960000
0.960000
0.960000
0.960000
0.960000
0.960000
0.960000
0.960000
0.960000
0.960000
0.960000
0.960000
0.960000
0.960000
0.960000
0.960000
0.960000
0.960000
0.960000
0.960000
0.960000
0.960000
0.960000
0.960000
0.960000
0.960000
0.960000
0.960000
0.960000
0.960000
0.960000
0.960000
0.960000
0.960000
0.960000
0.960000
0.960000
0.960000
0.960000
0.960000
0.960000
0.960000
0.960000
0.960000
0.960000
0.960000
0.960000
0.960000
0.960000
0.960000
0.960000
0.960000
0.960000
0.960000
0.960000
0.960000
0.960000
0.960000
0.960000
0.960000
0.960000
0.960000
0.960000
0.960000
0.960000
0.960000
0.960000
0.960000
0.960000
0.960000
0.960000
0.960000
0.960000
0.960000
0.960000
0.960000
0.960000
0.960000
0.960000
0.960000
0.960000
0.960000
0.960000
0.960000
0.960000
0.960000
0.960000
0.960000
0.960000
0.960000
0.960000
0.960000
0.960000
0.960000
0.960000
0.960000
0.960000
0.960000
0.960000
0.960000
0.960000
0.960000
0.960000
0.960000
0.960000
0.960000
0.960000
0.960000
0.960000
0.960000
0.960000
0.960000
0.960000
0.960000
0.960000
0.960000
0.960000
0.960000
0.960000
0.960000
0.960000
0.960000
0.960000
0.960000
0.960000
0.960000
0.960000
0.960000
0.960000
0.960000
0.960000
0.960000
0.960000
0.960000
0.960000
0.960000
0.960000
0.960000
0.960000
0.960000
0.960000
0.960000
0.960000
0.960000
0.960000
0.960000
0.960000
0.960000
0.960000
0.960000
0.960000
0.960000
0.960000
0.960000
0.960000
0.960000
0.960000
0.960000
0.960000
0.960000
0.960000
0.960000
0.960000
0.960000
0.960000
0.960000
0.960000
0.960000
0.960000
0.960000
0.960000
0.960000
0.960000
0.960000
0.960000
0.960000
0.960000
0.960000
0.960000
0.960000
0.960447
0.963580
0.967159
0.967159
0.967159
0.967159
0.967159
0.967159
0.967159
0.967159
0.967159
0.967159
0.967159
0.967159
0.967159
0.967159
0.967159
0.967159
0.967159
0.967159
0.967159
0.967159
0.967159
0.967159
0.967159
0.967159
0.967159
0.967159
0.967159
0.967159
0.966712
0.963580
0.960000
0.960000
0.960000
0.960000
0.960000
0.960000
0.960000
0.960000
0.960000
0.960000
0.960000
0.960000
0.960000
0.983715
1.013246
1.013246
1.013246
1.013246
1.013246
1.013246
1.013246
1.013246
1.013246
1.013246
1.013246
1.013246
1.013246
1.013246
1.013246
1.013246
1.025775
1.059333
1.092892
1.126451
1.160009
1.197147
1.226232
1.233838
1.236523
1.240550
1.244577
1.244577
1.244577
1.232943
1.237418
1.271871
1.305877
1.339883
1.374337
1.408343
1.438322
1.439217
1.439217
1.439217
1.439217
1.439217
1.439217
1.439217
1.439217
1.439217
1.426688
1.393130
1.359571
1.326012
1.292454
1.255316
1.226232
1.218625
1.220862
1.237418
1.239208
1.241445
1.243235
1.231153
1.197147
1.162694
1.128688
1.094682
1.060228
1.026222
0.996243
0.995348
0.995348
0.995348
0.995348
0.995348
0.995348
0.995348
0.995348
0.996243
0.998481
0.998928
1.010562
1.014589
1.014589
1.014589
1.019063
1.019063
1.014141
0.993559
0.987742
0.985505
0.983715
0.983715
0.983715
0.983715
0.983715
0.983715
0.983715
0.983715
0.983715
0.983715
0.983715
0.983715
0.983715
0.983715
0.983715
0.983715
0.983715
0.982820
0.980583
0.980135
0.968502
0.964474
0.964474
0.964474
0.960000
0.960000
0.960000
0.960000
0.960000
0.960000
0.960000
0.960000
0.960000
0.960000
0.960000
0.960000
0.960000
0.960000
0.960000
0.960000
0.960000
0.960000
0.960000
0.960000
0.960000
0.960000
0.960000
0.960000
0.960000
0.960000
0.960000
0.960000
0.960000
0.960000
0.960000
0.960000
0.960000
0.960000
0.960000
0.960000
0.960000
0.960000
0.960000
0.960000
0.960000
0.960000
0.960000
0.960000
0.960000
0.960000
0.960000
0.960000
0.960000
0.960000
0.960000
0.960000
0.960000
0.960000
0.960000
0.960000
0.960000
0.960000
0.960000
0.960000
0.960000
0.960000
0.960000
0.960000
0.960000
0.960000
0.960000
0.960000
0.960000
0.960000
0.960000
0.960000
0.960000
0.960000
0.960000
0.960000
0.960000
0.960000
0.960000
0.960000
0.960000
0.960000
0.960000
0.960000
0.960000
0.960000
0.960000
0.960000
0.960000
0.960000
0.960000
0.960000
0.960000
0.960000
0.960000
0.960000
0.960000
0.960000
0.980583
1.001613
1.022195
1.042778
1.063360
1.083496
1.103631
1.124213
1.144349
1.164484
1.184619
1.204754
1.224889
1.245024
1.265160
1.284847
1.304982
1.325118
1.339883
1.339883
1.339883
1.339883
1.339883
1.339883
1.339883
1.339883
1.339883
1.339883
1.339883
1.339883
1.319301
1.298271
1.277688
1.257105
1.236523
1.216388
1.196253
1.175670
1.155535
1.135400
1.115264
1.095129
1.074994
1.054859
1.035619
1.015931
0.995796
0.975661
0.960895
0.960895
0.960895
0.960895
0.960895
0.960895
0.960895
0.960895
0.960895
0.960895
0.960895
0.960895
0.960895
0.960895
0.960895
0.960895
0.960895
0.960895
0.960895
0.963580
0.976556
0.981030
0.986847
0.988189
0.989979
0.989979
0.996243
0.996243
0.996243
0.996243
0.996243
0.996243
0.996243
0.996243
0.996243
0.996243
0.996243
0.997138
0.997138
0.997138
0.997138
0.997138
0.997138
0.997138
0.997138
0.997138
0.997138
0.997138
0.997138
0.994453
0.982820
0.988189
0.982372
0.981030
0.979240
0.979240
0.972081
0.972081
0.972081
0.972081
0.972081
0.972081
0.972081
0.972081
0.972081
0.972081
0.972081
0.971186
0.971186
0.971186
0.971186
0.971186
0.971186
0.971186
0.971186
0.971186
0.971186
0.971186
0.971186
0.971186
0.969844
0.991321
1.006982
1.010562
1.010562
1.010562
1.010562
1.010562
1.010562
1.010562
1.010562
1.010562
1.010562
1.010562
1.010562
1.010562
1.010562
1.010562
1.010562
1.010562
1.010562
1.010562
1.010562
1.010562
1.010562
1.010562
1.010562
1.010562
1.010562
1.010562
1.010562
0.979240
0.963580
0.960000
0.960000
0.960000
0.960000
0.960000
0.960000
0.960000
0.960000
0.960000
0.960000
0.960000
0.960000
0.960000
0.960000
0.960000
0.960000
0.960000
0.960000
0.960000
0.960000
0.960000
0.960000
0.960000
0.960000
0.960000
0.960000
0.960000
0.960000
0.960000
0.960000
0.960000
0.960000
0.960000
0.960000
0.960000
0.960000
0.960000
0.960000
0.960000
0.960000
0.960000
0.960000
0.960000
0.960000
0.960000
0.960000
0.960000
0.960000
0.960000
0.960000
0.960000
0.960000
0.960000
0.960000
0.960000
0.960000
0.960000
0.960000
0.960000
0.960000
0.960000
0.960000
0.960000
0.960000
0.960000
0.960000
0.960000
0.960000
0.960000
0.960000
0.960000
0.960000
0.960000
0.960000
0.960000
0.960000
0.960000
0.960000
0.960000
0.960000
0.960000
0.960000
0.960000
0.960000
0.960000
0.960000
0.960000
0.960000
0.960000
0.960000
0.960000
0.960000
0.960000
0.960000
0.960000
0.960000
0.960000
0.960000
0.960000
0.960000
0.960000
0.960000
0.960000
0.960000
0.960000
0.960000
0.960000
0.960000
0.960000
0.960000
0.960000
0.960000
0.960000
0.960000
0.960000
0.960000
0.960000
0.960000
0.960000
0.960000
0.960000
0.960000
0.960000
0.960000
0.960000
0.960000
0.960000
0.960000
0.960000
0.960000
0.960000
0.960000
0.960000
0.960000
0.960000
0.960000
0.960000
0.960000
0.960000
0.960000
0.960000
0.960000
0.960000
0.960000
0.960000
0.960000
0.960000
0.960000
0.960000
0.960000
0.960000
0.960000
0.960000
0.960000
0.987294
1.012351
1.012351
1.012351
1.012351
1.012351
1.012351
1.012351
1.012351
1.012351
1.012351
1.012351
1.012351
1.012351
1.012351
1.012351
1.012351
1.012351
1.012351
1.012351
1.012351
1.012351
1.012351
1.012351
1.012351
1.012351
1.012351
1.012351
1.012351
1.012351
0.985057
0.960000
0.960000
0.960000
0.960000
0.960000
0.960000
0.960000
0.960000
0.960000
0.960000
0.960000
0.960000
0.960000
0.960000
0.960000
0.960000
0.960000
0.960000
0.960000
0.960000
0.960000
0.960000
0.960000
0.960000
0.960000
0.960000
0.960000
0.960000
0.960000
0.960000
0.960000
0.960000
0.960000
0.960000
0.960000
0.960000
0.960000
0.960000
0.960000
0.960000
0.962685
0.998928
1.012351
1.012351
1.012351
1.018168
1.040093
1.072757
1.076336
1.076336
1.076336
1.076336
1.076336
1.082153
1.082153
1.082153
1.082153
1.082153
1.082153
1.082153
1.082153
1.082153
1.082153
1.082153
1.082153
1.083048
1.083048
1.084838
1.084838
1.084838
1.082153
1.045910
1.032487
1.032487
1.032487
1.026670
1.004745
0.972081
0.968502
0.968502
0.968502
0.968502
0.968502
0.962685
0.962685
0.962685
0.962685
0.963132
0.963132
0.963132
0.963132
0.963132
0.963132
0.963132
0.963132
0.962237
0.962237
0.960447
0.960447
0.960447
0.960447
0.960447
0.960447
0.960447
0.960447
0.960447
0.960447
0.960447
0.960447
0.960447
0.960447
0.960447
0.960447
0.960447
0.960447
0.960447
0.960447
0.960000
0.960000
0.960000
0.960000
0.960000
0.960000
0.960000
0.960000
0.960000
0.960000
0.960000
0.960000
0.960000
0.960000
0.960000
0.960000
0.960000
0.960000
0.960000
0.960000
0.960000
0.960000
0.960000
0.960000
0.960000
0.960000
0.960000
0.960000
0.960000
0.960000
0.960000
0.960000
0.960000
0.960000
0.960000
0.960000
0.960000
0.960000
0.960000
0.960000
0.960000
0.960000
0.960000
0.960000
0.960000
0.960000
0.960000
0.960000
0.960000
0.960000
0.960000
0.960000
0.960000
0.960000
0.960000
0.960000
0.960000
0.960000
0.960000
0.960000
0.960000
0.960000
0.960000
0.960000
0.960000
0.960000
0.960000
0.960000
0.960000
0.960000
0.960000
0.960000
0.960000
0.960000
0.960000
0.960000
0.960000
0.960000
0.960000
0.960000
0.960000
0.960000
0.960000
0.960000
0.960000
0.960000
0.960000
0.960000
0.960000
0.960000
0.960000
0.960000
0.960000
0.960000
0.960000
0.960000
0.960000
0.960000
0.960000
0.960000
0.960000
0.960000
0.960000
0.960000
0.960000
0.960000
0.960000
0.960000
0.960000
0.960000
0.960000
0.960000
0.960000
0.960000
0.960000
0.960000
0.960000
0.960000
0.960000
0.960000
0.960000
0.960000
0.960000
0.960000
0.960000
0.960000
0.960000
0.960000
0.960000
0.960000
0.960000
0.960000
0.960000
0.960000
0.960000
0.960000
0.960000
0.960000
0.989084
1.014589
1.014589
1.014589
1.014589
1.014589
1.014589
1.014589
1.014589
1.014589
1.014589
1.014589
1.014589
1.014589
1.014589
1.014589
1.014589
1.014589
1.014589
1.014589
1.014589
1.014589
1.014589
1.014589
1.014589
1.014589
1.014589
1.014589
1.014589
1.014589
0.985505
0.960000
0.960000
0.960000
0.960000
0.960000
0.960000
0.960000
0.960000
0.960000
0.960000
0.960000
0.960000
0.960000
0.960000
0.960000
0.960000
0.960000
0.960000
0.960000
0.989084
1.039646
1.062018
1.062018
1.062018
1.062018
1.062018
1.062018
1.062018
1.062018
1.062018
1.062018
1.062018
1.062018
1.062018
1.062018
1.062018
1.062018
1.062018
1.062018
1.062018
1.062018
1.062018
1.062018
1.062018
1.062018
1.062018
1.062018
1.062018
1.062018
1.032934
0.982820
0.960447
0.960447
0.960447
0.960447
0.960447
0.960447
0.960447
0.960447
0.960447
0.960447
0.960447
0.960447
0.960447
0.960447
0.960447
0.960447
0.960447
0.960447
0.960447
0.960447
0.960447
0.960447
0.960447
0.960447
0.960447
0.960447
0.960447
0.960447
0.960447
0.960000
0.960000
0.960000
0.960000
0.960000
0.960000
0.960000
0.960000
0.960000
0.960000
0.960000
0.960000
0.960000
0.960000
0.960000
0.960000
0.960000
0.960000
0.960000
0.960000
0.960000
0.960000
0.960000
0.960000
0.960000
0.960000
0.960000
0.960000
0.960000
0.960000
0.960000
0.960000
0.960000
0.960000
0.960000
0.960000
0.960000
0.960000
0.960000
0.960000
0.960000
0.960000
0.960000
0.960000
0.960000
0.960000
0.960000
0.960000
0.960000
0.960000
0.960000
0.960000
0.960000
0.960000
0.960000
0.960000
0.960000
0.960000
0.960000
0.960000
0.960000
0.960000
0.960000
0.960000
0.960000
0.960000
0.960000
0.960000
0.976556
1.012799
1.012799
1.012799
1.012799
1.012799
1.012799
1.012799
1.012799
1.012799
1.012799
1.012799
1.012799
1.012799
1.012799
1.012799
1.012799
1.012799
1.012799
1.012799
1.012799
1.012799
1.012799
1.012799
1.012799
1.012799
1.012799
1.012799
1.012799
1.012799
0.996243
0.960000
0.960000
0.960000
0.960000
0.960000
0.960000
0.960000
0.960000
0.960000
0.960000
0.960000
0.960000
0.960000
0.960000
0.960000
0.960000
0.960000
0.961790
0.971634
0.972529
0.972529
0.972529
0.972529
0.972529
0.972529
0.972529
0.972529
0.972529
0.972529
0.972529
0.972529
0.972529
0.972529
0.972529
0.972529
0.972529
0.972529
0.972529
0.972529
0.972529
0.972529
0.972529
0.972529
0.972529
0.972529
0.972529
0.972529
0.970739
0.960895
0.960000
0.960000
0.960000
0.960000
0.960000
0.960000
0.960000
0.960000
0.960000
0.960000
0.960000
0.960000
0.960000
0.960000
0.960000
0.960000
0.960000
0.960000
0.960000
0.960000
0.960000
0.960000
0.960000
0.960000
0.960000
0.960000
0.960000
0.960000
0.960000
0.960000
0.960000
0.960000
0.960000
0.960000
0.960000
0.960000
0.960000
0.960000
0.960000
0.960000
0.960000
0.960000
0.960000
0.960000
0.960000
0.960000
0.960000
0.960000
0.960000
0.960000
0.960000
0.960000
0.960000
0.960000
0.960000
0.960000
0.960000
0.960000
0.960000
0.960000
0.960000
0.960000
0.960000
0.960000
0.960000
0.960000
0.960000
0.960000
0.960000
0.960000
0.960000
0.960000
0.960000
0.960000
0.960000
0.960000
0.960000
0.960000
0.960000
0.960000
0.960000
0.960000
0.960000
0.960000
0.960000
0.960000
0.960000
0.960000
0.960000
0.960000
0.960000
0.960000
0.960000
0.960000
0.960000
0.960000
0.960000
0.960000
0.960000
0.960000
0.960000
0.960000
0.960000
0.960000
0.960000
0.960000
0.960000
0.960000
0.960000
0.960000
0.960000
0.960000
0.960000
0.960000
0.960000
0.960000
0.960000
0.960000
0.960000
0.960000
0.960000
0.960000
0.960000
0.960000
0.960000
0.960000
0.960000
0.960000
0.960000
0.960000
0.960000
0.960000
0.960000
0.960000
0.960000
0.960000
0.960000
0.960000
0.960000
0.960000
0.960000
0.960000
0.960000
0.960000
0.960000
0.960000
0.960000
0.960000
0.960000
0.960000
0.960000
0.960000
0.960000
0.960000
0.960000
0.960000
0.960000
0.960000
0.960000
0.960000
0.960000
0.960000
0.960000
0.960000
0.960000
0.960000
0.960000
0.960000
0.960000
0.960000
0.960000
0.960000
0.960000
0.960000
0.960000
0.960000
0.960000
0.960000
0.960000
0.960000
0.960000
0.960000
0.960000
0.960000
0.960000
0.960000
0.960000
0.960000
0.960000
0.960000
0.960000
0.960000
0.960000
0.960000
0.960000
0.960000
0.960000
0.960000
0.960000
0.960000
0.960000
0.960000
0.960000
0.960000
0.960000
0.960000
0.960000
0.960000
0.960000
0.960000
0.960000
0.960000
0.960000
0.960000
0.960000
0.960000
0.960000
0.960000
0.960000
0.960000
0.960000
0.960000
0.960000
0.960000
0.960000
0.960000
0.960000
0.960000
0.960000
0.960000
0.960000
0.960000
0.960000
0.960000
0.960000
0.960000
0.960000
0.960000
0.960000
0.960000
0.960000
0.960000
0.960000
0.960000
0.960000
0.960000
0.960000
0.960000
0.960000
0.960000
0.960000
0.960000
0.960000
0.960000
0.960000
0.960000
0.960000
0.960000
0.960000
0.960000
0.960000
0.960000
0.960000
0.960000
0.960000
0.960000
0.960000
0.960000
0.960000
0.960000
0.960000
0.960000
0.960000
0.960000
0.960000
0.960000
0.960000
0.960000
0.960000
0.960000
0.960000
0.960000
0.960000
0.960000
0.960000
0.960000
0.960000
0.960000
0.960000
0.960000
0.960000
0.960000
0.960000
0.960000
0.960000
0.960000
0.960000
0.960000
0.960000
0.960000
0.960000
0.960000
0.960000
0.960000
0.960000
0.960000
0.960000
0.960000
0.960000
0.960000
0.960000
0.960000
0.960000
0.960000
0.960000
0.960000
0.960000
0.960000
0.960000
0.960000
0.960000
0.960000
0.960447
0.960447
0.963132
0.997138
1.004745
1.005640
1.006535
1.006535
1.006535
1.006535
1.006535
1.006535
1.006535
1.006535
1.006535
1.006535
1.006535
1.006535
1.006535
1.006535
1.006535
1.006535
1.006535
1.006535
1.006535
1.006535
1.006535
1.006535
1.006535
1.006535
1.006087
1.006087
1.003402
0.969396
0.961790
0.960895
0.960000
0.960000
0.960000
0.960000
0.960000
0.960000
0.960000
0.960000
0.960000
0.960000
0.960000
0.960000
0.960000
0.960000
0.960000
0.960000
0.960000
0.960000
0.960000
0.960000
0.960000
0.960000
0.960000
0.960000
0.960000
0.960000
0.973871
1.007429
1.041436
1.074994
1.108553
1.142111
1.175222
1.208781
1.242340
1.275451
1.308115
1.324223
1.340331
1.356886
1.372995
1.393130
1.393130
1.395367
1.428031
1.461142
1.464721
1.464721
1.464721
1.464721
1.464721
1.464721
1.464721
1.464721
1.464721
1.464721
1.450850
1.417292
1.385523
1.357334
1.323775
1.290217
1.257105
1.223547
1.202069
1.205202
1.176565
1.160457
1.144349
1.128688
1.112580
1.094234
1.094234
1.091997
1.059333
1.026222
1.022643
1.022643
1.022643
1.022643
1.022643
1.022643
1.022643
1.022643
1.022643
1.022643
1.022643
1.023538
1.021748
1.016378
1.016378
1.016378
1.016378
1.036961
1.056649
1.020405
1.016378
1.016378
1.016378
1.015484
1.015484
1.013694
1.021748
1.021748
1.024433
1.028460
1.031144
1.034276
1.036066
1.036066
1.036066
1.036066
1.057991
1.092445
1.127346
1.161799
1.196253
1.230259
1.264265
1.283505
1.284400
1.284400
1.284400
1.263817
1.232048
1.232048
1.232048
1.232048
1.243682
1.279478
1.314826
1.350622
1.377916
1.406106
1.405658
1.404316
1.401631
1.398499
1.396709
1.396709
1.396709
1.396709
1.374784
1.340331
1.309904
1.275451
1.240997
1.206096
1.171643
1.152403
1.151508
1.162247
1.208334
1.254868
1.300955
1.324670
1.324670
1.324670
1.313036
1.280373
1.245024
1.222652
1.199832
1.178802
1.209229
1.213703
1.213703
1.213703
1.213703
1.213703
1.213703
1.213703
1.213703
1.259790
1.304535
1.351070
1.385076
1.385523
1.385523
1.385523
1.385523
1.374784
1.328697
1.283057
1.240997
1.217283
1.217283
1.217283
1.217283
1.214150
1.214150
1.200727
1.188198
1.181039
1.161352
1.200727
1.247262
1.293796
1.304982
1.304982
1.304982
1.304982
1.304982
1.258895
1.225784
1.188646
1.154640
1.154640
1.154640
1.154640
1.154640
1.154640
1.154640
1.153745
1.149718
1.149718
1.149718
1.149718
1.149718
1.149718
1.149718
1.149718
1.149718
1.149718
1.136742
1.090207
1.043673
0.997138
0.985952
0.985952
0.985952
0.985952
0.985952
0.985952
0.973423
0.968502
0.968502
0.968054
0.968054
0.968054
0.968054
0.968054
0.968054
0.968054
0.968054
0.968054
0.968054
0.968054
0.968054
0.968054
0.968054
0.968054
0.968054
0.968054
0.968054
0.988189
1.012351
1.012351
1.012351
1.012351
1.012351
1.012351
1.012351
1.012351
1.008772
1.004297
1.004297
1.004297
1.004297
1.004297
1.004297
1.004297
1.004297
1.004297
1.023090
1.069625
1.116159
1.162694
1.180592
1.180592
1.180592
1.180592
1.180592
1.180592
1.180592
1.160457
1.136295
1.136295
1.136295
1.136295
1.136295
1.136295
1.136295
1.136295
1.136742
1.136742
1.166274
1.212808
1.259343
1.304088
1.304982
1.305877
1.306325
1.306325
1.287532
1.242787
1.219967
1.173433
1.155535
1.158219
1.158219
1.158667
1.158667
1.158667
1.158667
1.158667
1.158667
1.158667
1.158667
1.158667
1.158667
1.158667
1.158667
1.158667
1.158219
1.158219
1.128688
1.082153
1.035619
0.990874
0.989979
0.989084
0.988637
0.988637
0.988637
0.986847
0.963132
0.963132
0.963132
0.960447
0.960447
0.960000
0.960000
0.960000
0.960000
0.960000
0.960000
0.960000
0.960000
0.960000
0.960000
0.960000
0.960000
0.960000
0.960000
0.960000
0.960000
0.960000
0.960000
0.960000
0.960000
0.960000
0.960000
0.960000
0.960000
0.960000
0.960000
0.960000
0.960000
0.960000
0.960000
0.960000
0.960000
0.960000
0.960000
0.960000
0.960000
0.960000
0.960000
0.960000
0.977898
1.024433
1.071415
1.119739
1.144796
1.144796
1.144796
1.144796
1.144796
1.144796
1.144796
1.144796
1.144796
1.144796
1.144796
1.144796
1.144796
1.144796
1.144796
1.144796
1.144796
1.144796
1.170301
1.216835
1.263370
1.309904
1.315274
1.315274
1.315274
1.315274
1.297376
1.250841
1.226679
1.181039
1.155982
1.155982
1.155982
1.155982
1.155982
1.155982
1.155982
1.155982
1.155982
1.155982
1.155982
1.155982
1.155982
1.155982
1.155982
1.155982
1.155982
1.155982
1.130478
1.083943
1.037409
0.990874
0.985505
0.985505
0.985505
0.985505
0.985505
0.985505
0.962685
0.960000
0.960000
0.960000
0.960000
0.960000
0.960000
0.960000
0.960000
0.960000
0.960000
0.960000
0.960000
0.960000
0.960000
0.960000
0.960000
0.960000
0.960000
0.960000
0.960000
0.960000
0.960000
0.960000
0.960000
0.960000
0.960000
0.960000
0.960000
0.960000
0.960000
0.960000
0.960000
0.960000
0.960000
0.960000
0.960000
0.960000
0.960000
0.960000
0.960000
0.960000
0.960000
0.960000
0.960000
0.960000
0.960000
0.960000
0.960000
0.960000
0.960000
0.960000
0.960000
0.960000
0.960000
0.960000
0.960000
0.960000
0.960000
0.960000
0.960000
0.960000
0.960000
0.960000
0.960000
0.960000
0.960000
0.960000
0.960000
0.960000
0.960000
0.960000
0.960000
0.960000
0.960000
0.960000
0.977898
1.017273
1.053517
1.089312
1.125108
1.146138
1.146586
1.146586
1.146586
1.146586
1.146586
1.146586
1.146586
1.146586
1.146586
1.146586
1.146586
1.146586
1.146586
1.146586
1.146586
1.146586
1.146586
1.165379
1.211913
1.258000
1.304535
1.319301
1.319301
1.319301
1.301403
1.262027
1.225784
1.203412
1.179697
1.158667
1.158219
1.158219
1.158219
1.158219
1.158219
1.158219
1.158219
1.158219
1.158219
1.158219
1.158219
1.158219
1.158219
1.158219
1.158219
1.158219
1.158219
1.139427
1.096472
1.067388
1.020853
1.008772
1.038303
1.061123
1.061123
1.061123
1.061123
1.047700
1.036066
1.040541
1.040541
1.040541
1.040541
1.040541
1.040541
1.040541
1.040541
1.040541
1.040541
1.069625
1.082601
1.082601
1.082601
1.082601
1.082601
1.082601
1.082601
1.082601
1.079021
1.062018
1.062018
1.059333
1.029802
1.006982
1.015931
1.087970
1.103631
1.103631
1.103183
1.098709
1.112132
1.141216
1.141216
1.141216
1.141216
1.141216
1.141216
1.141216
1.177907
1.195358
1.190883
1.190883
1.190883
1.190883
1.190883
1.190883
1.211018
1.230259
1.230259
1.233838
1.241892
1.245919
1.246814
1.248604
1.246367
1.175222
1.159562
1.159562
1.159562
1.159562
1.146138
1.117054
1.117054
1.117054
1.117054
1.117054
1.117054
1.117054
1.080364
1.033829
1.025327
1.025327
1.025327
1.025327
1.025327
1.025327
1.005192
0.985952
0.985952
0.982372
0.974318
0.970291
0.969396
0.967607
0.960895
0.960000
0.960000
0.960000
0.960000
0.960000
0.963132
0.963132
0.963132
0.963132
0.963132
0.963132
0.963132
0.963132
0.963132
0.963132
0.963132
0.963132
0.963132
0.963132
0.963132
0.963132
0.963132
0.963132
0.963132
0.963132
0.963132
0.963132
0.963132
0.963132
0.963132
0.963132
0.963132
0.963132
0.963132
0.963132
0.962237
0.997138
1.005192
1.005192
1.005192
1.005192
1.005192
1.005192
1.005192
1.005192
1.005192
1.005192
1.005192
1.005192
1.005192
1.005192
1.005192
1.005192
1.005192
1.005192
1.005192
1.034724
1.072309
1.111685
1.148823
1.151060
1.151060
1.151060
1.151060
1.151060
1.149271
1.117502
1.109448
1.109448
1.109448
1.109448
1.109448
1.109448
1.109448
1.109448
1.109448
1.109448
1.109448
1.152850
1.199385
1.245919
1.247262
1.247262
1.247262
1.247262
1.247262
1.217730
1.205649
1.166721
1.129583
1.127346
1.127346
1.127346
1.127346
1.127346
1.126898
1.123766
1.123766
1.123766
1.123766
1.123766
1.123766
1.123766
1.123766
1.123766
1.123766
1.123766
1.123766
1.080364
1.033829
0.987294
0.985952
0.985952
0.985952
0.985952
0.985952
0.985952
0.960447
0.960000
0.960000
0.960000
0.960000
0.960000
0.960000
0.960000
0.960000
0.960000
0.960000
0.960000
0.960000
0.960000
0.960000
0.960000
0.960000
0.960000
0.960000
0.960000
0.960000
0.960000
0.960000
0.960000
0.960000
0.960000
0.960000
0.960000
0.960000
0.960000
0.960000
0.960000
0.960000
0.960000
0.960000
0.960000
0.960000
0.960000
0.960000
0.960000
0.960000
0.960000
0.960000
0.960000
0.960000
0.960000
0.960000
0.960000
0.960000
0.960000
0.960000
0.960000
0.960000
0.960000
0.960000
0.960000
0.960000
0.960000
0.960000
0.960000
0.960000
0.960000
0.960000
0.960000
0.960000
0.960000
0.960000
0.960000
0.960000
0.960000
0.960000
0.960000
0.960000
0.960000
0.960000
0.960000
0.960000
0.960000
0.960000
0.960000
0.960000
0.960000
0.960000
0.960000
0.960000
0.960000
0.960000
0.960000
0.960000
0.960000
0.960000
0.960000
0.960000
0.960000
0.960000
0.960000
0.960000
0.960000
0.960000
0.960000
0.960000
0.960000
0.960000
0.960000
0.960000
0.960000
0.960000
0.960000
0.960000
0.965817
0.998481
1.003402
1.003402
1.003402
1.003402
1.003402
1.003402
1.003402
1.003402
1.003402
1.003402
1.004745
1.004745
1.006982
1.008324
1.010562
1.010562
1.010562
1.012799
1.012799
1.012799
1.012799
1.012799
1.012799
1.012799
1.012799
1.012799
1.012799
1.012799
1.006982
0.974318
0.969396
0.969396
0.969396
0.969396
0.969396
0.969396
0.969396
0.969396
0.969396
0.969396
0.968054
0.968054
0.965817
0.964474
0.962237
0.962237
0.962237
0.960000
0.960000
0.960000
0.960000
0.960000
0.960000
0.960000
0.960000
0.960000
0.960000
0.960000
0.960000
0.960000
0.960000
0.960000
0.960000
0.960000
0.960000
0.960000
0.960000
0.960000
0.960000
0.960000
0.960000
0.960000
0.960000
0.960000
0.960000
0.960000
0.960000
0.960000
0.960000
0.960000
0.960000
0.960000
0.960000
0.960000
0.960000
0.960000
0.960000
0.960000
0.960000
0.960000
0.960000
0.960000
0.960000
0.960000
0.960000
0.960000
0.960000
0.960000
0.960000
