0.960000
0.960000
0.960000
0.960000
0.960000
0.960000
0.960000
0.960000
0.960000
0.960000
0.960000
0.960000
0.960000
0.960000
0.960000
0.960000
0.960000
0.960000
0.960000
0.960000
0.960000
0.960000
0.960000
0.960000
0.960000
0.960000
0.960000
0.960000
0.960000
0.960000
0.960000
0.960000
0.960000
0.960000
0.960000
0.960000
0.960000
0.960000
0.960000
0.960000
0.960000
0.960000
0.960000
0.960000
0.960000
0.960000
0.960000
0.960000
0.960000
0.960000
0.960000
0.960000
0.960000
0.960000
0.960000
0.960000
0.960000
0.960000
0.960000
0.960000
0.960000
0.960000
0.960000
0.960000
0.960000
0.960000
0.960000
0.960000
0.960000
0.960000
0.960000
0.960000
0.960000
0.960000
0.960000
0.960000
0.960000
0.960000
0.960000
0.960000
0.960000
0.960000
0.960000
0.960000
0.960000
0.960000
0.960000
0.960000
0.960000
0.960000
0.960000
0.960000
0.960000
0.960000
0.960000
0.960000
0.960000
0.960000
0.960000
0.960000
0.960000
0.960000
0.960000
0.960000
0.960000
0.960000
0.960000
0.960000
0.960000
0.960000
0.960000
0.960000
0.960000
0.960000
0.960000
0.960000
0.960000
0.960000
0.960000
0.960000
0.960000
0.960000
0.960000
0.960000
0.960000
0.960000
0.960000
0.960000
0.960000
0.960000
0.960000
0.960000
0.960000
0.960000
0.960000
0.960000
0.960000
0.960000
0.960000
0.960000
0.960000
0.960000
0.960000
0.960000
0.960000
0.960000
0.960000
0.960000
0.960000
0.960000
0.960000
0.960000
0.960000
0.960000
0.960000
0.960000
0.960000
0.960000
0.960000
0.960000
0.960000
0.960000
0.960000
0.960000
0.960000
0.960000
0.960000
0.960000
0.960000
0.960000
0.960000
0.960000
0.960000
0.960000
0.960000
0.960000
0.960000
0.960000
0.960000
0.960000
0.960000
0.960000
0.960000
0.960000
0.960000
0.960000
0.960000
0.960000
0.960000
0.960000
0.960000
0.960000
0.960000
0.960000
0.960000
0.960000
0.960000
0.960000
0.960000
0.960000
0.960000
0.960000
0.960000
0.960000
0.960000
0.960000
0.960000
0.960000
0.960000
0.960000
0.960000
0.960000
0.960000
0.960000
0.960000
0.960000
0.960000
0.960000
0.960000
0.960000
0.960000
0.960000
0.960000
0.960000
0.960000
0.960000
0.960000
0.960000
0.960000
0.960000
0.960000
0.960000
0.960000
0.960000
0.960000
0.960000
0.960000
0.960000
0.960000
0.960000
0.960000
0.960000
0.960000
0.960000
0.960000
0.960000
0.960000
0.960000
0.960000
0.960000
0.960000
0.960000
0.960000
0.960000
0.960000
0.960000
0.960000
0.960000
0.960000
0.960000
0.960000
0.960000
0.960000
0.960000
0.960000
0.960000
0.960000
0.960000
0.960000
0.960000
0.960000
0.960000
0.960000
0.960000
0.960000
0.960000
0.960000
0.960000
0.960000
0.960000
0.960000
0.960000
0.960000
0.960000
0.960000
0.960000
0.960000
0.960000
0.960000
0.960000
0.960000
0.960000
0.960000
0.960000
0.960000
0.960000
0.960000
0.960000
0.960000
0.960000
0.960000
0.960000
0.960000
0.960000
0.960000
0.960000
0.960000
0.960000
0.960000
0.960000
0.960000
0.960000
0.960000
0.960000
0.960000
0.960000
0.960000
0.960000
0.960000
0.960000
0.960000
0.960000
0.960000
0.960000
0.960000
0.960000
0.960000
0.960000
0.960000
0.960000
0.960000
0.960000
0.960000
0.960000
0.960000
0.960000
0.960000
0.960000
0.960000
0.960000
0.960000
0.960000
0.960000
0.960000
0.960000
0.960000
0.960000
0.960000
0.960000
0.960000
0.960000
0.960000
0.960000
0.960000
0.960000
0.960000
0.960000
0.960000
0.960000
0.960000
0.960000
0.960000
0.960000
0.960000
0.960000
0.960000
0.960000
0.960000
0.960000
0.960000
0.960000
0.960000
0.960000
0.960000
0.960000
0.960000
0.960000
0.960000
0.960000
0.960000
0.960000
0.960000
0.960000
0.960000
0.960000
0.960000
0.960000
0.960000
0.960000
0.960000
0.960000
0.960000
0.960000
0.960000
0.960000
0.960000
0.960000
0.960000
0.960000
0.960000
0.960000
0.960000
0.960000
0.960000
0.960000
0.960000
0.960000
0.960000
0.960000
0.960000
0.960000
0.960000
0.960000
0.960000
0.960000
0.960000
0.960000
0.960000
0.960000
0.960000
0.960000
0.960000
0.960000
0.960000
0.960000
0.960000
0.960000
0.960000
0.960000
0.960000
0.960000
0.960000
0.962834
0.963883
0.964198
0.964723
0.964723
0.964723
0.964723
0.964723
0.965352
0.965352
0.965667
0.969655
0.976791
0.976791
0.976791
0.979415
0.988755
0.988755
0.988755
0.988755
0.988755
0.989490
0.989490
0.989490
0.989490
0.989490
0.989490
0.989490
0.989909
0.989909
0.987076
0.986026
0.985712
0.985187
0.985187
0.985187
0.985187
0.985187
0.984557
0.984557
0.984242
0.980254
0.973118
0.973118
0.973118
0.970495
0.961154
0.961154
0.961154
0.961574
0.965877
0.965142
0.965142
0.965142
0.965142
0.965142
0.965142
0.965142
0.964723
0.964723
0.964723
0.964723
0.964723
0.964723
0.964723
0.964723
0.964723
0.964723
0.964723
0.964723
0.964723
0.964723
0.964723
0.964723
0.964723
0.964723
0.964723
0.970285
0.977526
0.984347
0.987286
0.994527
0.994842
0.994947
0.995052
0.998620
0.998620
0.998620
0.998620
0.998620
0.998620
0.998620
1.001768
1.003133
1.003237
1.003237
1.003237
1.003237
1.003237
1.003237
1.003237
1.003237
1.004602
1.004602
1.004602
1.004602
1.004602
0.999040
0.991798
0.984557
0.977316
0.970599
0.970285
0.971229
0.971124
0.967661
0.967661
0.967661
0.967661
0.967766
0.968396
0.968606
0.973748
0.975322
0.975217
0.975322
0.975322
0.975322
0.975427
0.975427
0.975532
0.975532
0.974168
0.974168
0.974273
0.974273
0.974273
0.974273
0.974273
0.974273
0.974273
0.973748
0.973748
0.972698
0.972698
0.972593
0.972593
0.972593
0.972593
0.972488
0.971859
0.971649
0.963358
0.960420
0.960420
0.960315
0.960315
0.960315
0.960210
0.960210
0.960105
0.960105
0.960105
0.960105
0.960000
0.960000
0.960000
0.960000
0.960000
0.960000
0.960000
0.960000
0.960000
0.960000
0.960000
0.960000
0.960000
0.960000
0.960000
0.960000
0.960000
0.960000
0.960000
0.960000
0.960000
0.960000
0.960000
0.960000
0.960000
0.960000
0.960000
0.960000
0.960000
0.960000
0.960000
0.960000
0.960000
0.960000
0.960000
0.960000
0.960000
0.960000
0.960000
0.960000
0.960000
0.960000
0.960000
0.960000
0.960000
0.960000
0.960000
0.960000
0.960105
0.960105
0.960105
0.960105
0.960105
0.960210
0.960210
0.960210
0.960210
0.960210
0.960210
0.960210
0.960210
0.960210
0.960210
0.960210
0.960210
0.960210
0.960210
0.960210
0.960210
0.960210
0.960210
0.960210
0.960210
0.960210
0.960210
0.960210
0.960210
0.960210
0.960105
0.960105
0.960105
0.960105
0.960105
0.960000
0.960000
0.960000
0.960000
0.960000
0.960000
0.960000
0.960000
0.960000
0.960000
0.960000
0.960000
0.960000
0.960000
0.960000
0.960000
0.960000
0.960000
0.960000
0.960000
0.960000
0.960000
0.960000
0.960000
0.960000
0.960000
0.960000
0.960000
0.960000
0.960000
0.960000
0.960000
0.960000
0.960000
0.960000
0.960000
0.960000
0.960000
0.960105
0.960105
0.960105
0.960105
0.960105
0.960210
0.960210
0.960210
0.960210
0.960210
0.960210
0.960210
0.960210
0.960210
0.960210
0.960210
0.960210
0.960210
0.960210
0.960210
0.960210
0.960210
0.960210
0.960210
0.960210
0.960525
0.960735
0.960735
0.961364
0.961364
0.961259
0.961259
0.961259
0.961364
0.962099
0.961994
0.968081
0.968920
0.968920
0.968920
0.968920
0.968920
0.968920
0.969025
0.969025
0.969025
0.969025
0.969025
0.969025
0.969025
0.969025
0.969025
0.969025
0.969025
0.969025
0.968710
0.969340
0.969340
0.968710
0.968710
0.969235
0.969865
0.969865
0.971229
0.970914
0.970914
0.964827
0.963988
0.963988
0.963988
0.963988
0.963988
0.964093
0.963988
0.963988
0.963988
0.963988
0.963988
0.963988
0.963988
0.965877
0.966297
0.966297
0.966297
0.966297
0.966297
0.965457
0.968501
0.969445
0.969445
0.968920
0.968291
0.968291
0.966821
0.966402
0.966402
0.966402
0.966402
0.966402
0.966402
0.966402
0.966402
0.966297
0.966612
0.966612
0.966612
0.966612
0.966612
0.966612
0.966612
0.964723
0.964303
0.964303
0.964303
0.964303
0.964303
0.964303
0.961889
0.961784
0.962729
0.962729
0.962729
0.962729
0.962729
0.962729
0.962729
0.962729
0.962729
0.962729
0.962729
0.962729
0.962729
0.962729
0.962414
0.962414
0.962414
0.962414
0.962414
0.962414
0.962414
0.962414
0.962414
0.962414
0.962414
0.962414
0.962414
0.962414
0.961784
0.960945
0.960000
0.960000
0.960000
0.960000
0.960105
0.960105
0.960105
0.960105
0.960105
0.960105
0.960210
0.963778
0.963778
0.963778
0.963778
0.963988
0.963988
0.963988
0.963988
0.963988
0.963988
0.963988
0.963988
0.963988
0.963988
0.963988
0.963988
0.963988
0.963988
0.963988
0.963988
0.963988
0.963988
0.963988
0.963883
0.963883
0.963883
0.963883
0.963883
0.963883
0.963778
0.960210
0.960210
0.960210
0.960210
0.960000
0.960000
0.960000
0.960000
0.960000
0.960000
0.960000
0.960000
0.960000
0.960000
0.960000
0.960000
0.960000
0.960000
0.960000
0.960000
0.960000
0.960000
0.960000
0.960000
0.960000
0.960000
0.960000
0.960000
0.960000
0.960000
0.960000
0.960000
0.960000
0.960000
0.960000
0.960000
0.960000
0.960000
0.961364
0.961364
0.961364
0.961364
0.962309
0.962309
0.962309
0.962309
0.962309
0.962309
0.962414
0.962729
0.962729
0.962729
0.962729
0.962729
0.962729
0.962729
0.962729
0.968081
0.978260
0.978995
0.981619
0.981619
0.981619
0.981619
0.981934
0.982983
0.985712
0.986866
0.985502
0.985502
0.985502
0.985502
0.984557
0.984557
0.984872
0.985082
0.985082
0.985082
0.984977
0.984662
0.984662
0.984662
0.985187
0.985187
0.985187
0.985187
0.985187
0.979835
0.969655
0.968920
0.972488
0.981304
0.982563
0.982563
0.982878
0.982248
0.981304
0.980359
0.980359
0.980359
0.980359
0.987810
0.995472
0.995996
0.995681
0.995472
0.996731
0.996731
0.996731
0.996731
0.996731
0.996731
0.996206
0.996311
0.996311
0.996311
0.996626
0.996731
0.996731
1.002503
1.004182
0.996521
0.997780
0.997780
0.997151
0.996731
0.994947
0.994737
0.994737
0.994842
0.994842
0.987391
0.979730
0.979205
0.979205
0.979415
0.978365
0.978365
0.978365
0.978365
0.978365
0.978365
0.978365
0.978260
0.978260
0.978260
0.977946
0.977841
0.977841
0.972069
0.964198
0.963043
0.965877
0.974692
0.977001
0.977001
0.977001
0.977001
0.977001
0.976896
0.976896
0.976896
0.976896
0.976896
0.981829
0.990749
0.993478
0.993897
0.996416
0.998725
1.003028
1.008485
1.016146
1.023387
1.029894
1.032517
1.035246
1.037240
1.046580
1.060538
1.075335
1.091077
1.102306
1.106504
1.107133
1.113955
1.116788
1.120671
1.122245
1.123820
1.125394
1.128227
1.135993
1.138512
1.135154
1.127598
1.126233
1.127388
1.126548
1.125814
1.123085
1.119202
1.113115
1.107448
1.102516
1.101466
1.100207
1.099892
1.100522
1.107973
1.118048
1.123925
1.130431
1.139666
1.158032
1.177866
1.200115
1.218480
1.238210
1.258045
1.277774
1.296245
1.309783
1.329512
1.349032
1.373799
1.401715
1.427111
1.446421
1.465731
1.485986
1.505296
1.524606
1.544020
1.563330
1.582640
1.602055
1.621260
1.632384
1.631755
1.627767
1.626927
1.624723
1.623254
1.622729
1.616957
1.612655
1.611290
1.610766
1.610241
1.609821
1.609296
1.608877
1.607407
1.607198
1.601740
1.593135
1.587048
1.586943
1.586943
1.585999
1.585999
1.585999
1.585894
1.585894
1.585894
1.585894
1.585894
1.585789
1.585894
1.585894
1.585999
1.588097
1.588832
1.588937
1.588937
1.589147
1.589147
1.589987
1.590301
1.590301
1.592820
1.593555
1.593869
1.594079
1.594394
1.594604
1.594814
1.595024
1.595234
1.597648
1.598487
1.598697
1.599012
1.599222
1.599537
1.599746
1.599956
1.600061
1.600376
1.600586
1.600796
1.599012
1.598592
1.598907
1.599117
1.599327
1.599537
1.599117
1.599012
1.599327
1.597228
1.596703
1.596808
1.596808
1.596808
1.596808
1.596913
1.596703
1.595654
1.592505
1.590826
1.589882
1.588832
1.587888
1.586838
1.585894
1.584949
1.584215
1.583270
1.582430
1.581486
1.580436
1.579492
1.578443
1.577498
1.576449
1.575609
1.580122
1.582640
1.581486
1.580332
1.579282
1.578023
1.577078
1.576344
1.575084
1.573825
1.572985
1.572880
1.572671
1.572566
1.572461
1.565219
1.545070
1.524920
1.504771
1.484621
1.464262
1.444008
1.423753
1.403604
1.383559
1.363410
1.343260
1.323111
1.302961
1.282707
1.256995
1.233382
1.213338
1.193293
1.173249
1.153309
1.133160
1.112695
1.092861
1.072921
1.052877
1.032937
1.012997
0.993058
0.973013
0.960105
0.960105
0.960105
0.960105
0.960105
0.960105
0.960105
0.960105
0.960105
0.960000
0.963778
0.964198
0.965142
0.965142
0.965142
0.965142
0.965142
0.965142
0.965142
0.965142
0.965142
0.965142
0.965247
0.965247
0.965352
0.965352
0.965352
0.965352
0.965352
0.965352
0.965352
0.965352
0.965352
0.965352
0.965352
0.965352
0.965352
0.965352
0.965352
0.965352
0.961574
0.961154
0.960210
0.960210
0.960210
0.960210
0.960210
0.960210
0.960210
0.960210
0.960210
0.960210
0.960105
0.960105
0.960000
0.960000
0.960000
0.960000
0.960000
0.960000
0.960000
0.960000
0.960000
0.960000
0.960000
0.960000
0.960000
0.960000
0.960000
0.960000
0.960000
0.960000
0.960000
0.960000
0.960000
0.960000
0.960000
0.960000
0.960000
0.960000
0.960000
0.960000
0.960000
0.960000
0.960000
0.960000
0.960000
0.960000
0.960000
0.960000
0.960000
0.960000
0.960000
0.960000
0.960000
0.960000
0.960000
0.960000
0.960000
0.960105
0.960105
0.960105
0.960105
0.960105
0.960210
0.960210
0.960210
0.960210
0.960210
0.960210
0.960210
0.960210
0.960210
0.960210
0.960210
0.960210
0.960210
0.960210
0.960210
0.960210
0.960210
0.960210
0.960210
0.960210
0.960210
0.960210
0.960210
0.960210
0.960210
0.960105
0.960105
0.960105
0.960105
0.960105
0.960000
0.960000
0.960000
0.960000
0.960000
0.960000
0.960000
0.960000
0.960000
0.960000
0.960000
0.960000
0.960000
0.960000
0.960000
0.960000
0.960000
0.960000
0.960000
0.960000
0.960000
0.960000
0.960000
0.960000
0.960000
0.960000
0.960000
0.960000
0.960000
0.960000
0.960000
0.960000
0.960000
0.960000
0.960000
0.960000
0.960000
0.960000
0.960000
0.960000
0.960000
0.960000
0.960000
0.960000
0.960000
0.960000
0.960000
0.960000
0.960000
0.960000
0.960000
0.960000
0.960000
0.960000
0.960000
0.960000
0.960000
0.960000
0.960000
0.960000
0.960000
0.960000
0.960000
0.960000
0.960000
0.960000
0.960000
0.960000
0.960000
0.960000
0.960000
0.960000
0.960000
0.960000
0.960000
0.960000
0.960000
0.960000
0.960000
0.960000
0.960000
0.960000
0.960000
0.960000
0.960000
0.960000
0.960000
0.960000
0.960000
0.960000
0.960000
0.960000
0.960000
0.960000
0.960000
0.960000
0.960000
0.960000
0.960000
0.960000
0.960000
0.960000
0.960000
0.960000
0.960000
0.960000
0.960000
0.960000
0.960000
0.960000
0.960000
0.960000
0.960000
0.960000
0.960000
0.960000
0.960000
0.960000
0.960000
0.960000
0.960000
0.960000
0.960000
0.960000
0.960000
0.960000
0.960000
0.960000
0.960000
0.960000
0.960000
0.960000
0.960000
0.960000
0.960000
0.960000
0.960000
0.960000
0.960000
0.960000
0.960000
0.960000
0.960000
0.960000
0.960000
0.960000
0.960000
0.960000
0.960000
0.960000
0.960000
0.960000
0.960000
0.960000
0.960000
0.960000
0.960000
0.960000
0.960000
0.960000
0.960000
0.960000
0.960000
0.960000
0.960000
0.960000
0.960000
0.960000
0.960000
0.960000
0.960000
0.960000
0.960000
0.960000
0.960000
0.960000
0.960000
0.960000
0.960000
0.960000
0.960000
0.960000
0.960000
0.960000
0.960000
0.960000
0.960000
0.960000
0.960000
0.960000
0.960000
0.960000
0.960000
0.960000
0.960000
0.960000
0.960000
0.960000
0.960000
0.960000
0.960000
0.960000
0.960000
0.960000
0.960000
0.960000
0.960000
0.960000
0.960000
0.960000
0.960000
0.960000
0.960000
0.960000
0.960000
0.960000
0.960000
0.960000
0.960000
0.960000
0.960000
0.960000
0.960000
0.960000
0.960000
0.960000
0.960000
0.960000
0.960000
0.960000
0.960000
0.960000
0.960000
0.960000
0.960000
0.960000
0.960000
0.960000
0.960000
0.960000
0.960000
0.960000
0.960000
0.960000
0.960000
0.960000
0.960000
0.960000
0.960000
0.960000
0.960000
0.960000
0.960000
0.960000
0.960000
0.960000
0.960000
0.960000
0.960000
0.960000
0.960000
0.960000
0.960000
0.960000
0.960000
0.960000
0.960000
0.960000
0.960000
0.960000
0.960000
0.960000
0.960000
0.960000
0.960000
0.960000
0.960000
0.960000
0.960000
0.960000
0.960000
0.960000
0.960000
0.960000
0.960000
0.960000
0.960000
0.960000
0.960000
0.960000
0.960000
0.960000
0.960000
0.960000
0.960000
0.960000
0.960000
0.960000
0.960000
0.960000
0.960000
0.960000
0.960000
0.960000
0.960000
0.960000
0.960000
0.960000
0.960000
0.960000
0.960000
0.960000
0.960000
0.960000
0.960000
0.960000
0.960000
0.960000
0.960000
0.960000
0.960000
0.960000
0.960000
0.960000
0.960000
0.960000
0.960000
0.960000
0.960000
0.960000
0.960000
0.960000
0.960000
0.960000
0.960000
0.960000
0.960000
0.960000
0.960000
0.960000
0.960000
0.960000
0.960000
0.960000
0.960000
0.960000
0.960000
0.960000
0.960000
0.960000
0.960000
0.960000
0.960000
0.960000
0.960000
0.960000
0.960000
0.960000
0.960000
0.960000
0.960000
0.960000
0.960000
0.960000
0.960000
0.960000
0.960000
0.960000
0.960000
0.960000
0.960000
0.960000
0.960000
0.960000
0.960000
0.960000
0.960000
0.960000
0.960000
0.960000
0.960000
0.960000
0.960000
0.960000
0.960420
0.969235
0.976476
0.983718
0.990854
0.993582
0.994002
0.994002
0.994002
0.994002
0.994002
0.994002
0.994002
0.994002
0.994002
0.994002
0.994002
0.994002
0.994002
0.994002
0.994002
0.994002
0.994422
0.998620
0.998620
0.998620
0.998620
0.998620
0.998620
0.998620
0.998200
0.989385
0.982143
0.974902
0.967766
0.965037
0.964618
0.964618
0.964618
0.964618
0.964618
0.964618
0.964618
0.964618
0.964618
0.964618
0.964618
0.964618
0.964618
0.964618
0.964618
0.964618
0.964198
0.960000
0.960000
0.960000
0.960000
0.960000
0.960000
0.960000
0.960000
0.960000
0.960000
0.960000
0.960000
0.960000
0.960000
0.960000
0.960000
0.960000
0.960000
0.960000
0.960000
0.960000
0.960000
0.960000
0.960000
0.960000
0.960000
0.960000
0.960000
0.960000
0.960000
0.960000
0.960000
0.960000
0.960000
0.960000
0.960000
0.960000
0.960000
0.960000
0.960000
0.960000
0.960000
0.960000
0.960000
0.960000
0.960000
0.960000
0.960000
0.960000
0.960000
0.960000
0.960000
0.960000
0.960000
0.960000
0.960000
0.960000
0.960000
0.960000
0.960000
0.960000
0.960000
0.960000
0.960000
0.960000
0.960000
0.960000
0.960000
0.960000
0.960000
0.960000
0.960000
0.960000
0.960000
0.960000
0.960000
0.960000
0.960000
0.960000
0.960000
0.960000
0.960000
0.960000
0.960000
0.960000
0.960000
0.968081
0.977631
0.985187
0.992638
1.000194
1.007645
1.010584
1.010584
1.010584
1.013102
1.024331
1.024331
1.024331
1.024331
1.024331
1.024331
1.024331
1.024331
1.024331
1.024961
1.024961
1.025066
1.025486
1.025486
1.025486
1.025486
1.025486
1.025486
1.025486
1.025486
1.017405
1.007855
1.000299
0.992848
0.985292
0.977841
0.974902
0.974902
0.974902
0.972384
0.962834
0.965247
0.965247
0.965247
0.965247
0.965247
0.965247
0.965247
0.965247
0.964618
0.964618
0.964513
0.964198
0.964198
0.964198
0.964198
0.964198
0.964198
0.964198
0.964198
0.964198
0.964198
0.964513
0.964513
0.964513
0.964513
0.964513
0.964513
0.964618
0.964618
0.962938
0.960525
0.960525
0.960525
0.960525
0.960525
0.960525
0.960945
0.961154
0.961154
0.961154
0.961154
0.961049
0.961049
0.961049
0.964723
0.964723
0.964723
0.964723
0.964723
0.964723
0.964723
0.964408
0.964408
0.964408
0.964408
0.964408
0.964408
0.964303
0.964303
0.964303
0.964303
0.964303
0.964303
0.964303
0.964303
0.964303
0.963988
0.963778
0.963778
0.963778
0.963778
0.963778
0.963778
0.963778
0.960105
0.960105
0.960105
0.960105
0.960105
0.960105
0.960105
0.960105
0.960105
0.960105
0.960105
0.960105
0.960105
0.960105
0.960105
0.960105
0.960105
0.960105
0.960105
0.960105
0.960105
0.960105
0.960000
0.960000
0.960000
0.960000
0.960000
0.960000
0.960000
0.960000
0.960000
0.960000
0.960000
0.960000
0.960000
0.960000
0.960000
0.960000
0.960840
0.961679
0.961679
0.961784
0.961784
0.961784
0.961784
0.961889
0.961889
0.961889
0.961889
0.961889
0.962099
0.962309
0.965457
0.966192
0.966192
0.969760
0.969760
0.969760
0.969760
0.969760
0.969760
0.969760
0.969760
0.969865
0.969865
0.969865
0.969865
0.969865
0.969025
0.968186
0.968186
0.968081
0.968081
0.968081
0.968081
0.967976
0.967976
0.967976
0.967976
0.967976
0.967766
0.967556
0.964408
0.963673
0.963673
0.960105
0.960105
0.960105
0.960105
0.960105
0.960105
0.960105
0.960105
0.960000
0.960000
0.960945
0.962938
0.962938
0.964408
0.965667
0.966402
0.966402
0.967871
0.970285
0.970285
0.970599
0.970809
0.971019
0.971019
0.971019
0.971019
0.971019
0.971019
0.971019
0.971019
0.971019
0.971019
0.971019
0.971334
0.973013
0.973013
0.973013
0.973013
0.973013
0.973013
0.972069
0.970075
0.970075
0.968606
0.967346
0.966612
0.966612
0.965142
0.962729
0.962729
0.962414
0.962204
0.961994
0.961994
0.961994
0.961994
0.961994
0.961994
0.961994
0.961994
0.961994
0.961994
0.970285
0.972908
0.971229
0.971229
0.971229
0.971229
0.971229
0.971229
0.971229
0.971229
0.971229
0.971229
0.971334
0.971334
0.971334
0.971334
0.971334
0.971334
0.971334
0.971334
0.971334
0.971334
0.971334
0.971334
0.971334
0.971334
0.971334
0.971334
0.971334
0.971334
0.963043
0.960105
0.960105
0.960105
0.960105
0.960105
0.960105
0.960105
0.960210
0.960210
0.960210
0.960210
0.960105
0.960210
0.960210
0.960210
0.960210
0.960210
0.960210
0.960210
0.960210
0.960210
0.960210
0.960210
0.960210
0.960210
0.960210
0.960210
0.960210
0.960210
0.960210
0.960210
0.960210
0.960210
0.960210
0.960210
0.960210
0.960210
0.960105
0.960105
0.960105
0.960105
0.960315
0.960210
0.960210
0.960210
0.960210
0.960210
0.960210
0.960210
0.960210
0.960210
0.960315
0.960315
0.962624
0.963988
0.963988
0.963988
0.963988
0.963988
0.963988
0.963988
0.963988
0.963988
0.963988
0.963988
0.964093
0.964093
0.964093
0.964093
0.964093
0.964093
0.963883
0.963883
0.963883
0.963883
0.963883
0.963883
0.963883
0.963883
0.963883
0.963883
0.963778
0.963778
0.961469
0.960105
0.960105
0.960105
0.960315
0.960315
0.960315
0.960315
0.960315
0.960315
0.960315
0.960315
0.960210
0.960210
0.960210
0.960210
0.960210
0.960210
0.960210
0.960210
0.960210
0.960210
0.960210
0.960210
0.960210
0.960210
0.960210
0.960210
0.960210
0.960210
0.960210
0.960210
0.960210
0.960210
0.960000
0.960000
0.960000
0.960000
0.960000
0.960000
0.960000
0.960000
0.960000
0.960000
0.960000
0.960000
0.960000
0.960000
0.960000
0.960000
0.960000
0.960000
0.960000
0.960000
0.960000
0.960000
0.960000
0.960000
0.960000
0.960000
0.960000
0.960000
0.960000
0.960000
0.960000
0.960105
0.960105
0.960105
0.960105
0.960105
0.960105
0.960105
0.960105
0.960105
0.960105
0.960105
0.960105
0.960105
0.960105
0.960105
0.960105
0.960105
0.960105
0.961469
0.961469
0.961469
0.961469
0.961679
0.961679
0.961679
0.961679
0.961679
0.961679
0.961679
0.961679
0.961574
0.961574
0.961574
0.961574
0.961574
0.961574
0.961574
0.961574
0.961574
0.961574
0.961574
0.961784
0.963148
0.963568
0.963988
0.963988
0.963988
0.963988
0.962834
0.962834
0.962834
0.962834
0.963253
0.963778
0.965037
0.965037
0.966402
0.966402
0.966402
0.966612
0.966612
0.967451
0.969760
0.970495
0.970495
0.971124
0.971649
0.971649
0.971649
0.971649
0.971649
0.971439
0.970075
0.969655
0.969235
0.969340
0.969865
0.969865
0.969655
0.969760
0.969760
0.969760
0.969130
0.968606
0.967346
0.967346
0.965982
0.965982
0.965982
0.965772
0.965772
0.965142
0.962834
0.962099
0.962204
0.961574
0.961154
0.961259
0.961259
0.961259
0.961259
0.961259
0.961259
0.961259
0.961259
0.961154
0.960630
0.960630
0.960630
0.960525
0.960525
0.960525
0.960525
0.960525
0.960525
0.960525
0.960525
0.960525
0.960525
0.960525
0.960525
0.960315
0.960315
0.960315
0.960210
0.960210
0.960105
0.960000
0.960315
0.960420
0.961364
0.963253
0.963253
0.963253
0.973538
0.987915
1.002398
1.006701
1.006911
1.006911
1.006911
1.006911
1.006911
1.007015
1.007120
1.007330
1.007960
1.012787
1.015096
1.016356
1.016670
1.018455
1.018455
1.018455
1.018455
1.018559
1.018559
1.018559
1.018559
1.018455
1.017510
1.015621
1.017195
1.027480
1.017195
1.002818
0.988335
0.985397
0.985187
0.985712
0.986446
0.986446
0.986446
0.986341
0.986236
0.986026
0.985397
0.980569
0.978260
0.977001
0.976686
0.974902
0.974902
0.974902
0.974902
0.974797
0.974797
0.976896
0.976581
0.976581
0.976581
0.976686
0.975112
0.965457
0.968710
0.968710
0.968710
0.967346
0.967346
0.966821
0.966192
0.966192
0.966192
0.966192
0.966192
0.966192
0.966192
0.966192
0.966192
0.966192
0.966192
0.966192
0.966192
0.966192
0.966192
0.966192
0.966192
0.964093
0.964093
0.964093
0.964093
0.963988
0.963988
0.963358
0.960105
0.960105
0.960105
0.960105
0.960105
0.960105
0.960000
0.960000
0.960000
0.960000
0.960000
0.960000
0.960000
0.960000
0.960000
0.960000
0.960000
0.960000
0.960000
0.960000
0.960000
0.960000
0.960000
0.960000
0.960105
0.962099
0.971544
0.972174
0.981724
0.983403
0.983718
0.984242
0.986446
0.986656
0.986656
0.986656
0.986656
0.986656
0.986656
0.986656
0.986656
0.986656
0.986656
0.986656
0.986656
0.986656
0.986656
0.986656
0.986656
0.986656
0.986656
0.986656
0.986656
0.986656
0.986551
0.984557
0.975112
0.974482
0.964932
0.963253
0.962938
0.962414
0.960210
0.960000
0.960000
0.960000
0.960000
0.960000
0.960000
0.960000
0.960000
0.960000
0.960000
0.960000
0.960000
0.960000
0.960000
0.960000
0.960000
0.960000
0.960000
0.961049
0.961049
0.961049
0.961049
0.961049
0.961049
0.961049
0.961049
0.961049
0.961049
0.961049
0.961049
0.961049
0.961049
0.961049
0.961049
0.961049
0.961049
0.961049
0.961049
0.961049
0.961049
0.965667
0.965667
0.967241
0.968815
0.970180
0.970180
0.970180
0.970180
0.969130
0.969130
0.969130
0.969130
0.969130
0.969130
0.969130
0.969130
0.969130
0.969130
0.969130
0.969130
0.969130
0.969130
0.969130
0.969130
0.969130
0.969130
0.969130
0.969130
0.969130
0.969130
0.964513
0.964513
0.962938
0.961364
0.960000
0.960000
0.960000
0.960000
0.960000
0.960000
0.960000
0.960000
0.960000
0.960105
0.960105
0.960105
0.960105
0.960105
0.960105
0.960105
0.960105
0.960105
0.960105
0.960105
0.960105
0.960105
0.960105
0.960105
0.960105
0.960105
0.960105
0.960105
0.960105
0.960105
0.960105
0.960105
0.960105
0.960105
0.960105
0.960105
0.960105
0.960105
0.960105
0.960000
0.960000
0.960000
0.960000
0.960000
0.960000
0.960000
0.960000
0.960000
0.960000
0.960000
0.960000
0.960000
0.960000
0.960000
0.960000
0.960000
0.960000
0.960000
0.960000
0.960000
0.960000
0.960000
0.960000
0.960000
0.960000
0.960000
0.960000
0.960000
0.960000
0.960000
0.960000
0.960000
0.960000
0.960000
0.960000
0.960000
0.960000
0.960000
0.960000
0.960000
0.960000
0.960000
0.960000
0.960000
0.960000
0.960000
0.960000
0.960000
0.960000
0.960000
0.960000
0.960000
0.960000
0.960000
0.960000
0.960000
0.960000
0.960000
0.960000
0.960000
0.960000
0.960000
0.960000
0.960000
0.960000
0.960000
0.960000
0.960000
0.960000
0.960000
0.960000
0.960000
0.960000
0.960000
0.960000
0.960000
0.960000
0.960000
0.960000
0.960000
0.960000
0.960000
0.960000
0.960000
0.960000
0.960000
0.960000
0.960000
0.960000
0.960000
0.960000
0.960000
0.960000
0.960000
0.960000
0.960000
0.960000
0.960000
0.960000
0.960000
0.960000
0.960000
0.960000
0.960000
0.960000
0.960000
0.960000
0.960000
0.960000
0.960000
0.960000
0.960000
0.960000
0.960000
0.960000
0.960000
0.960000
0.960000
0.960000
0.960000
0.960000
0.960000
0.960000
0.960000
0.960000
0.960000
0.960000
0.960000
0.960000
0.960000
0.960000
0.960000
0.960000
0.960000
0.960000
0.960000
0.960000
0.960000
0.960000
0.960000
0.960000
0.960000
0.960000
0.960000
0.960000
0.960000
0.960000
0.960000
0.960000
0.960105
0.960105
0.960105
0.960105
0.960105
0.960105
0.960105
0.960105
0.960105
0.960105
0.960105
0.960105
0.960105
0.960105
0.960105
0.960105
0.960105
0.960105
0.960105
0.960105
0.960105
0.960105
0.960105
0.960105
0.960105
0.960105
0.960210
0.960210
0.960210
0.960210
0.960105
0.960105
0.960105
0.960105
0.960105
0.960105
0.960105
0.960105
0.960105
0.960105
0.960105
0.960105
0.960105
0.960105
0.960105
0.960105
0.960105
0.960105
0.960105
0.960105
0.960105
0.960105
0.960105
0.960105
0.960105
0.960105
0.960000
0.960000
0.960000
0.960000
0.960000
0.960000
0.960000
0.960000
0.960000
0.960000
0.960000
0.960000
0.960000
0.960000
0.960000
0.960000
0.960000
0.960000
0.960000
0.960000
0.960000
0.960000
0.960000
0.960000
0.960000
0.960000
0.960000
0.960000
0.960000
0.960000
0.960000
0.960000
0.960000
0.960000
0.960000
0.960000
0.960000
0.960000
0.960000
0.960000
0.960000
0.960000
0.960000
0.960000
0.960000
0.960000
0.960000
0.960000
0.960000
0.960000
0.960000
0.960000
0.960000
0.960000
0.960000
0.960000
0.960000
0.960000
0.960000
0.960000
0.960000
0.960000
0.960000
0.960000
0.960000
0.960000
0.960000
0.960000
0.960000
0.960000
0.960000
0.960000
0.960000
0.960000
0.960000
0.960000
0.960000
0.960000
0.960000
0.960000
0.960000
0.960000
0.960000
0.960000
0.960000
0.960000
0.960000
0.960000
0.960000
0.960000
0.960000
0.960000
0.960000
0.960000
0.960000
0.960000
0.960000
0.960000
0.960000
0.960000
0.960000
0.960000
0.960000
0.960000
0.960000
0.960000
0.960000
0.960000
0.960000
0.960000
0.960000
0.960000
0.960000
0.960000
0.960000
0.960000
0.960000
0.960000
0.960000
0.960000
0.960000
0.960000
0.960000
0.960000
0.960000
0.960000
0.960000
0.960000
0.960000
0.960000
0.960000
0.960000
0.960000
0.960000
0.960000
0.960000
0.960000
0.960000
0.960000
0.960000
0.960000
0.960000
0.960000
0.960000
0.960000
0.960000
0.960000
0.960000
0.960000
0.960000
0.960000
0.960000
0.960000
0.960000
0.960000
0.960000
0.960000
0.960000
0.960000
0.960000
0.960000
0.960000
0.960000
0.960000
0.960000
0.960000
0.960000
0.960000
0.960000
0.960000
0.960000
0.960000
0.960000
0.960000
0.960000
0.960000
0.960000
0.960000
0.960000
0.960000
0.960000
0.960000
0.960000
0.960000
0.960000
0.960000
0.960000
0.960000
0.960000
0.960000
0.960000
0.960000
0.960000
0.960000
0.960000
0.960000
0.960000
0.960000
0.960000
0.960000
0.960000
0.960000
0.960000
0.960000
0.960000
0.960000
0.960000
0.960000
0.960000
0.960000
0.960000
0.960000
0.960000
0.960000
0.960000
0.960000
0.960000
0.960000
0.960000
0.960000
0.960000
0.960000
0.960000
0.960000
0.960000
0.960000
0.960000
0.960000
0.960000
0.960000
0.960000
0.960000
0.960000
0.960000
0.960000
0.960000
0.960000
0.960000
0.960000
0.960000
0.960000
0.960000
0.960000
0.960000
0.960000
0.960000
0.960315
0.964827
0.973118
0.980359
0.987601
0.994842
0.996206
0.996521
0.997046
0.997046
0.997046
0.997046
0.997046
0.997046
0.997046
0.997046
0.997046
0.997046
0.997046
0.997046
0.997046
0.997046
0.997046
0.997046
1.000719
1.002188
1.002398
1.003552
1.003552
1.003552
1.003237
0.998725
0.990434
0.983193
0.975952
0.968710
0.967346
0.967031
0.966507
0.966507
0.966507
0.966507
0.966507
0.966507
0.966507
0.966507
0.966507
0.966507
0.966507
0.966507
0.966507
0.966507
0.966612
0.966612
0.962938
0.961469
0.961259
0.960105
0.960105
0.960105
0.960105
0.960105
0.960105
0.960105
0.960105
0.960105
0.960105
0.960105
0.960105
0.960105
0.960105
0.960105
0.960105
0.960105
0.960105
0.960105
0.960105
0.960105
0.960105
0.960105
0.960105
0.960105
0.960000
0.960000
0.960000
0.960000
0.960000
0.960000
0.960000
0.960000
0.960000
0.960000
0.960000
0.960000
0.960000
0.960000
0.960000
0.960000
0.960000
0.960000
0.960000
0.960000
0.960000
0.960000
0.960000
0.960525
0.960630
0.960630
0.960630
0.961154
0.961154
0.961154
0.961784
0.961784
0.961784
0.961784
0.961784
0.961784
0.961784
0.961784
0.961784
0.961784
0.961784
0.961784
0.961784
0.961784
0.961784
0.961784
0.961784
0.961784
0.961784
0.961784
0.961784
0.961784
0.961784
0.961259
0.961154
0.961154
0.961154
0.960630
0.962834
0.965142
0.964513
0.964513
0.965142
0.965142
0.966612
0.966612
0.966612
0.966612
0.966612
0.966716
0.966716
0.966716
0.966716
0.966716
0.966716
0.966716
0.966716
0.966716
0.966716
0.966716
0.966716
0.966716
0.966716
0.966716
0.966716
0.966716
0.966716
0.966716
0.964513
0.962204
0.962204
0.962204
0.961574
0.961574
0.960105
0.960105
0.960105
0.960105
0.960105
0.960000
0.960000
0.960000
0.960000
0.960000
0.960000
0.960000
0.960000
0.960000
0.960000
0.960000
0.960000
0.960000
0.960000
0.960000
0.960000
0.960000
0.960000
0.960000
0.960000
0.960000
0.960000
0.960000
0.960000
0.960000
0.960000
0.960105
0.960105
0.960105
0.960105
0.960105
0.960105
0.960105
0.960105
0.960105
0.960105
0.960105
0.960105
0.960105
0.960105
0.960105
0.960105
0.960105
0.960105
0.960105
0.960105
0.960105
0.960105
0.960105
0.960105
0.960105
0.960105
0.960105
0.960105
0.960105
0.960105
0.960000
0.960000
0.960000
0.960000
0.960000
0.960000
0.960000
0.960000
0.960000
0.960000
0.960000
0.960000
0.960000
0.960000
0.960000
0.960000
0.960000
0.960000
0.960000
0.960000
0.960000
0.960000
0.960000
0.960000
0.960000
0.960000
0.960000
0.960000
0.960000
0.960000
0.960000
0.960000
0.960000
0.960000
0.960000
0.960000
0.960000
0.960000
0.960000
0.960000
0.960000
0.960000
0.960000
0.960000
0.960000
0.960000
0.960000
0.960000
0.960000
0.960000
0.960000
0.960000
0.960000
0.960000
0.960000
0.960000
0.960000
0.960000
0.960000
0.960000
0.960000
0.960000
0.960000
0.960000
0.960000
0.960000
0.960000
0.960000
0.960000
0.960000
0.960000
0.960000
0.960000
0.960000
0.960000
0.960000
0.960000
0.960000
0.960000
0.960000
0.960210
0.960210
0.960210
0.960420
0.960735
0.960735
0.960735
0.960735
0.960735
0.960840
0.960840
0.960840
0.960840
0.960840
0.960840
0.961154
0.961259
0.961994
0.966297
0.966297
0.966297
0.966297
0.966297
0.966297
0.966297
0.966402
0.966402
0.966402
0.966402
0.966402
0.966297
0.966297
0.966297
0.966087
0.965772
0.965877
0.965877
0.965982
0.965982
0.966087
0.966192
0.966192
0.966192
0.966192
0.970495
0.977526
0.977421
0.976686
0.972384
0.972384
0.972384
0.972384
0.972384
0.972384
0.972384
0.972279
0.972279
0.972279
0.972279
0.972279
0.972174
0.972174
0.972174
0.972174
0.972174
0.972069
0.972069
0.971964
0.971964
0.971754
0.971649
0.971649
0.971649
0.971649
0.967346
0.960000
0.960000
0.960000
0.960000
0.960000
0.960000
0.960000
0.960000
0.960000
0.960000
0.960000
0.960000
0.960000
0.960000
0.960000
0.960000
0.960000
0.960000
0.960000
0.960000
0.960000
0.960000
0.960000
0.960000
0.960000
0.960000
0.960000
0.960000
0.960000
0.960000
0.960000
0.960000
0.960000
0.960000
0.960000
0.960000
0.960000
0.960000
0.960000
0.960000
0.960000
0.960315
0.960315
0.960315
0.960315
0.960315
0.960315
0.960315
0.960315
0.960420
0.960420
0.960420
0.960420
0.960420
0.960420
0.960420
0.960420
0.960420
0.960420
0.960420
0.960420
0.960420
0.960420
0.960420
0.960420
0.960420
0.960420
0.960420
0.960420
0.960420
0.960420
0.960105
0.960105
0.960105
0.960105
0.960105
0.960105
0.960105
0.960105
0.960000
0.960000
0.960000
0.960000
0.960000
0.960000
0.960000
0.960000
0.960000
0.960000
0.960000
0.960000
0.960000
0.960000
0.960000
0.960000
0.960000
0.960000
0.960000
0.960000
0.960000
0.960000
0.960000
0.960000
0.960000
0.960000
0.960000
0.960000
0.960000
0.960000
0.960000
0.960000
0.960000
0.960000
0.960000
0.960000
0.960000
0.960000
0.960000
0.960000
0.960000
0.960000
0.960000
0.960000
0.960000
0.961469
0.961469
0.961469
0.961469
0.961469
0.961469
0.961469
0.961469
0.961469
0.961469
0.961469
0.961469
0.961469
0.961469
0.961469
0.961469
0.961469
0.963358
0.971229
0.972384
0.974063
0.974273
0.976057
0.976057
0.976057
0.976057
0.976057
0.976476
0.976581
0.976581
0.975112
0.975112
0.975112
0.975112
0.975112
0.975112
0.975112
0.975112
0.975112
0.975322
0.975322
0.975322
0.975322
0.975322
0.975322
0.975322
0.975322
0.973433
0.970704
0.977841
0.976581
0.976371
0.974587
0.974587
0.978785
0.978785
0.978785
0.978365
0.978470
0.978470
0.978470
0.983928
0.992953
0.993792
0.993792
0.993792
0.993792
0.995052
0.995367
0.995157
0.995157
0.995157
0.995157
0.995157
0.995157
0.995681
0.995681
0.995681
0.990539
0.982248
0.981934
0.981934
0.981934
0.981934
0.977736
0.977736
0.977736
0.977736
0.977526
0.977841
0.978051
0.974168
0.965142
0.964408
0.964408
0.964408
0.964408
0.963148
0.962834
0.962834
0.962834
0.962834
0.963358
0.963358
0.964932
0.967976
0.967976
0.967976
0.967976
0.967976
0.967871
0.968081
0.969130
0.970180
0.971859
0.973748
0.973748
0.973748
0.973748
0.973433
0.973748
0.973853
0.982353
0.988335
0.991693
0.991693
0.991693
0.991693
0.991693
0.992008
0.995157
0.995157
0.995576
0.995576
0.994002
0.990434
0.990434
0.990434
0.990434
0.990434
0.990434
0.990224
0.989175
0.988125
0.986446
0.984557
0.984557
0.984662
0.984872
0.984872
0.984452
0.982773
0.974273
0.973223
0.977946
0.978156
0.978156
0.978156
0.978156
0.977841
0.974692
0.974692
0.973748
0.976791
0.985921
0.988755
0.988755
0.988755
0.988755
0.989909
0.989909
0.989909
0.989909
0.990014
0.990014
0.990014
0.990014
0.989909
0.989700
0.989700
0.989595
0.989595
0.989595
0.984557
0.976476
0.976267
0.976267
0.976267
0.976267
0.976267
0.976267
0.976267
0.976267
0.973223
0.964093
0.961259
0.961259
0.961259
0.961259
0.960105
0.960105
0.960105
0.960105
0.960210
0.962834
0.963358
0.963358
0.963358
0.963358
0.963358
0.963358
0.964932
0.964932
0.964932
0.964932
0.965142
0.969970
0.988440
1.007645
1.025066
1.035666
1.035666
1.035666
1.035666
1.035666
1.035666
1.035666
1.035666
1.039129
1.039129
1.039129
1.039129
1.039129
1.038919
1.036295
1.035770
1.035770
1.039339
1.039339
1.044166
1.065470
1.084570
1.110911
1.135154
1.155828
1.176292
1.192139
1.194343
1.195812
1.199065
1.209140
1.229709
1.250384
1.271058
1.291627
1.312301
1.332976
1.353650
1.370861
1.391535
1.412629
1.433303
1.453977
1.474652
1.495326
1.516000
1.536674
1.553885
1.574455
1.590721
1.590826
1.590826
1.584949
1.581381
1.581276
1.581171
1.581066
1.581066
1.580961
1.580961
1.580856
1.580961
1.580856
1.580856
1.580856
1.580751
1.580751
1.580646
1.580646
1.580541
1.580122
1.580017
1.580017
1.579912
1.579807
1.579807
1.579702
1.579492
1.579492
1.579072
1.578233
1.578233
1.578338
1.578338
1.578443
1.578443
1.578547
1.578443
1.578547
1.578757
1.579492
1.580227
1.583060
1.584215
1.585789
1.587048
1.589357
1.591456
1.591666
1.591980
1.592190
1.592400
1.592610
1.592820
1.593240
1.593345
1.593660
1.594079
1.594604
1.594919
1.595339
1.595654
1.596178
1.596493
1.596808
1.597333
1.597648
1.598172
1.598487
1.598487
1.598277
1.597857
1.595549
1.594814
1.594814
1.599537
1.601321
1.599746
1.599956
1.600166
1.599222
1.598487
1.597543
1.596703
1.595758
1.594919
1.594079
1.593030
1.591980
1.590931
1.589987
1.589042
1.587888
1.586838
1.585894
1.584844
1.583795
1.582640
1.581591
1.580751
1.579492
1.578443
1.577288
1.576029
1.573720
1.567108
1.562176
1.560917
1.559762
1.558503
1.558398
1.558293
1.558188
1.558083
1.556509
1.536569
1.516525
1.496585
1.476541
1.456601
1.436557
1.416512
1.396572
1.376738
1.356693
1.336649
1.316709
1.296769
1.276830
1.256785
1.236951
1.217011
1.197071
1.177237
1.157402
1.137462
1.117628
1.097793
1.077854
1.058019
1.038184
1.018245
0.998410
0.978575
0.960105
0.960105
0.960105
0.960105
0.960105
0.963673
0.964303
0.965667
0.965667
0.965562
0.965667
0.965667
0.968081
0.968396
0.968396
0.968396
0.968396
0.968396
0.968396
0.968396
0.968396
0.968396
0.968396
0.968396
0.968396
0.968396
0.968396
0.968396
0.968396
0.968396
0.968396
0.968396
0.968396
0.968396
0.968396
0.964827
0.964198
0.962834
0.962834
0.962834
0.962729
0.962729
0.960315
0.960000
0.960000
0.960000
0.960000
0.960000
0.960000
0.960000
0.960000
0.960000
0.960000
0.960000
0.960000
0.960000
0.960000
0.960000
0.960000
0.960000
0.960000
0.960000
0.960000
0.960000
0.960000
0.960000
0.960000
0.960000
0.960000
0.960000
0.960000
0.960000
0.960000
0.960000
0.960000
0.960000
0.960000
0.960000
0.960000
0.960000
0.960000
0.960000
0.960000
0.960000
0.960000
0.960000
0.960000
0.960000
0.960000
0.960000
0.960000
0.960000
0.960000
0.960000
0.960000
0.960000
0.960000
0.960000
0.960000
0.960000
0.960000
0.960000
0.960000
0.960000
0.960000
0.960000
0.960000
0.960000
0.960000
0.960000
0.960000
0.960000
0.960000
0.960000
0.960000
0.960000
0.960000
0.960000
0.960000
0.960000
0.960000
0.960000
0.960000
0.960000
0.960000
0.960000
0.960000
0.960000
0.960000
0.960000
0.960000
0.960000
0.960000
0.960000
0.960000
0.960000
0.960000
0.960000
0.960000
0.960000
0.960000
0.960000
0.960000
0.960000
0.960000
0.960000
0.960000
0.960000
0.960000
0.960000
0.960000
0.960000
0.960000
0.960000
0.960000
0.960000
0.960000
0.960000
0.960000
0.960000
0.960000
0.960000
0.960000
0.960000
0.960000
0.960000
0.960000
0.960000
0.960000
0.960000
0.960000
0.960000
0.960000
0.960000
0.960000
0.960000
0.960000
0.960000
0.960000
0.960000
0.960000
0.960000
0.960000
0.960000
0.960000
0.960000
0.960000
0.960000
0.960000
0.960000
0.960000
0.960000
0.960000
0.960000
0.960000
0.960000
0.960000
0.960000
0.960000
0.960000
0.960000
0.960000
0.960000
0.960000
0.960000
0.960000
0.960000
0.960000
0.960105
0.960105
0.960105
0.960105
0.960105
0.960105
0.960105
0.960105
0.960105
0.960105
0.960105
0.960105
0.960105
0.960105
0.960105
0.960105
0.960105
0.960105
0.960105
0.960105
0.960105
0.960105
0.960105
0.960105
0.960105
0.960105
0.960105
0.960105
0.960105
0.960105
0.960000
0.960000
0.960000
0.960000
0.960000
0.960000
0.960000
0.960000
0.960000
0.960000
0.960000
0.960000
0.960000
0.960000
0.960000
0.960000
0.960000
0.960000
0.960000
0.960000
0.960000
0.960000
0.960000
0.960000
0.960000
0.960000
0.960000
0.960000
0.960000
0.960000
0.960000
0.960000
0.960000
0.960000
0.960000
0.960000
0.960000
0.960000
0.960000
0.960000
0.960000
0.960000
0.960000
0.960000
0.960000
0.960000
0.960000
0.960000
0.960105
0.960105
0.960105
0.960105
0.960105
0.960105
0.960105
0.960105
0.960105
0.960105
0.960105
0.960105
0.960105
0.960105
0.960105
0.960105
0.960105
0.960105
0.960105
0.960105
0.960105
0.960105
0.960105
0.960105
0.960105
0.960105
0.960105
0.960105
0.960105
0.960105
0.960000
0.960000
0.960000
0.960000
0.960000
0.960000
0.960000
0.960000
0.960000
0.960000
0.960000
0.960000
0.960000
0.960000
0.960000
0.960000
0.960000
0.960000
0.960000
0.960000
0.960000
0.960000
0.960000
0.960000
0.960000
0.960000
0.960000
0.960000
0.960000
0.960000
0.960000
0.960000
0.960000
0.960000
0.960000
0.960000
0.960000
0.960000
0.960000
0.960000
0.960000
0.960000
0.960000
0.960000
0.960000
0.960000
0.960000
0.960000
0.960000
0.960000
0.960000
0.960000
0.960000
0.960000
0.960000
0.960000
0.960000
0.960000
0.960000
0.960000
0.960000
0.960000
0.960000
0.960000
0.960000
0.960000
0.960000
0.960000
0.960000
0.960000
0.960000
0.960000
0.960000
0.960000
0.960000
0.960000
0.960000
0.960000
0.960000
0.960000
0.960000
0.960000
0.960000
0.960000
0.960000
0.960000
0.960000
0.960000
0.960000
0.960000
0.960000
0.960000
0.960000
0.960000
0.960000
0.960000
0.960000
0.960000
0.960000
0.960000
0.960000
0.960000
0.960000
0.960000
0.960000
0.960000
0.960000
0.960000
0.960000
0.960000
0.960000
0.960000
0.960000
0.960000
0.960000
0.960000
0.960000
0.960000
0.960000
0.960000
0.960000
0.960000
0.960000
0.960000
0.960000
0.960000
0.960000
0.960000
0.960000
0.960000
0.960000
0.960000
0.960000
0.960000
0.960000
0.960000
0.960000
0.960000
0.960000
0.960000
0.960000
0.960000
0.960000
0.960000
0.960000
0.960000
0.960000
0.960000
0.960000
0.960000
0.960000
0.960000
0.960000
0.960000
0.960000
0.960000
0.960000
0.960000
0.960000
0.960000
0.960000
0.960000
0.960000
0.960000
0.960000
0.960000
0.960000
0.960000
0.960000
0.960000
0.960000
0.960000
0.960000
0.960000
0.960000
0.960000
0.960000
0.960000
0.960000
0.960000
0.960000
0.960000
0.960000
0.960000
0.960000
0.960000
0.960000
0.960000
0.960000
0.960000
0.960000
0.960000
0.960000
0.960000
0.960000
0.960000
0.960000
0.960000
0.960000
0.960000
0.960000
0.960000
0.960000
0.962834
0.973433
0.980569
0.987810
0.994947
0.998305
0.998305
0.998725
0.998725
0.998725
0.998725
0.998725
0.998830
0.998830
0.998830
0.998830
0.998830
0.998830
0.998830
0.998830
0.998830
0.999250
1.003552
1.003552
1.004812
1.004812
1.004812
1.004812
1.004812
1.004917
1.002083
0.991484
0.984347
0.977106
0.969970
0.966612
0.966612
0.966192
0.966192
0.966192
0.966192
0.966192
0.966087
0.966087
0.966087
0.966087
0.966087
0.966087
0.966087
0.966087
0.966087
0.965667
0.961364
0.961364
0.960105
0.960105
0.960105
0.960105
0.960105
0.960000
0.960000
0.960000
0.960000
0.960000
0.960000
0.960000
0.960000
0.960000
0.960000
0.960000
0.960000
0.960000
0.960000
0.960000
0.960000
0.960000
0.960000
0.960000
0.960000
0.960000
0.960000
0.960000
0.960000
0.960000
0.960000
0.960000
0.960000
0.960000
0.960000
0.960000
0.960000
0.960000
0.960000
0.960000
0.960000
0.960000
0.960000
0.960000
0.960000
0.960000
0.960000
0.960000
0.960000
0.960000
0.960000
0.960000
0.960000
0.960000
0.960000
0.960000
0.960000
0.960000
0.960000
0.960000
0.960000
0.960000
0.960000
0.960000
0.960000
0.960000
0.960000
0.960000
0.967976
0.971229
0.971229
0.971229
0.971229
0.971334
0.981409
0.982563
0.982563
0.982563
0.982668
0.982983
0.982983
0.983613
0.983613
0.983613
0.983613
0.983613
0.983613
0.983613
0.983613
0.983613
0.983718
0.983718
0.983718
0.984452
0.984452
0.984452
0.984452
0.984557
0.976581
0.973328
0.973433
0.973433
0.973433
0.974482
0.970914
0.969865
0.973748
0.973748
0.973643
0.973328
0.973328
0.972698
0.976476
0.985292
0.995157
0.995786
0.996941
0.996941
0.996941
0.996941
0.997361
0.997361
0.997361
0.996626
0.996626
0.996626
0.996626
1.000929
1.002083
1.002083
1.001978
1.001978
1.001978
1.000824
0.994422
0.994317
0.990434
0.990434
0.990434
0.990434
0.990434
0.990434
0.986656
0.977841
0.967976
0.967346
0.966192
0.966612
0.966612
0.966612
0.966087
0.966087
0.966087
0.966087
0.972069
0.972488
0.973433
0.969760
0.968606
0.971124
0.973118
0.976686
0.980569
0.980569
0.980464
0.980464
0.980464
0.980464
0.980464
0.980464
0.980569
0.980569
0.980569
0.980569
0.980569
0.980569
0.980779
0.980464
0.981199
0.981199
0.982668
0.982668
0.982773
0.982773
0.976791
0.976371
0.975427
0.976791
0.977316
0.975322
0.973328
0.969760
0.966087
0.967451
0.967976
0.968081
0.968186
0.968291
0.970599
0.974692
0.978785
0.982878
0.985187
0.985187
0.985187
0.985187
0.984977
0.984872
0.984137
0.984137
0.983928
0.992953
0.993163
0.995472
0.995472
0.995472
0.995472
0.993373
0.992848
0.992323
0.992323
0.992323
0.992113
0.990749
0.990224
0.990119
0.990014
0.989909
0.987601
0.983508
0.979310
0.975217
0.972908
0.972908
0.972908
0.972908
0.972908
0.972908
0.972908
0.972908
0.971649
0.969235
0.976896
0.974587
0.974587
0.974587
0.974692
0.975112
0.975112
0.975112
0.975112
0.975112
0.975112
0.975112
0.980569
0.989595
0.990119
0.992638
0.993792
0.993792
0.994947
0.994947
0.995472
0.996416
0.996626
0.996626
0.996731
0.996731
0.996731
0.996731
0.996731
0.990119
0.982143
0.982143
0.982143
0.982143
0.982039
0.981619
0.981619
0.981619
0.981619
0.981619
0.981619
0.981619
0.976162
0.967136
0.966716
0.964198
0.963043
0.963043
0.961889
0.961889
0.961364
0.960420
0.960210
0.960210
0.960105
0.960105
0.960105
0.960105
0.960105
0.960105
0.960105
0.960105
0.960105
0.960105
0.960105
0.960105
0.960105
0.960105
0.960105
0.960105
0.960105
0.960105
0.960105
0.961574
0.961784
0.961784
0.961889
0.961889
0.961889
0.962204
0.962204
0.962834
0.963148
0.963148
0.963253
0.963253
0.963253
0.963253
0.963253
0.963253
0.963253
0.966297
0.971544
0.971544
0.971544
0.971544
0.971544
0.971544
0.971544
0.971649
0.971649
0.971649
0.971649
0.970180
0.969970
0.969970
0.969865
0.969865
0.969865
0.969550
0.969550
0.969025
0.968710
0.969865
0.969760
0.969760
0.969760
0.969760
0.969760
0.969760
0.969760
0.966716
0.961469
0.961469
0.961469
0.961469
0.961469
0.961469
0.961469
0.961364
0.961364
0.961364
0.961364
0.961364
0.961574
0.961574
0.961574
0.961574
0.961574
0.961574
0.961574
0.961469
0.961469
0.960315
0.960315
0.960315
0.960315
0.960315
0.960315
0.960315
0.960315
0.960315
0.960315
0.960315
0.960315
0.960315
0.960315
0.960315
0.960315
0.960315
0.960315
0.960315
0.960315
0.960315
0.960000
0.960630
0.960630
0.960630
0.960630
0.966821
0.972488
0.975322
0.984032
0.984032
0.984032
0.984032
0.984872
0.986446
0.986446
0.986446
0.986866
0.987286
0.987286
0.987286
0.987286
0.987286
0.987915
0.987915
0.987915
0.987915
0.987915
0.987915
0.987915
0.987915
0.987915
0.987286
0.987286
0.987286
0.987496
0.981304
0.975637
0.972803
0.964093
0.964093
0.964093
0.964093
0.963253
0.961679
0.961679
0.961679
0.961259
0.960840
0.960840
0.960840
0.960840
0.960840
0.960210
0.960210
0.960210
0.960210
0.960210
0.960210
0.960210
0.960210
0.961049
0.961049
0.961049
0.961259
0.961049
0.961049
0.961049
0.961049
0.961049
0.961049
0.961049
0.961049
0.961049
0.961049
0.961049
0.962414
0.962414
0.962414
0.962414
0.962414
0.962834
0.962834
0.962834
0.962834
0.962834
0.962834
0.962834
0.963463
0.963463
0.963463
0.962624
0.962624
0.962624
0.962519
0.962519
0.962624
0.964198
0.968815
0.970914
0.971859
0.971859
0.971859
0.971859
0.971964
0.972069
0.971439
0.971649
0.971649
0.971649
0.971649
0.971229
0.971229
0.971229
0.971754
0.972174
0.973538
0.976057
0.978051
0.978051
0.978260
0.978260
0.978260
0.978260
0.978156
0.978156
0.978051
0.976476
0.971859
0.969760
0.968815
0.968815
0.968815
0.969025
0.969235
0.969130
0.968501
0.968291
0.968291
0.968396
0.968396
0.968396
0.968396
0.968396
0.967871
0.967451
0.966087
0.963568
0.960945
0.960945
0.960735
0.960735
0.960735
0.960735
0.960735
0.960735
0.960735
0.960735
0.960735
0.960735
0.960735
0.961364
0.963043
0.962834
0.962519
0.962519
0.962414
0.962414
0.964198
0.966192
0.967136
0.967136
0.967346
0.967346
0.967766
0.967766
0.967766
0.968501
0.969235
0.969235
0.969340
0.969340
0.969340
0.969340
0.969340
0.969340
0.969445
0.969445
0.969445
0.969445
0.969445
0.968815
0.967136
0.967136
0.967136
0.967136
0.967136
0.967136
0.965352
0.963253
0.962309
0.962309
0.962099
0.962099
0.961679
0.961679
0.962099
0.961469
0.960735
0.960735
0.960735
0.960735
0.960735
0.960735
0.960735
0.960735
0.960630
0.960630
0.960630
0.960630
0.960630
0.960630
0.960630
0.960630
0.960630
0.960630
0.960630
0.960630
0.960630
0.960630
0.960630
0.960735
0.960735
0.960735
0.960735
0.960735
0.960315
0.960210
0.960210
0.960210
0.960105
0.960105
0.960105
0.960105
0.960105
0.960105
0.960105
0.960105
0.960105
0.960105
0.960105
0.960105
0.960105
0.960105
0.962414
0.976267
0.990329
0.997361
0.997361
0.997361
0.997361
0.997256
1.002608
1.008590
1.015201
1.015201
1.015201
1.015201
1.015306
1.015306
1.015306
1.015306
1.015306
1.015306
1.015306
1.015306
1.015306
1.015411
1.015411
1.015411
1.015516
1.015516
1.015516
1.015516
1.016775
1.002923
0.988860
0.981829
0.981829
0.981829
0.981829
0.981829
0.977316
0.972174
0.966507
0.969865
0.969865
0.969865
0.969760
0.969760
0.969760
0.969760
0.969760
0.969865
0.969865
0.969865
0.969865
0.969760
0.969760
0.969760
0.969655
0.969655
0.969655
0.969655
0.966087
0.967451
0.977316
0.977316
0.977316
0.977316
0.977421
0.977421
0.976581
0.975742
0.974797
0.971439
0.971439
0.971439
0.971439
0.971754
0.976896
0.984872
0.984872
0.984767
0.984767
0.984767
0.984767
0.984767
0.984767
0.984767
0.984767
0.984767
0.984767
0.984767
0.984767
0.983403
0.973538
0.973538
0.973538
0.973538
0.973433
0.973433
0.973433
0.973433
0.973433
0.973433
0.973433
0.973433
0.973433
0.973118
0.967976
0.960000
0.960000
0.960000
0.960000
0.960000
0.960000
0.960000
0.960000
0.960000
0.964513
0.964513
0.964513
0.964513
0.964513
0.964513
0.964513
0.964513
0.964513
0.964513
0.964513
0.964513
0.964513
0.964513
0.975322
0.975742
0.975742
0.975742
0.975742
0.975742
0.975742
0.975742
0.976267
0.976267
0.977526
0.977526
0.977736
0.977736
0.978365
0.978470
0.973958
0.973958
0.973958
0.973958
0.973958
0.973958
0.973958
0.973958
0.973958
0.973958
0.973958
0.973958
0.973958
0.973958
0.963148
0.962729
0.962729
0.962729
0.962729
0.962729
0.962729
0.962729
0.962204
0.962204
0.960945
0.960945
0.960735
0.960735
0.960105
0.960000
0.960000
0.960000
0.960000
0.960000
0.960000
0.960000
0.960000
0.960000
0.960000
0.960000
0.960000
0.960000
0.960420
0.962204
0.962204
0.962309
0.962938
0.965142
0.967346
0.971964
0.973958
0.974168
0.974168
0.974168
0.974168
0.974797
0.975742
0.977316
0.981094
0.981094
0.981094
0.981094
0.981199
0.981199
0.982039
0.982248
0.983193
0.985817
0.985817
0.985817
0.985817
0.985817
0.985397
0.985817
0.987181
0.987076
0.986446
0.984242
0.982039
0.977421
0.975427
0.975217
0.975217
0.975217
0.975217
0.974587
0.973643
0.972069
0.968291
0.968291
0.968291
0.968291
0.968186
0.968186
0.967346
0.967136
0.966192
0.963568
0.963568
0.963568
0.963568
0.963568
0.963568
0.961364
0.960000
0.960000
0.960000
0.960000
0.960000
0.960000
0.960000
0.960000
0.960000
0.960000
0.960000
0.960000
0.960000
0.960000
0.960000
0.960000
0.960000
0.960000
0.960000
0.960000
0.960000
0.960000
0.960000
0.960000
0.960000
0.960000
0.960000
0.960000
0.960000
0.960000
0.960000
0.960000
0.960000
0.960000
0.960000
0.960000
0.960000
0.960000
0.960000
0.962204
0.963463
0.963568
0.963568
0.963568
0.963568
0.963568
0.963568
0.963568
0.965772
0.967136
0.967136
0.967136
0.967136
0.967136
0.967136
0.967136
0.967136
0.969235
0.970704
0.970704
0.970704
0.970704
0.970704
0.970704
0.970704
0.970704
0.970704
0.970704
0.970704
0.968501
0.967241
0.967136
0.967136
0.967136
0.967136
0.967136
0.967136
0.967136
0.964932
0.963568
0.963568
0.963568
0.963568
0.963568
0.963568
0.963568
0.963568
0.961469
0.960000
0.960000
0.960000
0.960000
0.960000
0.960000
0.960000
0.960000
0.960000
0.960000
0.960000
0.960000
0.960000
0.960000
0.960000
0.960000
0.960000
0.960000
0.960000
0.960000
0.960000
0.960000
0.960000
0.960000
0.960000
0.960000
0.960000
0.960000
0.960000
0.960000
0.960000
0.960105
0.960105
0.960105
0.960105
0.960105
0.960105
0.960105
0.960105
0.960105
0.960105
0.960105
0.960105
0.960105
0.960105
0.960105
0.960105
0.960105
0.960105
0.960105
0.960105
0.960105
0.960105
0.960105
0.960105
0.960105
0.960105
0.960105
0.960105
0.960105
0.960105
0.960000
0.960000
0.960000
0.960000
0.960000
0.960000
0.960000
0.960000
0.960000
0.960000
0.960000
0.960000
0.960000
0.960000
0.960000
0.960000
0.960000
0.960000
0.960000
0.960000
0.960000
0.960000
0.960000
0.960000
0.960000
0.960000
0.960000
0.960000
0.960000
0.960000
0.960000
0.960000
0.960000
0.960000
0.960000
0.960000
0.960000
0.960000
0.960000
0.960000
0.960000
0.960000
0.960000
0.960000
0.960000
0.960000
0.960000
0.960000
0.960000
0.960000
0.960000
0.960000
0.960000
0.960000
0.960000
0.960000
0.960000
0.960000
0.960000
0.960000
0.960000
0.960000
0.960000
0.960000
0.960000
0.960000
0.960000
0.960000
0.960000
0.960000
0.960000
0.960000
0.960000
0.960000
0.960000
0.960000
0.960000
0.960000
0.960000
0.960000
0.960000
0.960000
0.960000
0.960000
0.960000
0.960000
0.960000
0.960000
0.960000
0.960000
0.960000
0.960000
0.960000
0.960000
0.960000
0.960000
0.960000
0.960000
0.960000
0.960000
0.960000
0.960000
0.960000
0.960000
0.960000
0.960000
0.960000
0.960000
0.960000
0.960000
0.960000
0.960000
0.960000
0.960000
0.960000
0.960000
0.960000
0.960000
0.960000
0.960000
0.960000
0.960000
0.960000
0.960000
0.960000
0.960000
0.960000
0.960000
0.960000
0.960000
0.960000
0.960000
0.960000
0.960000
0.960000
0.960000
0.960000
0.960000
0.960000
0.960000
0.960000
0.960000
0.960000
0.960000
0.960000
0.960000
0.960000
0.960000
0.960000
0.960000
0.960000
0.960000
0.960000
0.960000
0.960000
0.960000
0.960000
0.960000
0.960000
0.960000
0.960000
0.960000
0.960000
0.960000
0.960000
0.960000
0.960000
0.960000
0.960000
0.960000
0.960000
0.960000
0.960000
0.960000
0.960000
0.960000
0.960000
0.960000
0.960000
0.960000
0.960000
0.960000
0.960000
0.960000
0.960000
0.960000
0.960000
0.960000
0.960000
0.960000
0.960000
0.960000
0.960000
0.960000
0.960000
0.960000
0.960000
0.960000
0.960000
0.960000
0.960000
0.960000
0.960000
0.960000
0.960000
0.960000
0.960000
0.960000
0.960000
0.960000
0.960000
0.960000
0.960000
0.960000
0.960000
0.960000
0.960000
0.960000
0.960000
0.960000
0.960000
0.960000
0.960000
0.960000
0.960000
0.960000
0.960000
0.960000
0.960000
0.960000
0.960000
0.960000
0.960000
0.960000
0.960000
0.960000
0.960000
0.960000
0.960000
0.960000
0.960000
0.960000
0.960000
0.960000
0.960000
0.960000
0.960000
0.960000
0.960000
0.960000
0.960000
0.960000
0.960000
0.960000
0.960000
0.960000
0.960000
0.960000
0.960000
0.960000
0.960000
0.960000
0.960000
0.960000
0.960000
0.960000
0.960000
0.960000
0.960000
0.960000
0.960000
0.960000
0.960000
0.960000
0.960000
0.960000
0.960000
0.960000
0.960000
0.960000
0.960000
0.960000
0.960000
0.960000
0.960000
0.960000
0.960000
0.960000
0.960000
0.960000
0.960000
0.960000
0.960000
0.960000
0.960000
0.960000
0.960000
0.960000
0.960000
0.960000
0.960000
0.960000
0.960000
0.960000
0.960000
0.960000
0.960000
0.960000
0.960000
0.960000
0.960000
0.960000
0.960000
0.960000
0.960000
0.960000
0.960000
0.960000
0.960000
0.960000
0.960000
0.960000
0.960000
0.960000
0.960000
0.960000
0.960000
0.960000
0.960315
0.962624
0.970495
0.977736
0.984977
0.992113
0.995052
0.995052
0.995996
0.995996
0.995996
0.995996
0.995996
0.995996
0.995996
0.995996
0.996101
0.996101
0.996101
0.996101
0.996101
0.996521
1.000824
1.000824
1.002083
1.002083
1.002083
1.002083
1.002083
1.002083
1.001873
0.999564
0.991693
0.984452
0.977211
0.970075
0.967136
0.967136
0.966192
0.966192
0.966192
0.966192
0.966192
0.966192
0.966192
0.966192
0.966087
0.966087
0.966087
0.966087
0.966087
0.965667
0.961364
0.961364
0.960105
0.960105
0.960105
0.960105
0.960105
0.960105
0.960000
0.960000
0.960000
0.960000
0.960000
0.960000
0.960000
0.960000
0.960000
0.960000
0.960000
0.961364
0.971649
0.971649
0.971649
0.974273
0.979625
0.979625
0.979625
0.979625
0.979625
0.980254
0.980254
0.980254
0.980254
0.980254
0.980254
0.980254
0.980254
0.980254
0.980254
0.980359
0.980359
0.980359
0.980359
0.980359
0.980359
0.980359
0.980359
0.980359
0.980359
0.978995
0.968710
0.968710
0.968710
0.966087
0.960735
0.960735
0.960735
0.960735
0.960735
0.960105
0.960105
0.960105
0.960105
0.960105
0.960105
0.960105
0.960105
0.960105
0.960105
0.960000
0.960000
0.960000
0.960000
0.960000
0.960000
0.964303
0.979205
0.986656
0.994212
1.001768
1.009219
1.016775
1.024227
1.031783
1.039234
1.046475
1.046475
1.046475
1.046475
1.046475
1.046475
1.046475
1.046475
1.046475
1.046475
1.046580
1.046580
1.046580
1.046580
1.046580
1.046580
1.046790
1.046790
1.046790
1.046790
1.042487
1.027585
1.020134
1.012578
1.005022
0.997570
0.990014
0.982563
0.975007
0.967556
0.960420
0.961259
0.961889
0.961994
0.962834
0.962834
0.962834
0.962834
0.962834
0.962834
0.962729
0.962729
0.962729
0.962729
0.962729
0.962729
0.962519
0.962519
0.962519
0.962519
0.962519
0.962519
0.962519
0.962519
0.962624
0.962624
0.962624
0.962624
0.962624
0.962624
0.962519
0.961679
0.961049
0.960945
0.960105
0.960105
0.960105
0.960105
0.960105
0.960105
0.960105
0.960105
0.960105
0.960105
0.960105
0.960105
0.960105
0.960105
0.960105
0.960105
0.960105
0.960105
0.960105
0.960105
0.960000
0.960000
0.960000
0.960000
0.960000
0.960000
0.960000
0.960000
0.960000
0.960000
0.960000
0.960000
0.960000
0.960000
0.960000
0.960000
0.960000
0.960000
0.960000
0.960000
0.960000
0.960000
0.960000
0.960000
0.960000
0.960000
0.960000
0.960000
0.960000
0.960000
0.960000
0.960000
0.960000
0.960000
0.960000
0.960000
0.960000
0.960000
0.960000
0.960000
0.960000
0.960000
0.960000
0.960000
0.961784
0.964198
0.964618
0.964618
0.964618
0.964618
0.965562
0.965562
0.966192
0.968081
0.968920
0.968920
0.968920
0.968920
0.968920
0.969865
0.969865
0.969865
0.971124
0.971229
0.971229
0.971229
0.971334
0.971439
0.972384
0.972384
0.972384
0.972384
0.972384
0.972384
0.970599
0.968186
0.967766
0.967766
0.967766
0.967766
0.966821
0.966821
0.966192
0.964303
0.963463
0.963463
0.963463
0.963463
0.963463
0.962519
0.962519
0.968920
0.973958
0.976581
0.978156
0.979415
0.980149
0.980045
0.979100
0.979100
0.979100
0.979100
0.979100
0.979100
0.979100
0.979100
0.979100
0.979100
0.979100
0.979100
0.979100
0.979100
0.980149
0.980149
0.980149
0.980149
0.980149
0.980149
0.980149
0.980149
0.980254
0.973853
0.967556
0.964827
0.963253
0.962729
0.962834
0.971544
0.976581
0.976581
0.976581
0.976581
0.976581
0.976581
0.976581
0.976581
0.976581
0.976581
0.976581
0.983403
0.991064
0.991589
0.990539
0.990539
0.990539
0.991693
0.991693
0.991693
0.991693
0.991693
0.991589
0.991693
0.991693
0.991693
0.991693
0.990959
0.990014
0.981304
0.976267
0.976267
0.976267
0.976267
0.976267
0.976267
0.976267
0.976267
0.976267
0.976267
0.976267
0.969445
0.961784
0.961889
0.961889
0.962414
0.962624
0.961574
0.961574
0.961574
0.961574
0.961574
0.972488
0.972803
0.972803
0.972803
0.972803
0.972803
0.972803
0.972803
0.972803
0.972803
0.972803
0.972803
0.972803
0.972803
0.972803
0.972803
0.972803
0.972803
0.972803
0.972803
0.972803
0.972174
0.972174
0.971649
0.971439
0.971334
0.971334
0.971334
0.971334
0.971334
0.960420
0.960000
0.960000
0.960000
0.960000
0.960000
0.960000
0.960000
0.960000
0.960000
0.960000
0.960000
0.960000
0.960000
0.960000
0.960000
0.960000
0.960000
0.960000
0.960000
0.960000
0.960000
0.960000
0.960000
0.960000
0.960000
0.960000
0.960000
0.960000
0.960000
0.960000
0.960000
0.960000
0.960000
0.960000
0.960000
0.960000
0.960000
0.960000
0.960000
0.960000
0.960000
0.960000
0.960000
0.960000
0.960000
0.960000
0.960000
0.960000
0.960000
0.960000
0.960000
0.960000
0.960000
0.960000
0.960000
0.960000
0.960000
0.960000
0.960000
0.960000
0.961154
0.961994
0.963988
0.965877
0.965877
0.965877
0.965877
0.965877
0.965877
0.965877
0.965877
0.965877
0.965877
0.965877
0.965877
0.965877
0.965877
0.965877
0.965877
0.965877
0.965877
0.965877
0.965877
0.965877
0.965877
0.965877
0.965877
0.965877
0.965877
0.965877
0.964723
0.963883
0.961889
0.960000
0.960000
0.960000
0.960000
0.960000
0.960000
0.960000
0.960000
0.960000
0.960000
0.960000
0.960000
0.962309
0.962309
0.962309
0.962309
0.962309
0.962309
0.963463
0.966297
0.966297
0.966297
0.966297
0.966297
0.966297
0.966297
0.966297
0.966297
0.966297
0.966297
0.966297
0.966297
0.966297
0.966297
0.966297
0.966297
0.966297
0.966297
0.966297
0.966297
0.966297
0.966297
0.963988
0.963988
0.963988
0.963988
0.963988
0.963988
0.962834
0.960000
0.960000
0.960000
0.960000
0.960000
0.960000
0.960000
0.960000
0.960000
0.960000
0.960000
0.960000
0.960000
0.960000
0.960000
0.960000
0.960000
0.960000
0.960000
0.960000
0.960000
0.960000
0.960000
0.960000
0.960000
0.960000
0.960000
0.960000
0.960000
0.960000
0.960000
0.960000
0.960000
0.960000
0.960000
0.960000
0.960000
0.960000
0.960000
0.960000
0.960000
0.960000
0.960000
0.960000
0.960000
0.960000
0.960000
0.960000
0.960000
0.960000
0.960000
0.960000
0.960000
0.960000
0.960000
0.960000
0.960000
0.960000
0.960000
0.960000
0.960000
0.960000
0.960000
0.960000
0.960000
0.960000
0.960000
0.960000
0.960000
0.960000
0.960000
0.960000
0.960000
0.960000
0.960000
0.960000
0.960000
0.960000
0.960000
0.960000
0.960000
0.960000
0.960000
0.960000
0.960000
0.960000
0.960000
0.960000
0.960000
0.960000
0.960000
0.960000
0.960000
0.960000
0.960000
0.960000
0.960000
0.960000
0.960000
0.960000
0.960000
0.960000
0.960000
0.960000
0.960000
0.960000
0.960000
0.960000
0.960000
0.960000
0.960000
0.960000
0.960000
0.960000
0.960000
0.960000
0.960000
0.960000
0.960000
0.960000
0.960000
0.960000
0.960000
0.960000
0.960000
0.960000
0.960000
0.960000
0.960000
0.960000
0.960000
0.960000
0.960000
0.960000
0.960000
0.960000
0.960000
0.960000
0.960000
0.960000
0.960000
0.961889
0.963463
0.963463
0.963568
0.963568
0.963568
0.963673
0.963673
0.963673
0.972069
0.976267
0.976267
0.976371
0.976371
0.976371
0.976371
0.977001
0.977001
0.977001
0.977001
0.977001
0.977001
0.977001
0.977001
0.977001
0.977001
0.977001
0.977001
0.977001
0.977001
0.975112
0.973538
0.991589
1.012263
1.032937
1.053716
1.074285
1.095065
1.115739
1.128122
1.144599
1.165273
1.185947
1.206621
1.227296
1.247970
1.268119
1.288794
1.309468
1.330142
1.350921
1.371490
1.392165
1.412839
1.433618
1.454187
1.474966
1.495641
1.516315
1.536989
1.557663
1.578443
1.582116
1.582221
1.582325
1.582221
1.582325
1.582325
1.582430
1.582430
1.582535
1.582850
1.582955
1.583060
1.583165
1.583270
1.583270
1.583375
1.583585
1.583690
1.583690
1.583900
1.584005
1.584110
1.584215
1.584424
1.584424
1.584529
1.584634
1.584739
1.584844
1.584844
1.583900
1.583900
1.583900
1.584005
1.584110
1.590196
1.593450
1.593555
1.579807
1.558818
1.538144
1.517469
1.497215
1.476436
1.456181
1.435402
1.414518
1.393739
1.372960
1.352181
1.331401
1.310622
1.289738
1.268959
1.248180
1.227401
1.206621
1.185842
1.165063
1.144284
1.123505
1.102621
1.081841
1.061062
1.040178
1.013312
0.989280
0.968396
0.961364
0.961364
0.961154
0.961049
0.960525
0.960630
0.960105
0.960105
0.960105
0.960105
0.960105
0.960105
0.960105
0.960105
0.960105
0.960105
0.960105
0.960105
0.960105
0.960105
0.960105
0.960105
0.960105
0.960105
0.960105
0.960105
0.960105
0.960105
0.960105
0.960105
0.960105
0.960105
0.960105
0.960105
0.960105
0.960000
0.960000
0.960000
0.960000
0.960000
0.960000
0.960000
0.960000
0.960000
0.960000
0.960000
0.960000
0.960000
0.960000
0.960000
0.960000
0.960000
0.960000
0.960000
0.960000
0.960000
0.960000
0.960000
0.960000
0.960000
0.960000
0.960000
0.960000
0.960000
0.960000
0.960000
0.960000
0.960000
0.960000
0.960000
0.960000
0.960000
0.960000
0.960000
0.960000
0.960000
0.960000
0.960000
0.960000
0.960000
0.960000
0.960000
0.960000
0.960000
0.960000
0.960000
0.960000
0.960000
0.963883
0.964303
0.965772
0.965772
0.965772
0.965772
0.965772
0.965772
0.965772
0.965772
0.965772
0.965772
0.965877
0.965877
0.965877
0.965877
0.965877
0.965877
0.965877
0.965877
0.965877
0.965877
0.965877
0.965877
0.965877
0.965877
0.965877
0.965877
0.965877
0.965877
0.961994
0.961574
0.960105
0.960105
0.960105
0.960105
0.960105
0.960105
0.960105
0.960105
0.960105
0.960105
0.960000
0.960000
0.960000
0.960000
0.960000
0.960000
0.960000
0.960000
0.960000
0.960000
0.960000
0.960000
0.960000
0.960000
0.960000
0.960000
0.960000
0.960000
0.960000
0.960000
0.960000
0.960000
0.960000
0.960000
0.960000
0.960000
0.960000
0.960000
0.960000
0.960000
0.960000
0.960000
0.960000
0.960000
0.960000
0.960000
0.960000
0.960000
0.960000
0.960000
0.960000
0.960000
0.960000
0.960000
0.960000
0.960000
0.960000
0.960000
0.960000
0.960000
0.960000
0.960000
0.960000
0.960000
0.960000
0.960000
0.960000
0.960000
0.960000
0.960000
0.960000
0.960000
0.960000
0.960000
0.960000
0.960000
0.960000
0.960000
0.960000
0.960000
0.960000
0.960000
0.960000
0.960000
0.960000
0.960000
0.960000
0.960000
0.960000
0.960000
0.960000
0.960000
0.960000
0.960000
0.960000
0.960000
0.960000
0.960000
0.960000
0.960000
0.960000
0.960000
0.960000
0.960000
0.960000
0.960000
0.960000
0.960000
0.960000
0.960000
0.960000
0.960000
0.960000
0.960000
0.960000
0.960000
0.960000
0.960000
0.960000
0.960000
0.960000
0.960000
0.960000
0.960000
0.960000
0.960000
0.960000
0.960000
0.960000
0.960000
0.960000
0.960000
0.960000
0.960000
0.960000
0.960000
0.960000
0.960000
0.960000
0.960000
0.960000
0.960000
0.960000
0.960000
0.960000
0.960000
0.960000
0.960000
0.960000
0.960000
0.960000
0.960000
0.960000
0.960000
0.960000
0.960000
0.960000
0.960000
0.960000
0.960000
0.960000
0.960000
0.960000
0.960000
0.960000
0.960000
0.960000
0.960000
0.960000
0.960000
0.960000
0.960000
0.960000
0.960000
0.960000
0.960000
0.960000
0.960000
0.960000
0.960000
0.960000
0.960000
0.960000
0.960000
0.960000
0.960000
0.960000
0.960000
0.960000
0.960000
0.960000
0.960000
0.960000
0.960000
0.960000
0.960000
0.960000
0.960000
0.960000
0.960000
0.960000
0.960000
0.960000
0.960000
0.960000
0.960000
0.960000
0.960000
0.960000
0.960000
0.960000
0.960000
0.960000
0.960000
0.960000
0.960000
0.960000
0.960000
0.960000
0.960000
0.960000
0.960000
0.960000
0.960000
0.960000
0.960000
0.960000
0.960000
0.960000
0.960000
0.960000
0.960000
0.960000
0.960000
0.960000
0.960000
0.960000
0.960000
0.960000
0.960000
0.960000
0.960000
0.960000
0.960000
0.960000
0.960000
0.960000
0.960000
0.960000
0.960000
0.960000
0.960000
0.960000
0.960000
0.960000
0.960000
0.960000
0.960000
0.960000
0.960000
0.960000
0.960000
0.960000
0.960000
0.960000
0.960000
0.960000
0.960000
0.960000
0.960000
0.960000
0.960000
0.960000
0.960000
0.960000
0.960000
0.960000
0.960000
0.960000
0.960000
0.960000
0.960000
0.960000
0.960000
0.960000
0.960000
0.960000
0.960000
0.960000
0.960000
0.960000
0.960000
0.960000
0.960000
0.960000
0.960000
0.960000
0.960000
0.960000
0.960000
0.960000
0.960000
0.960000
0.960000
0.960000
0.960000
0.960000
0.960000
0.960000
0.960000
0.960000
0.960000
0.960000
0.960000
0.960000
0.960000
0.960000
0.960000
0.960000
0.960000
0.960000
0.960000
0.960000
0.960000
0.960000
0.960000
0.960000
0.960000
0.960000
0.960000
0.960000
0.960000
0.960000
0.960000
0.960000
0.960000
0.960000
0.960000
0.960000
0.960000
0.960000
0.960000
0.960000
0.960000
0.960000
0.960000
0.960000
0.960000
0.960000
0.960000
0.960000
0.960000
0.960000
0.960000
0.960000
0.960000
0.960000
0.960000
0.960000
0.960000
0.960000
0.960000
0.960000
0.960000
0.960000
0.960000
0.960000
0.960000
0.960000
0.960000
0.960000
0.960000
0.960000
0.960000
0.960000
0.960000
0.960000
0.960000
0.960000
0.960000
0.960000
0.960000
0.960000
0.960000
0.960000
0.960000
0.960000
0.960000
0.960000
0.960000
0.960000
0.960000
0.960000
0.960000
0.960000
0.960000
0.960000
0.960000
0.960000
0.960000
0.960000
0.960000
0.960000
0.960000
0.960000
0.960000
0.960000
0.960000
0.960000
0.960000
0.960000
0.960000
0.960000
0.960000
0.960000
0.960000
0.960000
0.960000
0.960000
0.960000
0.960000
0.960000
0.960000
0.960000
0.960000
0.960000
0.960000
0.960000
0.960000
0.960000
0.960000
0.960000
0.960000
0.960000
0.960000
0.960000
0.960000
0.960000
0.960000
0.960000
0.960000
0.960000
0.960000
0.960000
0.960000
0.960000
0.960000
0.960000
0.960000
0.960000
0.960000
0.960000
0.960000
0.960000
0.960000
0.960000
0.960000
0.960000
0.960000
0.960000
0.960000
0.960000
0.960000
0.960000
0.960000
0.960000
0.960000
0.960000
0.960000
0.960000
0.960000
0.960000
0.960210
0.966821
0.974063
0.981409
0.988650
0.994422
0.994422
0.995052
0.995052
0.995052
0.995052
0.995052
0.995052
0.995052
0.995052
0.995052
0.995052
0.995052
0.995052
0.995052
0.995052
0.995052
0.995472
0.999879
0.999879
1.000824
1.000824
1.000824
1.000929
1.000929
1.000719
0.994107
0.986866
0.979520
0.972279
0.966507
0.966507
0.965877
0.965877
0.965877
0.965877
0.965877
0.965877
0.965877
0.965877
0.965877
0.965877
0.972069
0.977631
0.977631
0.977631
0.977631
0.977211
0.972803
0.974587
0.983088
0.983088
0.983088
0.983088
0.983088
0.983088
0.983088
0.983088
0.983088
0.983088
0.983088
0.983088
0.983088
0.983088
0.983088
0.983088
0.983088
0.983088
0.983088
0.983088
0.983088
0.983088
0.976896
0.971334
0.971334
0.971334
0.971334
0.971334
0.971334
0.969550
0.960105
0.960105
0.965247
0.971859
0.971859
0.971859
0.971859
0.971859
0.971859
0.971859
0.972488
0.972488
0.972593
0.973223
0.973223
0.973538
0.973538
0.973538
0.973538
0.973643
0.973643
0.973643
0.973643
0.973643
0.973643
0.973643
0.973643
0.973643
0.973643
0.973643
0.973643
0.973643
0.968501
0.961784
0.961784
0.962099
0.962099
0.962099
0.962099
0.962204
0.962519
0.962519
0.962414
0.961784
0.961784
0.961469
0.962624
0.962624
0.962624
0.962519
0.962519
0.962519
0.962519
0.962519
0.962519
0.962519
0.962519
0.962519
0.962519
0.962519
0.962519
0.962519
0.962519
0.962519
0.962519
0.962204
0.962204
0.962204
0.962204
0.962099
0.961154
0.961154
0.961154
0.961154
0.961154
0.961154
0.960000
0.960000
0.960000
0.960000
0.960000
0.960000
0.960000
0.960210
0.960210
0.960210
0.960210
0.960210
0.960210
0.960210
0.960210
0.960210
0.960210
0.960210
0.960210
0.960210
0.960210
0.960210
0.960210
0.960210
0.961259
0.961259
0.961259
0.961259
0.961259
0.961889
0.961889
0.962204
0.962204
0.962204
0.962414
0.963673
0.965142
0.965142
0.965142
0.965142
0.965982
0.966507
0.966926
0.966926
0.966926
0.971649
0.978260
0.981199
0.981514
0.984872
0.984872
0.984872
0.984872
0.987286
0.987706
0.987706
0.987706
0.987706
0.987706
0.987076
0.987076
0.986761
0.986761
0.986761
0.986551
0.985397
0.983928
0.984662
0.984662
0.984662
0.983823
0.992848
0.994002
0.994002
0.994002
0.989280
0.982668
0.979730
0.979415
0.979100
0.988020
0.991169
0.991274
0.988965
0.987601
0.987601
0.987601
0.987601
0.987601
0.987601
0.987601
0.987601
0.992218
1.001243
1.003028
1.002923
1.002923
1.001978
1.001978
1.003237
1.003237
0.993687
0.992113
0.992113
0.992113
0.992113
0.992113
0.992113
0.992113
0.989070
0.980149
0.977001
0.976896
0.976791
0.976686
0.976686
0.976686
0.976686
0.976791
0.977316
0.977316
0.977316
0.972698
0.963673
0.961889
0.962414
0.962414
0.962414
0.962414
0.961469
0.961469
0.962099
0.962309
0.962309
0.962309
0.962414
0.962414
0.962414
0.962938
0.963043
0.963043
0.963043
0.965352
0.966192
0.966926
0.967451
0.970704
0.970704
0.970599
0.970075
0.970075
0.970075
0.970075
0.970075
0.970075
0.969550
0.969550
0.969550
0.976057
0.978890
0.978890
0.978260
0.978156
0.978156
0.978156
0.978051
0.978051
0.978051
0.977526
0.977421
0.977421
0.977526
0.975217
0.974378
0.973643
0.973118
0.969865
0.969865
0.969865
0.969970
0.969970
0.969970
0.969970
0.969970
0.969970
0.972279
0.972279
0.972279
0.965772
0.962624
0.962624
0.963568
0.966821
0.966821
0.966821
0.966821
0.968291
0.977211
0.978785
0.978995
0.978995
0.978890
0.979730
0.979730
0.979730
0.979730
0.979730
0.979730
0.979730
0.979730
0.985817
0.994947
0.997780
0.997780
0.997780
0.995786
0.996731
0.996731
0.996731
0.996731
0.996731
0.995786
0.992428
0.992428
0.992428
0.992533
0.991064
0.982143
0.980569
0.980359
0.980359
0.980359
0.979520
0.979520
0.979625
0.979625
0.979625
0.979625
0.979625
0.979625
0.973643
0.964513
0.962099
0.962204
0.962204
0.961889
0.960945
0.960945
0.960945
0.960945
0.960945
0.961049
0.961049
0.961049
0.961049
0.960945
0.960945
0.960945
0.960945
0.960945
0.961049
0.961049
0.961049
0.961049
0.960945
0.960945
0.960945
0.960945
0.960945
0.960840
0.960735
0.960840
0.960420
0.960315
0.960315
0.960315
0.960315
0.960315
0.960315
0.960315
0.960315
0.960210
0.960210
0.960210
0.960210
0.960210
0.960210
0.960315
0.960315
0.960315
0.966716
0.971544
0.971544
0.971544
0.971544
0.971544
0.971544
0.972174
0.972279
0.972279
0.972279
0.972279
0.972279
0.972279
0.972279
0.972279
0.972279
0.972279
0.972593
0.972593
0.972593
0.972593
0.972593
0.972593
0.972593
0.972593
0.972698
0.972593
0.972593
0.972593
0.966087
0.961259
0.961259
0.961259
0.961259
0.961364
0.961364
0.960735
0.960630
0.960630
0.960630
0.960525
0.960525
0.960525
0.960525
0.960525
0.960525
0.960630
0.960315
0.960315
0.960315
0.960315
0.960315
0.960315
0.960315
0.960315
0.960210
0.960210
0.960210
0.960210
0.960315
0.960315
0.960315
0.960315
0.960315
0.960210
0.960210
0.960210
0.960210
0.960210
0.960210
0.960210
0.960210
0.960315
0.960315
0.960315
0.960315
0.960210
0.960210
0.960210
0.960210
0.960210
0.960210
0.960210
0.960210
0.960210
0.960210
0.960210
0.960210
0.960210
0.960105
0.960105
0.960105
0.960105
0.960210
0.960210
0.960210
0.960210
0.960210
0.960210
0.960210
0.960210
0.960210
0.960105
0.960105
0.960105
0.960105
0.962204
0.962309
0.962309
0.962309
0.962414
0.962414
0.962414
0.962414
0.962414
0.964198
0.965352
0.965352
0.965352
0.965352
0.965352
0.965457
0.965457
0.965352
0.965352
0.965352
0.965352
0.965457
0.965457
0.965457
0.965457
0.965457
0.965457
0.965562
0.965562
0.965562
0.963463
0.963358
0.963358
0.963358
0.963253
0.963778
0.963778
0.963778
0.963778
0.961994
0.960840
0.960840
0.960840
0.960945
0.960945
0.960840
0.960840
0.960840
0.960840
0.960840
0.960840
0.960735
0.960735
0.960735
0.960735
0.960840
0.960840
0.960735
0.960735
0.960735
0.960735
0.961049
0.961049
0.961049
0.961259
0.960735
0.960735
0.960735
0.960735
0.960735
0.960735
0.960735
0.961259
0.961154
0.961154
0.961784
0.961994
0.961994
0.961994
0.961994
0.961994
0.962099
0.962099
0.962099
0.962834
0.962729
0.962729
0.962834
0.962834
0.962834
0.962834
0.962519
0.962519
0.962519
0.962309
0.962414
0.962414
0.962414
0.962414
0.962414
0.962519
0.962624
0.962624
0.963043
0.963043
0.962414
0.962204
0.962204
0.962204
0.962204
0.962204
0.962099
0.962204
0.962204
0.961469
0.961469
0.961469
0.961364
0.961364
0.961364
0.961679
0.961889
0.963463
0.964827
0.964827
0.964723
0.964723
0.964723
0.964723
0.964723
0.964618
0.964513
0.963988
0.963673
0.963673
0.963673
0.963673
0.963673
0.963673
0.963673
0.963673
0.963778
0.963673
0.963673
0.963673
0.963673
0.963673
0.963673
0.963673
0.963883
0.963568
0.963358
0.961784
0.960420
0.960420
0.960420
0.960420
0.960525
0.960525
0.960525
0.960525
0.960525
0.960525
0.960420
0.961574
0.961679
0.961679
0.963148
0.967346
0.967976
0.968291
0.969340
0.969340
0.969340
0.970075
0.971859
0.984872
1.000614
1.015726
1.029474
1.031153
1.032727
1.034406
1.035980
1.037660
1.039339
1.041018
1.042487
1.044166
1.045740
1.047314
1.048994
1.050673
1.052247
1.052772
1.054241
1.056445
1.056655
1.061167
1.065995
1.067569
1.067989
1.069668
1.071242
1.072082
1.071872
1.060538
1.048049
1.035141
1.022757
1.022652
1.022757
1.022652
1.022757
1.025486
1.026640
1.026535
1.026640
1.026535
1.026640
1.026745
1.026640
1.026640
1.026745
1.026640
1.026745
1.026220
1.026116
1.019084
1.015306
1.014991
1.015096
1.015096
1.015096
1.015201
1.015201
1.015201
1.013627
1.012997
1.013102
1.013207
1.013102
1.012368
1.010689
1.006386
1.003552
1.001978
1.000404
0.999459
0.997990
0.996416
0.994947
0.993268
0.991589
0.991589
0.989909
0.988230
0.986656
0.984977
0.983298
0.981724
0.980045
0.978365
0.976791
0.975217
0.973643
0.971964
0.970285
0.968710
0.967031
0.965352
0.963778
0.962938
0.962938
0.962834
0.970390
0.974168
0.974063
0.973433
0.973223
0.973118
0.973013
0.978260
0.984662
0.983508
0.983508
0.983613
0.983613
0.983613
0.983613
0.983613
0.983613
0.983613
0.983718
0.983613
0.983613
0.983613
0.983613
0.983613
0.983613
0.983613
0.983613
0.983613
0.983718
0.983718
0.976162
0.972384
0.972384
0.972384
0.972384
0.972384
0.972384
0.967136
0.960735
0.960420
0.960420
0.960315
0.960315
0.960315
0.960420
0.960420
0.960420
0.960420
0.960315
0.960315
0.960420
0.960420
0.960420
0.960420
0.960420
0.960420
0.960420
0.960420
0.960420
0.960420
0.960420
0.960420
0.960420
0.960420
0.960420
0.960420
0.960420
0.960420
0.960525
0.960420
0.960420
0.960420
0.960420
0.960420
0.960420
0.960420
0.960420
0.960420
0.960630
0.965982
0.965982
0.971649
0.971649
0.971649
0.971649
0.971649
0.971649
0.971754
0.971649
0.971649
0.971649
0.971649
0.971649
0.971649
0.971649
0.971649
0.971754
0.971754
0.971649
0.971649
0.971649
0.971649
0.971649
0.971649
0.971544
0.971649
0.971649
0.971649
0.971439
0.966087
0.965982
0.960315
0.960315
0.960315
0.960420
0.960420
0.960420
0.960315
0.960315
0.960315
0.960315
0.960315
0.960315
0.960420
0.960420
0.960420
0.960315
0.960315
0.960315
0.960315
0.960315
0.960420
0.960420
0.960420
0.960420
0.960315
0.960315
0.960315
0.960315
0.960420
0.960420
0.960420
0.960420
0.960420
0.960315
0.960315
0.960315
0.960315
0.960420
0.960420
0.960420
0.960420
0.960420
0.960315
0.960315
0.960315
0.960315
0.960315
0.960315
0.960420
0.960420
0.960315
0.960315
0.960315
0.960315
0.960315
0.960315
0.960420
0.960420
0.960315
0.960315
0.960315
0.960315
0.960315
0.960315
0.960315
0.960420
0.960420
0.960315
0.960315
0.960315
0.960315
0.960315
0.960315
0.960315
0.960315
0.960315
0.960420
0.960420
0.960315
0.960315
0.960315
0.960315
0.960315
0.960315
0.960315
0.960315
0.960210
0.960315
0.960315
0.960315
0.960315
0.960315
0.960315
0.960315
0.960315
0.960210
0.960210
0.960315
0.960315
0.960315
0.960315
0.960315
0.960315
0.960315
0.960315
0.960315
0.960210
0.960210
0.960210
0.960210
0.960315
0.960315
0.960315
0.960315
0.960315
0.960315
0.960315
0.960210
0.960210
0.960210
0.960315
0.960315
0.960315
0.960315
0.960315
0.960315
0.960315
0.960210
0.960210
0.960315
0.960315
0.960315
0.960315
0.960315
0.960315
0.960315
0.960315
0.960315
0.960420
0.960420
0.960315
0.960315
0.960315
0.960315
0.960315
0.960315
0.960315
0.960420
0.960420
0.960420
0.960315
0.960315
0.960315
0.960315
0.960315
0.960315
0.960315
0.960315
0.960420
0.960315
0.960315
0.960315
0.960315
0.960315
0.960315
0.960315
0.960315
0.960315
0.960315
0.960315
0.960315
0.960315
0.960315
0.960315
0.960315
0.960315
0.960315
0.960210
0.960210
0.960315
0.960315
0.960315
0.960315
0.960315
0.960315
0.960315
0.960315
0.960315
0.960210
0.960210
0.960210
0.960210
0.960210
0.960315
0.960315
0.960315
0.960315
0.960315
0.960210
0.960210
0.960210
0.960210
0.960210
0.960315
0.960315
0.960315
0.960315
0.960315
0.960315
0.960210
0.960210
0.960210
0.960210
0.960210
0.960210
0.960210
0.960210
0.960210
0.960315
0.960315
0.960315
0.960315
0.960315
0.960210
0.960210
0.960210
0.960210
0.960210
0.960210
0.960315
0.960315
0.960315
0.960315
0.960210
0.960210
0.960210
0.960210
0.960210
0.960210
0.960210
0.960210
0.960315
0.960315
0.960315
0.960315
0.960315
0.960315
0.960315
0.960210
0.960210
0.960210
0.960210
0.960315
0.960315
0.960315
0.960315
0.960315
0.960315
0.960315
0.960210
0.960210
0.960210
0.960210
0.960210
0.960210
0.960210
0.960315
0.960315
0.960315
0.960315
0.960315
0.960210
0.960210
0.960210
0.960210
0.960210
0.960315
0.960315
0.960315
0.960315
0.960315
0.960315
0.960210
0.960210
0.960210
0.960210
0.960210
0.960210
0.960210
0.960210
0.960315
0.960315
0.960315
0.960315
0.960315
0.960315
0.960210
0.960210
0.960210
0.960315
0.960315
0.960315
0.960315
0.960315
0.960315
0.960315
0.960210
0.960210
0.960210
0.960210
0.960210
0.960315
0.960315
0.960315
0.960315
0.960315
0.960315
0.960315
0.960315
0.960315
0.960210
0.960315
0.960315
0.960315
0.960315
0.960315
0.960315
0.960315
0.960315
0.960210
0.960210
0.960210
0.960210
0.960210
0.960210
0.960210
0.960315
0.960315
0.960315
0.960315
0.960315
0.960210
0.960210
0.960210
0.960210
0.960210
0.960315
0.960315
0.960315
0.960315
0.960315
0.960210
0.960210
0.960210
0.960210
0.960210
0.960210
0.960210
0.960315
0.960315
0.960315
0.960315
0.960315
0.960315
0.960315
0.960315
0.960210
0.960315
0.960315
0.960315
0.960315
0.960315
0.960315
0.960315
0.960315
0.960315
0.960210
0.960315
0.960315
0.960315
0.960315
0.960315
0.960315
0.960315
0.960420
0.960420
0.960420
0.960420
0.960315
0.960315
0.960315
0.960315
0.960315
0.960315
0.960420
0.960420
0.960420
0.960315
0.960315
0.960315
0.960315
0.960315
0.960420
0.960420
0.960420
0.960420
0.960420
0.960315
0.960315
0.960315
0.960315
0.960315
0.960315
0.960315
0.960315
0.960315
0.960315
0.960315
0.960315
0.960315
0.960315
0.960315
0.960315
0.960315
0.960315
0.960315
0.960315
0.960315
0.960315
0.960315
0.960315
0.960315
0.960210
0.960210
0.960210
0.960315
0.960315
0.960315
0.960315
0.960315
0.960315
0.960315
0.960315
0.960420
0.960315
0.960315
0.960315
0.960315
0.960315
0.960315
0.960315
0.960315
0.960315
0.960420
0.960315
0.960315
0.960315
0.960315
0.960315
0.960315
0.960315
0.960315
0.960420
0.960420
0.960420
0.960315
0.960315
0.960315
0.960315
0.960315
0.960315
0.960420
0.960420
0.960315
0.960315
0.960315
0.960315
0.960315
0.960420
0.960420
0.960420
0.960420
0.960420
0.960315
0.960315
0.960315
0.960315
0.960315
0.960420
0.960420
0.960420
0.960420
0.960315
0.960315
0.960420
0.960420
0.960420
0.960420
0.960420
0.960420
0.960420
0.960315
0.960315
0.960420
0.960420
0.960420
0.960420
0.960420
0.960315
0.960315
0.960315
0.960420
0.960420
0.960420
0.960420
0.960420
0.960420
0.960420
0.960315
0.960315
0.960315
0.960420
0.960420
0.960420
0.960315
0.960315
0.960315
0.960315
0.960315
0.960420
0.960420
0.960420
0.960420
0.960315
0.960315
0.960315
0.960315
0.960315
0.960420
0.960420
0.960420
0.960315
0.960315
0.960315
0.960315
0.960315
0.960315
0.960315
0.960420
0.960420
0.960420
0.960315
0.960315
0.960315
0.960315
0.960315
0.960420
0.960420
0.960420
0.960315
0.960315
0.960315
0.960315
0.960315
0.960315
0.960420
0.960420
0.960420
0.960315
0.960315
0.960315
0.960315
0.960315
0.960420
0.960420
0.960420
0.961049
0.961049
0.961049
0.961049
0.962204
0.962204
0.962204
0.962204
0.962309
0.962309
0.962204
0.962204
0.962204
0.962204
0.962204
0.962204
0.966192
0.973538
0.973538
0.973433
0.973433
0.973433
0.980045
0.985292
0.985397
0.985397
0.985397
0.985292
0.985292
0.986026
0.985397
0.985397
0.985292
0.985397
0.984242
0.984242
0.984242
0.984242
0.984137
0.984137
0.984242
0.984242
0.984242
0.984242
0.984242
0.984242
0.980254
0.973013
0.973013
0.973013
0.973013
0.973013
0.966402
0.961154
0.961049
0.961154
0.961154
0.961154
0.961154
0.960420
0.960420
0.960420
0.960420
0.960315
0.960420
0.960420
0.960420
0.960420
0.960420
0.960945
0.965142
0.965142
0.965142
0.965352
0.967346
0.967346
0.967451
0.967346
0.967556
0.967556
0.967661
0.967661
0.969025
0.969025
0.969130
0.969025
0.969025
0.969130
0.969130
0.969130
0.969130
0.969130
0.969130
0.969130
0.969025
0.969025
0.969130
0.969130
0.969130
0.968606
0.964303
0.964303
0.964408
0.964408
0.962414
0.962414
0.962309
0.962309
0.962099
0.962099
0.961994
0.961994
0.960630
0.960735
0.960630
0.960630
0.960630
0.960525
0.960525
0.960525
0.960630
0.960630
0.960630
0.960630
0.960630
0.960630
0.960525
0.960525
0.960525
0.960525
0.960630
0.960630
0.961259
0.961049
0.961049
0.961049
0.961154
0.961154
0.961154
0.961154
0.961154
0.961154
0.961154
0.961154
0.961154
0.961154
0.961154
0.961154
0.961154
0.961154
0.961049
0.961049
0.961154
0.961154
0.961154
0.961154
0.961154
0.961154
0.961154
0.961154
0.961049
0.961154
0.960420
0.961889
0.962204
0.962204
0.962519
0.963358
0.963358
0.963463
0.963463
0.963463
0.963778
0.963673
0.963673
0.963673
0.965667
0.972384
0.978890
0.980989
0.985187
0.992533
0.996206
0.996206
0.997151
1.001873
1.006491
1.010374
1.014991
1.022757
1.027270
1.028949
1.029054
1.027585
1.027270
1.027270
1.026850
1.027060
1.027060
1.027270
1.027270
1.027270
1.026955
1.026955
1.027375
1.028844
1.028109
1.021498
1.014991
1.012892
1.008695
1.001348
0.997570
0.997570
0.996731
0.992008
0.987496
0.983613
0.978995
0.971544
0.967031
0.965352
0.965247
0.965352
0.965352
0.965352
0.965352
0.964303
0.964303
0.963988
0.963988
0.964093
0.964093
0.964093
0.963673
0.965667
0.964618
0.964513
0.964513
0.964513
0.964513
0.964618
0.964618
0.964618
0.964513
0.964513
0.964408
0.964408
0.964408
0.964093
0.964093
0.964932
0.966821
0.972488
0.972593
0.972908
0.972908
0.972908
0.973013
0.973223
0.973223
0.973643
0.973643
0.974797
0.974797
0.974168
0.974482
0.974482
0.974797
0.974797
0.974797
0.974692
0.974692
0.974692
0.974692
0.975322
0.975532
0.975742
0.976686
0.976686
0.977841
0.976896
0.975112
0.969340
0.969340
0.969025
0.969025
0.969025
0.968920
0.968710
0.968710
0.968291
0.968291
0.967136
0.967136
0.966087
0.965562
0.965667
0.965352
0.965352
0.965352
0.965352
0.965352
0.965352
0.965352
0.964827
0.964618
0.964408
0.963463
0.963463
0.962309
0.962309
0.962309
0.962309
0.962204
0.962204
0.962204
0.962204
0.962204
0.962204
0.962309
0.962204
0.962938
0.962938
0.962938
0.961154
0.961154
0.961049
0.961154
0.961154
0.961154
0.964093
0.964093
0.965562
0.965562
0.965457
0.965457
0.965457
0.965562
0.965562
0.965562
0.965562
0.965457
0.965457
0.965562
0.965562
0.965562
0.965562
0.965562
0.965562
0.965562
0.965562
0.964827
0.964827
0.964827
0.964827
0.964932
0.964932
0.964827
0.964827
0.964827
0.961889
0.961889
0.960420
0.960420
0.960420
0.960420
0.960525
0.960420
0.960420
0.960420
0.960420
0.960420
0.960420
0.960420
0.960420
0.960420
0.960420
0.960420
0.960420
0.960315
0.960315
0.960420
0.960420
0.960420
0.960420
0.960315
0.960315
0.960315
0.960420
0.960420
0.960420
0.972488
0.975427
0.975532
0.975637
0.975847
0.975742
0.975847
0.975847
0.975847
0.975847
0.975847
0.975847
0.975742
0.975742
0.978051
0.980464
0.980674
0.984242
0.987286
0.994422
1.001873
1.007435
1.007960
1.008275
1.010374
1.011318
1.012158
1.012578
1.015201
1.015936
1.006176
1.006491
1.006386
1.007015
1.009954
1.018140
1.026430
1.033567
1.042067
1.042382
1.042487
1.042697
1.042697
1.042907
1.040598
1.038289
1.039339
1.043012
1.045950
1.046790
1.046475
1.047839
1.048574
1.049518
1.049099
1.048994
1.048259
1.051722
1.050148
1.050988
1.056130
1.060223
1.067464
1.073866
1.071662
1.063476
1.055185
1.048259
1.039758
1.039444
1.039339
1.039444
1.039444
1.039234
1.039234
1.039129
1.037869
1.032727
1.026850
1.018874
1.011633
1.004707
1.003447
1.002188
1.003762
1.003552
1.003552
0.999564
0.998515
0.996941
0.989490
0.982143
0.974902
0.967871
0.967556
0.967556
0.967451
0.967241
0.967241
0.967346
0.967346
0.967031
0.967031
0.967031
0.967031
0.967031
0.967031
0.964932
0.964827
0.964932
0.964932
0.968396
0.971019
0.971229
0.968186
0.967556
0.967556
0.967976
0.967976
0.968186
0.968186
0.969235
0.969235
0.969445
0.968815
0.968815
0.968920
0.968920
0.971544
0.971439
0.971439
0.971439
0.972279
0.972279
0.972488
0.972488
0.972593
0.972593
0.973118
0.973013
0.973013
0.969550
0.966926
0.966716
0.966507
0.966507
0.966402
0.966087
0.966087
0.965877
0.965877
0.964827
0.964827
0.964513
0.964723
0.964723
0.965772
0.965772
0.963148
0.963148
0.963148
0.963148
0.962414
0.962519
0.963253
0.965037
0.966612
0.968291
0.969445
0.971124
0.972803
0.974482
0.976162
0.977841
0.979625
0.981514
0.983193
0.984872
0.986551
0.988440
0.990119
0.991798
0.993478
0.995157
0.996521
0.998200
0.998725
1.000404
1.002083
1.003762
1.005441
1.007015
1.008590
1.010164
1.010898
1.010794
1.010794
1.010794
1.010689
1.010689
1.010689
1.010689
1.010689
1.010689
1.010479
1.010269
1.010269
1.010164
1.010164
1.009954
1.009954
1.009849
1.009849
1.009849
1.009954
1.009954
1.009849
1.009849
1.009849
1.009849
1.009849
1.009954
1.009849
1.009849
1.009849
1.009849
1.009849
1.009954
1.010059
1.010059
1.009954
1.009954
1.009954
1.009954
1.009954
1.009954
1.010374
1.010374
1.022862
1.037135
1.051512
1.063581
1.063581
1.063896
1.063896
1.063791
1.064001
1.064001
1.063896
1.063791
1.063791
1.064735
1.070088
1.075965
1.075860
1.076069
1.076069
1.076594
1.076804
1.076699
1.087613
1.087718
1.087613
1.088348
1.088348
1.088558
1.088033
1.090237
1.077644
1.063266
1.049308
1.037240
1.037135
1.036715
1.037135
1.037869
1.038079
1.037974
1.051093
1.070822
1.091182
1.110072
1.126653
1.141450
1.161075
1.181435
1.208091
1.227925
1.247235
1.267595
1.276305
1.298449
1.318073
1.336754
1.356273
1.375478
1.394998
1.412944
1.432674
1.453033
1.474127
1.493647
1.513272
1.532791
1.551786
1.570677
1.591561
1.612235
1.619791
1.619686
1.618846
1.618532
1.616118
1.614963
1.614859
1.613809
1.609821
1.616223
1.616643
1.616013
1.616118
1.613494
1.613599
1.613914
1.614124
1.614334
1.614439
1.614019
1.614019
1.613389
1.611500
1.611710
1.611815
1.612130
1.612340
1.612445
1.610871
1.609926
1.608982
1.609191
1.609296
1.609401
1.609611
1.609716
1.609926
1.610031
1.606988
1.599746
1.600271
1.600586
1.600796
1.600901
1.601111
1.601216
1.601321
1.601530
1.601950
1.602055
1.602370
1.605204
1.606778
1.607093
1.607302
1.607407
1.607512
1.607722
1.607932
1.608142
1.608352
1.608457
1.608667
1.608877
1.609087
1.609296
1.609506
1.609716
1.610556
1.612970
1.612340
1.612235
1.612235
1.612340
1.612340
1.612340
1.612445
1.613284
1.615383
1.615383
1.614859
1.611185
1.608667
1.607512
1.606463
1.605413
1.604889
1.605833
1.604784
1.603629
1.602580
1.601530
1.600376
1.599327
1.598172
1.597123
1.595968
1.594814
1.593135
1.589777
1.588622
1.587468
1.586313
1.585159
1.583900
1.582745
1.581591
1.579492
1.576029
1.574874
1.574035
1.573825
1.573720
1.573615
1.573405
1.563540
1.544860
1.524081
1.505191
1.486406
1.467410
1.448520
1.429945
1.416197
1.397412
1.378207
1.358792
1.340007
1.319543
1.299183
1.278824
1.260353
1.240729
1.220474
1.200220
1.181854
1.161495
1.141240
1.120986
1.100627
1.080372
1.060118
1.039863
1.019504
0.999250
0.988650
0.986446
0.984767
0.983193
0.981619
0.980149
0.978575
0.976791
0.970075
0.968501
0.967241
0.966297
0.964723
0.964723
0.964723
0.964723
0.962834
0.962099
0.961994
0.961994
0.960000
0.960000
0.960000
0.960000
0.960000
0.960000
0.960000
0.960000
0.960000
0.960000
0.960000
0.960000
0.960000
0.960000
0.960000
0.960000
0.960000
0.960105
0.960105
0.960105
0.960105
0.960105
0.960105
0.960105
0.960105
0.960105
0.960105
0.960105
0.960105
0.960210
0.960210
0.960210
0.960210
0.960210
0.960315
0.960315
0.960315
0.960315
0.960315
0.960315
0.960315
0.960315
0.960315
0.960315
0.960315
0.960315
0.960315
0.960210
0.960210
0.960210
0.960210
0.960210
0.960210
0.960210
0.960210
0.960210
0.960210
0.960210
0.960210
0.960105
0.960105
0.960105
0.960105
0.960105
0.960000
0.960000
0.960000
0.960000
0.960000
0.960000
0.960000
0.960000
0.960000
0.960000
0.960000
0.960000
0.960000
0.960000
0.960000
0.960000
0.960000
0.960000
0.960000
0.960000
0.960000
0.960000
0.960000
0.960000
0.960000
0.960000
0.960000
0.960000
0.960000
0.960000
0.960000
0.960000
0.960000
0.960000
0.960000
0.960000
0.960000
0.960000
0.960000
0.960000
0.960000
0.960000
0.960000
0.960000
0.960000
0.960000
0.960000
0.960000
0.960105
0.960105
0.960105
0.960109
0.960112
0.960117
0.960121
0.960126
0.960131
0.960137
0.960143
0.960150
0.960157
0.960166
0.960175
0.960185
0.960197
