0.960000
0.960000
0.960000
0.960000
0.960000
0.960000
0.960000
0.960000
0.960000
0.960000
0.960000
0.960000
0.960000
0.960000
0.960000
0.960000
0.960000
0.960000
0.960000
0.960000
0.960000
0.960000
0.960000
0.960000
0.960000
0.960000
0.960000
0.960000
0.960000
0.960000
0.960000
0.960000
0.960000
0.962823
0.963293
0.963293
0.963293
0.963293
0.963293
0.963293
0.963293
0.963293
0.963293
0.963293
0.963293
0.963293
0.963293
0.963293
0.963293
0.963293
0.963293
0.963293
0.963293
0.963293
0.963293
0.963293
0.963293
0.963293
0.963293
0.963293
0.963293
0.963293
0.963293
0.960470
0.960000
0.960000
0.960000
0.960000
0.960000
0.960000
0.960000
0.960000
0.960000
0.960000
0.960000
0.960000
0.960000
0.960000
0.960000
0.960000
0.960000
0.960000
0.960000
0.960000
0.960000
0.960000
0.960000
0.960470
0.960470
0.960470
0.960470
0.960470
0.960470
0.960470
0.960470
0.960470
0.960470
0.960470
0.960470
0.960470
0.960470
0.960470
0.960470
0.960470
0.960470
0.960470
0.960470
0.960470
0.960470
0.960470
0.960470
0.960470
0.960941
0.960941
0.960941
0.960941
0.960941
0.960941
0.960941
0.960941
0.960941
0.960941
0.960941
0.960941
0.960941
0.960941
0.960941
0.960941
0.960941
0.960941
0.960941
0.960941
0.960941
0.960941
0.960941
0.960941
0.960941
0.960941
0.960941
0.960941
0.960941
0.960941
0.960470
0.960470
0.960470
0.960470
0.960941
0.960470
0.960470
0.960470
0.960470
0.960470
0.960470
0.960470
0.960941
0.960941
0.960941
0.960941
0.960941
0.960941
0.960941
0.961411
0.961411
0.961411
0.961411
0.961411
0.961411
0.961411
0.961411
0.961411
0.961411
0.961411
0.961411
0.961411
0.961411
0.961411
0.960941
0.960941
0.960941
0.960941
0.960941
0.960941
0.960941
0.960941
0.960470
0.960470
0.960470
0.960470
0.960470
0.960470
0.960470
0.960000
0.960000
0.960000
0.960000
0.960000
0.960000
0.960000
0.960000
0.960000
0.960000
0.960000
0.960000
0.960000
0.960000
0.960000
0.960000
0.960000
0.960000
0.960000
0.960000
0.960000
0.960000
0.960000
0.960000
0.960000
0.960000
0.960000
0.960000
0.960000
0.960000
0.960000
0.960000
0.960000
0.960000
0.960000
0.960000
0.960000
0.960000
0.960000
0.960000
0.960470
0.960470
0.960470
0.960470
0.960470
0.960470
0.960470
0.960470
0.960470
0.960470
0.960470
0.960470
0.960470
0.960470
0.960470
0.960470
0.960470
0.960470
0.960470
0.960470
0.960470
0.960470
0.960470
0.960470
0.960470
0.960470
0.960470
0.960470
0.960470
0.960470
0.960000
0.960000
0.960000
0.960000
0.960000
0.960000
0.960000
0.960000
0.960000
0.960000
0.960000
0.960000
0.960000
0.960000
0.960000
0.960000
0.960000
0.960000
0.960000
0.960000
0.960000
0.960000
0.960000
0.960000
0.960000
0.960000
0.960000
0.960000
0.960000
0.960000
0.960000
0.960000
0.960000
0.960000
0.960000
0.960000
0.960000
0.960000
0.960000
0.960000
0.960000
0.960000
0.960000
0.960000
0.960000
0.960000
0.960000
0.960000
0.960000
0.960000
0.960000
0.960000
0.960000
0.960000
0.960000
0.960000
0.960000
0.960000
0.960000
0.960000
0.960000
0.960000
0.960000
0.960000
0.960000
0.960000
0.960000
0.960000
0.960000
0.960000
0.960000
0.960000
0.960000
0.960000
0.960000
0.960000
0.960000
0.960000
0.960000
0.960000
0.960000
0.960000
0.960000
0.960000
0.960000
0.960000
0.960000
0.960000
0.960000
0.960000
0.960000
0.960000
0.960000
0.960000
0.960000
0.960000
0.960000
0.960000
0.971762
0.974114
0.974114
0.974114
0.974114
0.974114
0.974114
0.974114
0.974114
0.974114
0.974114
0.974114
0.974114
0.974114
0.974114
0.974114
0.979760
0.979760
0.979760
0.979760
0.979760
0.979760
0.979760
0.979760
0.979760
0.979760
0.979760
0.979760
0.979760
0.979760
0.967998
0.965646
0.965646
0.965646
0.965646
0.965646
0.965646
0.965646
0.965646
0.965646
0.965646
0.965646
0.965646
0.965646
0.965646
0.965646
0.960000
0.960000
0.960000
0.960000
0.960000
0.960000
0.960000
0.960000
0.960000
0.960000
0.960000
0.960000
0.960000
0.960000
0.960000
0.960000
0.960000
0.960000
0.960000
0.960000
0.960000
0.960000
0.960000
0.960000
0.960000
0.960000
0.960000
0.960000
0.960000
0.960000
0.960000
0.960000
0.960000
0.960000
0.960000
0.960000
0.960000
0.960000
0.960000
0.960000
0.960000
0.960000
0.960000
0.971291
1.006577
1.051272
1.095967
1.138780
1.173124
1.207469
1.241813
1.275687
1.309561
1.342024
1.342494
1.342494
1.364607
1.369311
1.375428
1.381544
1.381544
1.381544
1.381544
1.381544
1.381544
1.381544
1.381544
1.381544
1.381544
1.381544
1.381544
1.381544
1.381544
1.370252
1.334967
1.290272
1.245577
1.202764
1.181122
1.146778
1.112433
1.078559
1.073384
1.041392
1.040921
1.040921
1.018809
1.014104
1.007988
1.001872
1.002813
1.005165
1.005165
1.005165
1.005165
1.005165
1.005165
1.005165
1.005165
1.005165
1.005165
1.005165
1.028219
1.034805
1.034805
1.035276
1.035276
1.035276
1.022573
1.022573
1.022573
1.022573
0.993874
0.995756
1.004695
1.013634
1.022102
1.023514
1.023514
1.023514
1.022573
1.020221
1.020221
1.020221
1.020221
1.020221
1.020221
1.020221
1.020221
1.020221
1.020221
1.020221
0.997167
0.990581
0.997638
1.012693
1.012693
1.012693
1.012693
1.012693
1.012693
1.012693
1.012693
1.010341
1.001402
0.992463
0.983994
0.982583
0.982583
0.982583
0.982583
0.982583
0.982583
0.982583
0.982583
0.982583
0.982583
0.982583
0.982583
0.982583
0.982583
0.982583
0.998108
1.010341
1.003284
0.987758
0.987758
0.987758
0.987758
0.992463
1.018809
1.039039
1.039039
1.039510
1.039510
1.039510
1.044685
1.044685
1.047037
1.048919
1.048919
1.048919
1.048919
1.048919
1.048919
1.048919
1.048919
1.048919
1.048919
1.048919
1.048919
1.048919
1.033394
1.021161
1.021161
1.021161
1.021161
1.021161
1.021161
1.016457
0.990110
0.969880
0.969880
0.969409
0.969409
0.977407
0.981642
0.996226
0.994345
0.992933
0.996226
0.996226
0.998579
0.998579
0.998579
0.998579
0.998579
0.998579
0.998579
0.998579
0.998579
0.998579
0.998579
0.998579
0.998579
0.998579
0.998579
0.998579
0.998579
0.998579
0.998579
0.998579
0.998579
0.998579
0.998579
0.990581
0.981171
0.966587
0.966116
0.965646
0.962352
0.962352
0.960000
0.960000
0.960000
0.960000
0.960000
0.960000
0.960000
0.960000
0.960000
0.960000
0.960000
0.960000
0.960000
0.960000
0.960000
0.960000
0.960000
0.960000
0.960000
0.960000
0.960000
0.960000
0.960000
0.960000
0.960000
0.960000
0.960000
0.960000
0.960000
0.960000
0.960000
0.960000
0.960000
0.960000
0.960000
0.960000
0.960000
0.960000
0.960000
0.960000
0.960000
0.960000
0.960000
0.960000
0.960000
0.960000
0.960000
0.960000
0.960000
0.960000
0.960000
0.960000
0.960000
0.960000
0.960000
0.960000
0.960000
0.960000
0.960000
0.960000
0.960000
0.960000
0.960000
0.960000
0.960000
0.960000
0.960000
0.960000
0.960000
0.960000
0.960000
0.960000
0.960000
0.960000
0.960000
0.960000
0.960000
0.960000
0.960000
0.960000
0.960000
0.960000
0.960000
0.960000
0.960000
0.960000
0.960000
0.960000
0.960470
0.960470
0.960470
0.960470
0.960470
0.960470
0.960470
0.960470
0.960470
0.960470
0.960470
0.960470
0.960470
0.960470
0.960470
0.960470
0.960470
0.960470
0.960470
0.960470
0.960470
0.960470
0.960470
0.960470
0.960470
0.960470
0.961882
0.963764
0.968469
0.987287
0.990581
0.991992
0.993874
0.997167
0.997167
0.999990
1.004695
1.004695
1.004695
1.004695
1.004695
1.004695
1.004695
1.004695
1.005636
1.018339
1.025396
1.026337
1.026807
1.026807
1.026807
1.026807
1.038099
1.043744
1.043744
1.043744
1.045156
1.043274
1.038569
1.019750
1.016457
1.015045
1.015986
1.015516
1.015516
1.012693
1.007988
1.007988
1.007988
1.007988
1.017398
1.024455
1.024455
1.024455
1.023514
1.010811
1.003754
1.009870
1.023514
1.032453
1.032923
1.033394
1.022102
1.016457
1.016927
1.020221
1.018339
1.018339
1.018339
1.018339
1.017868
1.017868
1.015045
1.012222
1.012222
1.012222
1.012222
1.012222
1.012222
1.012222
1.002813
0.995756
0.995756
0.995756
0.995756
0.995756
0.995756
0.988699
0.974585
0.965646
0.965175
0.964705
0.964705
0.964705
0.964234
0.960941
0.960000
0.960000
0.960000
0.960000
0.960000
0.960000
0.962352
0.974585
0.981171
0.981171
0.981171
0.981171
0.981171
0.981171
0.981171
0.981171
0.981171
0.981171
0.981171
0.981171
0.981171
0.981171
0.981171
0.981642
0.982112
0.982112
0.982112
0.982112
0.982112
0.982112
0.982112
0.982112
0.982112
0.982112
0.982112
0.982112
0.979760
0.967528
0.960941
0.960941
0.960941
0.960941
0.960941
0.960941
0.960941
0.960941
0.960941
0.960941
0.960941
0.960941
0.960941
0.960941
0.960941
0.975055
0.974585
0.974585
0.974585
0.974585
0.974585
0.974585
0.974585
0.974585
0.974585
0.974585
0.974585
0.974585
0.974585
0.974585
0.974585
0.974585
0.974585
0.986817
0.988699
1.003284
1.003284
1.003284
1.017868
1.017868
1.017868
1.017868
1.017868
1.017868
1.018809
1.017398
1.030571
1.057858
1.070561
1.079030
1.086087
1.098319
1.111963
1.124666
1.137368
1.144896
1.156658
1.162774
1.162774
1.162774
1.162774
1.162774
1.177829
1.175477
1.173595
1.164185
1.172654
1.179711
1.177829
1.188179
1.201823
1.214996
1.226758
1.248400
1.260632
1.260162
1.258750
1.244636
1.243695
1.246988
1.240402
1.228170
1.214526
1.201823
1.189120
1.181593
1.169831
1.163715
1.163715
1.163715
1.165126
1.165126
1.150071
1.140191
1.140191
1.135016
1.126547
1.119490
1.106788
1.096437
1.082793
1.069620
1.057858
1.036217
1.023043
1.010341
0.998579
0.985406
0.973644
0.961882
0.961411
0.961411
0.967057
0.967057
0.967057
0.973173
0.981642
0.981642
0.981642
0.981642
0.980230
0.980230
0.980230
0.980230
0.980230
0.980230
0.980230
0.980230
0.980230
0.980230
0.980230
0.980230
0.980230
0.980230
0.980230
0.980230
0.980230
0.980230
0.980230
0.980230
0.980230
0.980230
0.974585
0.974585
0.974585
0.968469
0.960000
0.960000
0.960000
0.960000
0.960000
0.960000
0.960000
0.960000
0.960000
0.960000
0.960000
0.960000
0.960000
0.960000
0.960000
0.960000
0.960000
0.960000
0.960000
0.960000
0.960000
0.960000
0.960000
0.974114
0.974114
0.974114
0.974114
0.974114
0.976467
0.976467
0.976467
0.976467
0.976467
0.976467
0.976467
0.976467
0.976467
0.983053
0.991522
0.991522
0.991522
0.991522
0.991522
0.991522
0.991522
0.991522
0.991522
0.991522
0.991522
0.991522
0.991522
0.991522
0.991522
0.977407
0.977407
0.977407
0.977407
0.977407
0.975055
0.975055
0.975055
0.975055
0.975055
0.975055
0.975055
0.975055
0.975055
0.968469
0.960000
0.960000
0.960000
0.960000
0.960000
0.960000
0.960000
0.960000
0.960000
0.960000
0.960000
0.960000
0.960000
0.960000
0.960000
0.960000
0.960000
0.960000
0.960000
0.960000
0.960000
0.960000
0.960000
0.960000
0.960000
0.960000
0.960000
0.960000
0.960000
0.960000
0.960000
0.960000
0.960000
0.960000
0.960000
0.960000
0.960000
0.960000
0.960000
0.960000
0.960000
0.960000
0.960000
0.960000
0.960000
0.960000
0.960000
0.960000
0.960000
0.960000
0.960000
0.960000
0.960000
0.960000
0.960000
0.960000
0.960000
0.960000
0.960000
0.960000
0.960000
0.960000
0.960000
0.960000
0.960000
0.960000
0.960000
0.960000
0.960000
0.960000
0.960000
0.960000
0.960000
0.960000
0.960000
0.960000
0.960000
0.960000
0.960000
0.960000
0.960000
0.960000
0.960000
0.960000
0.960000
0.960000
0.960000
0.960000
0.960000
0.960000
0.960000
0.960000
0.960000
0.960000
0.960000
0.960000
0.960000
0.960000
0.960000
0.960000
0.960000
0.960000
0.960000
0.960000
0.960000
0.960000
0.960000
0.960000
0.960000
0.960000
0.960000
0.960000
0.960000
0.960000
0.960000
0.960000
0.960000
0.960000
0.960000
0.960000
0.960000
0.960000
0.960000
0.960000
0.960000
0.960000
0.960000
0.960000
0.960000
0.960000
0.960000
0.960000
0.960000
0.960000
0.960000
0.960000
0.960000
0.960000
0.960000
0.960000
0.960000
0.960000
0.960000
0.960000
0.960000
0.960000
0.960000
0.960000
0.960000
0.960000
0.960000
0.960000
0.960000
0.960000
0.960000
0.960000
0.960000
0.960000
0.975526
0.986817
0.990110
0.991051
0.991051
0.991522
0.992463
1.006577
1.006577
1.007047
1.007047
1.007047
1.007047
1.007047
1.007047
1.007988
1.007988
1.020691
1.023043
1.023043
1.023984
1.025866
1.027748
1.027748
1.028219
1.028219
1.028219
1.028219
1.028219
1.041862
1.026337
1.015045
1.012222
1.011282
1.011282
1.010811
1.009870
0.995756
0.995756
0.995285
0.995285
0.995285
0.995285
0.995285
0.995285
0.994345
0.994345
0.981642
0.979289
0.979289
0.978348
0.976467
0.974585
0.974585
0.974114
0.974114
0.974114
0.974114
0.974114
0.960470
0.960470
0.960470
0.960000
0.961882
0.969409
0.977407
0.985876
0.985876
0.985876
0.985876
0.985876
0.985876
0.985876
0.985876
0.985876
0.985876
0.985876
0.985876
0.985876
0.985876
0.985876
0.985876
0.985876
0.985876
0.985876
0.985876
0.985876
0.985876
0.985876
0.985876
0.985876
0.985876
0.985876
0.983994
0.976467
0.968469
0.960000
0.960000
0.960000
0.960000
0.960000
0.960000
0.960000
0.960000
0.960000
0.960000
0.960000
0.960000
0.960000
0.960000
0.960000
0.960000
0.960000
0.960000
0.960000
0.960000
0.960000
0.960000
0.960000
0.960000
0.960000
0.960000
0.960000
0.960000
0.960000
0.960000
0.960000
0.960000
0.960000
0.960000
0.960000
0.960000
0.960000
0.960000
0.960000
0.960000
0.960000
0.960000
0.960000
0.960000
0.960000
0.960000
0.960000
0.960000
0.960000
0.960000
0.960000
0.960000
0.960000
0.960000
0.960000
0.960000
0.960000
0.960000
0.960000
0.960000
0.960000
0.960000
0.960000
0.960000
0.960000
0.960000
0.960000
0.960000
0.960000
0.960000
0.960000
0.960000
0.960000
0.960000
0.960000
0.960000
0.960000
0.960000
0.960000
0.960000
0.960000
0.960000
0.960000
0.960000
0.960000
0.960000
0.960000
0.960000
0.960000
0.960000
0.960000
0.960000
0.960000
0.960000
0.960000
0.960000
0.960000
0.960000
0.960000
0.960000
0.960000
0.960000
0.960000
0.960000
0.960000
0.960000
0.960000
0.960000
0.960000
0.960000
0.960000
0.960000
0.960000
0.960000
0.960000
0.960000
0.960000
0.960000
0.960000
0.960000
0.960000
0.960000
0.960000
0.960000
0.960000
0.960000
0.960000
0.960000
0.960000
0.960000
0.960000
0.960000
0.960000
0.960000
0.960000
0.960000
0.960000
0.960000
0.960000
0.974114
0.992463
1.010811
1.029160
1.047037
1.064915
1.083264
1.101142
1.110551
1.114315
1.118079
1.121843
1.125606
1.129370
1.133134
1.136898
1.140662
1.144425
1.148189
1.151953
1.155717
1.159481
1.163244
1.167008
1.170772
1.174536
1.178299
1.182063
1.186297
1.190532
1.180181
1.166067
1.151953
1.137839
1.123725
1.110081
1.095967
1.082323
1.076677
1.077148
1.077618
1.078089
1.078089
1.078559
1.079030
1.079500
1.079500
1.079971
1.080441
1.080912
1.080912
1.081382
1.081852
1.081852
1.082323
1.082793
1.083264
1.083264
1.083264
1.083264
1.083734
1.083264
1.083264
1.083264
1.083734
1.083264
1.083264
1.083264
1.094085
1.108199
1.122313
1.136427
1.151012
1.165126
1.178770
1.192884
1.207469
1.221112
1.235227
1.249341
1.262044
1.263926
1.265337
1.267689
1.269101
1.270983
1.272394
1.274276
1.274746
1.270512
1.266278
1.262514
1.258280
1.254046
1.249811
1.246048
1.241813
1.237579
1.222994
1.204646
1.186297
1.167949
1.149601
1.131252
1.113374
1.095026
1.076677
1.058799
1.040451
1.022102
1.005636
0.999520
0.993874
0.987758
0.982112
0.975996
0.970350
0.964705
0.960000
0.960000
0.960000
0.960000
0.960000
0.960000
0.960000
0.960000
0.960000
0.960000
0.960000
0.960000
0.960000
0.960000
0.960000
0.960000
0.960000
0.960000
0.960000
0.960000
0.960000
0.960000
0.960000
0.960000
0.960000
0.960000
0.960000
0.960000
0.960000
0.960000
0.960000
0.960000
0.960000
0.960000
0.960000
0.960000
0.960000
0.960000
0.960000
0.960000
0.960000
0.960000
0.960000
0.960000
0.960000
0.960000
0.960000
0.960000
0.960000
0.960000
0.960000
0.960000
0.960000
0.960000
0.960000
0.960000
0.960000
0.960000
0.960000
0.960000
0.960000
0.960000
0.960000
0.960000
0.960000
0.960000
0.960000
0.960000
0.960000
0.960000
0.960000
0.960000
0.960000
0.960000
0.960000
0.960000
0.960000
0.960000
0.960000
0.960000
0.960000
0.960000
0.960000
0.960000
0.960000
0.960000
0.960000
0.960000
0.960000
0.960000
0.960000
0.960000
0.960000
0.960000
0.960000
0.960000
0.960000
0.960000
0.960000
0.960000
0.960000
0.960000
0.960000
0.960000
0.960000
0.960000
0.960000
0.960000
0.960000
0.960000
0.960000
0.960000
0.960000
0.960000
0.960000
0.960000
0.960000
0.960000
0.960000
0.960000
0.960000
0.960000
0.960000
0.960000
0.960000
0.960000
0.960000
0.960000
0.960000
0.960000
0.960000
0.960000
0.960000
0.960000
0.960000
0.960000
0.960000
0.960000
0.960000
0.960000
0.960000
0.960000
0.960000
0.960000
0.960000
0.960000
0.960000
0.960000
0.960000
0.960000
0.960000
0.960000
0.960000
0.960000
0.960000
0.963293
0.974585
0.974585
0.974585
0.974585
0.974585
0.974585
0.974585
0.974585
0.974585
0.974585
0.974585
0.974585
0.974585
0.974585
0.974585
0.974585
0.974585
0.974585
0.974585
0.974585
0.974585
0.974585
0.974585
0.974585
0.974585
0.974585
0.974585
0.974585
0.974585
0.971291
0.960000
0.960000
0.960000
0.960000
0.960000
0.960000
0.960000
0.960000
0.960000
0.960000
0.960000
0.960000
0.960000
0.960000
0.960000
0.960000
0.960000
0.960000
0.960000
0.960000
0.960000
0.960000
0.960000
0.960000
0.960000
0.960000
0.960000
0.960000
0.960000
0.960000
0.960000
0.960000
0.960000
0.960000
0.960000
0.960000
0.960000
0.960000
0.960000
0.960000
0.960000
0.960000
0.960000
0.960000
0.960000
0.960000
0.960000
0.960000
0.960000
0.960000
0.960000
0.960000
0.960000
0.960000
0.960000
0.960000
0.960000
0.960000
0.960000
0.960000
0.960000
0.960000
0.960000
0.960000
0.960000
0.960000
0.960000
0.960000
0.960000
0.960000
0.960000
0.960000
0.960000
0.960000
0.960000
0.960000
0.960000
0.960000
0.960000
0.960000
0.960000
0.960000
0.960000
0.960000
0.961411
0.970821
0.975996
0.975996
0.975996
0.975996
0.975996
0.975996
0.975996
0.975996
0.991051
0.991051
0.991051
0.991051
1.007047
1.007047
1.007047
1.007047
1.007047
1.007047
1.007047
1.007047
1.007047
1.007047
1.018809
1.022573
1.022573
1.022573
1.022573
1.023984
1.022573
1.013163
1.007988
1.007988
1.007988
1.008929
1.008929
1.008929
1.008929
1.008929
0.993874
0.994815
0.994815
0.994815
0.978819
0.978819
0.981642
0.981642
0.981642
0.981642
0.982583
0.987287
0.997167
0.999990
0.988228
0.996697
1.013634
1.038569
1.049390
1.049860
1.054565
1.055506
1.060681
1.060681
1.060681
1.060681
1.061152
1.061152
1.061152
1.061152
1.061152
1.062563
1.062563
1.062563
1.062563
1.062563
1.059740
1.059740
1.059740
1.059740
1.058799
1.054095
1.044215
1.041392
1.041392
1.029160
1.012222
0.987287
0.976467
0.974585
0.983524
1.000461
1.000461
1.000461
1.000461
0.999520
0.999049
0.999049
0.999049
1.002343
1.029160
1.029160
1.035276
1.035276
1.035276
1.035276
1.039980
1.040451
1.040451
1.040451
1.040451
1.040451
1.040451
1.040451
1.040451
1.040451
1.040451
1.040451
1.040451
1.040451
1.026807
1.008929
1.003754
1.003754
1.003754
1.003754
1.003754
1.003754
1.003754
1.000461
0.973644
0.971291
0.965175
0.965175
0.965175
0.965175
0.960470
0.960000
0.960000
0.960000
0.960000
0.960000
0.960000
0.960000
0.960000
0.960000
0.960000
0.960000
0.960000
0.960000
0.960000
0.960000
0.960000
0.960000
0.960000
0.960000
0.960000
0.960000
0.960000
0.960000
0.960000
0.960000
0.960000
0.960000
0.960000
0.960000
0.960470
0.960470
0.960470
0.960470
0.960470
0.960470
0.960470
0.960470
0.960470
0.960470
0.960470
0.960470
0.960470
0.960470
0.960470
0.960470
0.960470
0.960470
0.960470
0.960470
0.960941
0.961411
0.961411
0.961411
0.961411
0.961411
0.961411
0.961411
0.961411
0.961411
0.960941
0.960941
0.960941
0.960941
0.960941
0.960941
0.986346
1.042333
1.092673
1.136427
1.179711
1.223465
1.267219
1.310973
1.354727
1.398010
1.442705
1.485989
1.529272
1.572556
1.585259
1.584788
1.584788
1.584788
1.584788
1.584788
1.584788
1.584788
1.584788
1.584788
1.584788
1.584788
1.584788
1.584788
1.584788
1.584788
1.559383
1.503396
1.453056
1.409302
1.366018
1.322264
1.278510
1.234756
1.191002
1.147719
1.103024
1.059740
1.016457
0.973173
0.960000
0.960000
0.960000
0.960000
0.960000
0.960000
0.960000
0.960000
0.960000
0.960000
0.960000
0.960000
0.960000
0.960000
0.960000
0.960000
0.960000
0.960000
0.960000
0.960000
0.960000
0.960000
0.960000
0.960000
0.960000
0.960000
0.960000
0.960000
0.960000
0.960000
0.960000
0.960000
0.960000
0.972232
0.974114
0.974114
0.974114
0.974114
0.974114
0.974114
0.987758
0.987758
0.987758
0.987758
0.987758
0.987758
0.987758
0.987758
0.987758
0.987758
0.987758
0.987758
0.987758
0.987758
0.987758
0.987758
0.987758
0.987758
0.987758
0.987758
0.987758
0.987758
0.987758
0.975526
0.973644
0.973644
0.973644
0.973644
0.973644
0.973644
0.960000
0.960000
0.960000
0.960000
0.960000
0.960000
0.960000
0.960000
0.960000
0.960000
0.960000
0.960000
0.960000
0.960000
0.960000
0.960000
0.960000
0.960000
0.960000
0.960000
0.960000
0.960000
0.960000
0.981642
1.002813
1.010341
1.017398
1.017398
1.017398
1.017398
1.017398
1.017398
1.017398
1.017398
1.017398
1.017398
1.017398
1.017398
1.017398
1.017398
1.017398
1.017398
1.017398
1.017398
1.017398
1.017398
1.017398
1.017398
1.017398
1.017398
1.017398
1.017398
1.017398
0.995756
0.974585
0.967057
0.969880
0.991992
0.996697
0.997167
1.001872
1.012222
1.012222
1.012222
1.012222
1.012222
1.031982
1.042803
1.047978
1.047978
1.052213
1.052213
1.052213
1.052213
1.053624
1.057388
1.057388
1.057388
1.057388
1.057388
1.057858
1.057858
1.057858
1.057858
1.057858
1.057858
1.047978
1.025866
1.021161
1.020691
1.015986
1.005636
1.005636
1.005636
1.005636
1.005636
0.985876
0.975055
0.969880
0.969880
0.965646
0.965646
0.965646
0.965646
0.964234
0.960470
0.960470
0.960470
0.960470
0.960470
0.960000
0.960000
0.960000
0.960000
0.960000
0.960000
0.960000
0.960000
0.960000
0.960000
0.960000
0.960000
0.960000
0.960000
0.960000
0.960000
0.960000
0.960000
0.960000
0.960000
0.960000
0.960000
0.960000
0.960000
0.960000
0.960000
0.960000
0.960000
0.960000
0.960000
0.960000
0.960000
0.960000
0.960000
0.960000
0.960000
0.960000
0.960000
0.960000
0.960000
0.960000
0.960000
0.960000
0.960000
0.960000
0.960000
0.960000
0.960000
0.960000
0.960000
0.960000
0.960000
0.960000
0.960000
0.960000
0.960000
0.960000
0.960000
0.960000
0.960000
0.960000
0.960000
0.960000
0.960000
0.960000
0.960000
0.960000
0.960000
0.960000
0.960000
0.960000
0.960000
0.963764
0.974114
0.974114
0.974114
0.978348
0.978348
0.979289
0.979289
0.979289
0.979289
0.979289
0.987287
0.994815
1.000461
1.007047
1.007047
1.015986
1.028689
1.031982
1.031982
1.031982
1.034805
1.034805
1.034805
1.034805
1.034805
1.034805
1.034805
1.034805
1.034805
1.031041
1.020691
1.020691
1.020691
1.016457
1.016457
1.015516
1.015516
1.015516
1.015516
1.015516
1.007518
0.999990
0.994345
0.987758
0.987758
0.978819
0.966116
0.962823
0.962823
0.962823
0.960000
0.960000
0.960000
0.960000
0.960000
0.960000
0.960000
0.960000
0.960000
0.960000
0.960000
0.960000
0.960000
0.960000
0.960000
0.960000
0.960000
0.960000
0.960000
0.960941
0.975055
0.975055
0.975055
0.975055
0.975055
0.975055
0.975055
0.975055
0.975055
0.975055
0.975055
0.975055
0.975055
0.975055
0.975526
0.975526
0.975526
0.975526
0.975526
0.975996
0.975996
0.975996
0.976467
0.976467
0.976467
0.977407
0.977407
0.992933
0.992933
0.992463
0.978348
0.978348
0.978819
0.978819
0.978819
0.978819
0.978819
0.979289
0.979289
0.979289
0.979289
0.981171
0.982112
0.982112
0.981642
0.981642
0.981642
0.981642
0.981642
0.981171
0.981171
0.981171
0.980701
0.980701
0.980701
0.979760
0.979760
0.964234
0.964234
0.963764
0.963764
0.964705
0.967998
0.967998
0.967998
0.967998
0.967998
0.967528
0.967528
0.967528
0.981171
0.979289
0.978348
0.978348
0.978348
0.978348
0.978819
0.978819
0.978819
0.978819
0.978819
0.978819
0.978819
0.978819
0.978819
0.978819
0.978819
0.978819
0.978819
0.978819
0.978819
0.977878
0.974114
0.974114
0.974114
0.974114
0.974114
0.974114
0.975055
0.975055
0.961411
0.961882
0.976937
0.977878
0.977878
0.977878
0.977407
0.977407
0.978348
0.978348
0.978348
0.978348
0.978348
0.978348
0.978348
0.978348
0.978348
0.978348
0.978348
0.978348
0.978348
0.978348
0.978348
0.978348
0.978348
0.978348
0.978348
0.978819
0.977878
0.977878
0.977878
0.979760
0.964705
0.963764
0.963764
0.963764
0.963764
0.963764
0.962823
0.962823
0.962823
0.971291
0.976937
0.976937
0.976937
0.976937
0.976937
0.976937
0.976937
0.977878
0.977878
0.977878
0.977878
0.977878
0.977878
0.977878
0.977878
0.977407
0.977407
0.977407
0.987287
0.991992
0.991992
0.991992
0.997638
1.010811
1.022573
1.023043
1.034335
1.040451
1.041392
1.034805
1.029160
1.031512
1.033864
1.033864
1.033864
1.042333
1.051742
1.050801
1.050801
1.050801
1.050801
1.055976
1.069620
1.070561
1.070561
1.070561
1.071032
1.074795
1.064915
1.057858
1.057858
1.057858
1.052213
1.039039
1.027278
1.026807
1.015516
1.009400
1.008929
1.007047
1.007518
1.045626
1.074325
1.118079
1.163244
1.199941
1.235697
1.280863
1.326028
1.365077
1.402715
1.421534
1.431414
1.453997
1.491634
1.501985
1.507160
1.516099
1.516099
1.516099
1.516099
1.516099
1.516099
1.516099
1.516099
1.516099
1.516099
1.516099
1.515629
1.515629
1.515158
1.474697
1.443646
1.399892
1.354727
1.314737
1.289331
1.270042
1.249341
1.234756
1.205587
1.181593
1.158069
1.134545
1.096908
1.086557
1.090791
1.082793
1.082793
1.082793
1.082793
1.082793
1.082793
1.082793
1.093614
1.097378
1.112433
1.126547
1.126547
1.126547
1.126547
1.126547
1.138309
1.142073
1.142073
1.136898
1.117138
1.091262
1.066797
1.042333
1.033864
1.033864
1.033864
1.033864
1.033864
1.033864
1.023984
1.019280
1.019280
1.019280
1.019280
1.019280
1.019280
1.019280
1.009400
1.005636
0.990581
0.976467
0.976467
0.976467
0.976467
0.995285
0.993404
0.995756
0.995756
0.995756
0.995756
0.995756
0.995756
0.995756
0.995756
0.995756
0.995756
0.995756
0.995756
0.995756
0.995756
0.995756
0.995756
0.995756
0.995756
0.995756
0.995756
0.995756
0.994815
0.994815
0.994815
0.994815
0.994815
0.994815
0.994815
0.975996
0.966116
0.960000
0.960000
0.960000
0.960000
0.960000
0.960000
0.960000
0.960000
0.960000
0.960000
0.960000
0.960000
0.960000
0.960000
0.960000
0.960000
0.960000
0.960000
0.960000
0.960000
0.960000
0.960000
0.960000
0.960000
0.960000
0.960000
0.960000
0.960000
0.960000
0.960000
0.960000
0.960000
0.960000
0.960000
0.960000
0.960000
0.960000
0.960000
0.960000
0.960000
0.960000
0.960000
0.960000
0.960000
0.960000
0.960000
0.960000
0.960000
0.960000
0.960000
0.960000
0.960000
0.960000
0.960000
0.960000
0.960000
0.960000
0.960000
0.960000
0.960000
0.960000
0.960000
0.960000
0.960000
0.960000
0.960000
0.960000
0.960000
0.960000
0.960000
0.960000
0.960000
0.960000
0.960000
0.960000
0.960000
0.960000
0.960000
0.960000
0.960000
0.960000
0.960000
0.960000
0.960000
0.960000
0.960000
0.960000
0.960000
0.960000
0.960000
0.960000
0.960000
0.960000
0.960000
0.960000
0.960000
0.960000
0.960000
0.960000
0.960000
0.960000
0.960000
0.960000
0.960000
0.960000
0.960000
0.960000
0.960000
0.960000
0.960000
0.960000
0.960000
0.960000
0.960000
0.967528
0.975055
0.975055
0.975055
0.975055
0.975055
0.975055
0.975055
0.975055
0.975055
0.975055
0.975055
0.975055
0.975055
0.975055
0.975055
0.975055
0.975055
0.975055
0.975055
0.975055
0.975055
0.975055
0.975055
0.975055
0.975055
0.975055
0.975055
0.975055
0.975055
0.967528
0.960000
0.960000
0.960000
0.960000
0.960000
0.960000
0.960000
0.960000
0.960000
0.960000
0.960000
0.960000
0.960000
0.960000
0.960000
0.960000
0.960000
0.960000
0.960000
0.960000
0.960000
0.960000
0.960000
0.960000
0.960000
0.960000
0.960000
0.960000
0.960000
0.960000
0.960000
0.960000
0.960000
0.960000
0.960000
0.960000
0.960000
0.960000
0.960000
0.960000
0.960000
0.960000
0.960000
0.960000
0.960000
0.960000
0.960000
0.960000
0.960000
0.960000
0.960000
0.960000
0.960000
0.960000
0.960000
0.960000
0.960000
0.960000
0.960000
0.960000
0.960000
0.960000
0.960000
0.960000
0.960000
0.960000
0.960000
0.960000
0.960000
0.960000
0.960000
0.960000
0.960000
0.960000
0.960000
0.960000
0.960000
0.960000
0.960000
0.960000
0.960000
0.960000
0.960000
0.960000
0.960000
0.960000
0.960000
0.960000
0.960000
0.960000
0.960000
0.960000
0.960000
0.960000
0.960000
0.960000
0.960000
0.960000
0.960000
0.960000
0.960000
0.960000
0.960000
0.960000
0.960000
0.960000
0.960000
0.960000
0.960000
0.960000
0.960000
0.960000
0.960000
0.960000
0.960000
0.960000
0.960000
0.960000
0.960000
0.960000
0.960000
0.960000
0.960000
0.960000
0.960000
0.960000
0.960000
0.960000
0.960000
0.960000
0.960000
0.960000
0.960000
0.960000
0.960000
0.960000
0.960000
0.960000
0.960000
0.960000
0.960000
0.960000
0.960000
0.960000
0.960000
0.960000
0.960000
0.960000
0.960000
0.960000
0.960000
0.960000
0.960000
0.960000
0.960000
0.960000
0.960000
0.960000
0.960000
0.960000
0.960000
0.960000
0.960000
0.960000
0.960000
0.960000
0.960000
0.960000
0.960000
0.960000
0.960000
0.960000
0.960000
0.960000
0.960000
0.960000
0.960000
0.960000
0.960000
0.960000
0.960000
0.960000
0.960000
0.960000
0.960000
0.960000
0.960000
0.960000
0.960000
0.960000
0.960000
0.960000
0.960000
0.960000
0.960000
0.960000
0.960000
0.960000
0.960000
0.960000
0.960000
0.960000
0.960000
0.960000
0.960000
0.960000
0.960000
0.960000
0.960000
0.960000
0.960000
0.960000
0.960000
0.960000
0.960000
0.960000
0.960000
0.960000
0.960000
0.960000
0.960000
0.960000
0.960000
0.960000
0.960000
0.960000
0.960000
0.960000
0.960000
0.960000
0.960000
0.960000
0.960000
0.960000
0.960000
0.960000
0.960000
0.960000
0.960000
0.960000
0.960000
0.960000
0.960000
0.960000
0.960000
0.960000
0.960000
0.960000
0.960000
0.960000
0.960000
0.960000
0.960000
0.960000
0.960000
0.960000
0.960000
0.960000
0.960000
0.960000
0.960000
0.960000
0.960000
0.960000
0.960000
0.960000
0.960000
0.960000
0.960000
0.960000
0.960000
0.960000
0.960000
0.960000
0.960000
0.960000
0.960000
0.960000
0.960000
0.960000
0.960000
0.960000
0.960000
0.960000
0.960000
0.960000
0.960000
0.960000
0.960000
0.960000
0.960000
0.960000
0.960000
0.960000
0.960000
0.960000
0.960000
0.960000
0.960000
0.960000
0.960000
0.960000
0.960000
0.960000
0.960000
0.960000
0.960000
0.960000
0.960000
0.960000
0.960000
0.960000
0.960000
0.960000
0.960000
0.960000
0.960000
0.960000
0.960000
0.960000
0.960000
0.960000
0.960000
0.960000
0.960000
0.960000
0.960000
0.960000
0.960000
0.960000
0.960000
0.960000
0.960000
0.960000
0.960000
0.960000
0.960000
0.960000
0.960000
0.960000
0.960000
0.960000
0.960000
0.960000
0.960000
0.960000
0.960000
0.960000
0.960000
0.960000
0.960000
0.960000
0.960000
0.960000
0.960000
0.960000
0.960000
0.960000
0.960000
0.960000
0.960000
0.960000
0.960000
0.960000
0.960000
0.960000
0.960000
0.960000
0.960000
0.960000
0.960000
0.960000
0.960000
0.960000
0.960000
0.960000
0.960000
0.960000
0.960000
0.960000
0.960000
0.960000
0.960000
0.960000
0.960000
0.960000
0.960000
0.960000
0.960000
0.960000
0.960000
0.960000
0.973644
0.973644
0.973644
0.973644
0.973644
0.973644
0.973644
0.973644
0.973644
0.973644
0.973644
0.973644
0.973644
0.973644
0.973644
0.973644
0.973644
0.973644
0.984465
1.016927
1.038099
1.052213
1.060681
1.060681
1.061622
1.061622
1.063034
1.063034
1.063034
1.063034
1.049390
1.049390
1.049390
1.049390
1.049390
1.051272
1.064445
1.064445
1.064445
1.064445
1.064445
1.064445
1.064445
1.065386
1.065386
1.065386
1.068209
1.079500
1.070091
1.037628
1.016457
1.003754
0.998108
0.998108
0.997167
0.997167
0.995756
0.995756
0.997167
0.997167
0.997167
0.997167
0.997167
0.997167
0.997167
0.995285
0.982112
0.982112
0.982112
0.982112
0.984935
0.984935
0.984935
0.986346
0.986346
0.986346
0.983524
0.972232
0.970821
0.970821
0.970821
0.969409
0.966587
0.966587
0.966587
0.966587
0.966587
0.966587
0.965175
0.965175
0.965175
0.965175
0.965175
0.965175
0.965175
0.965175
0.965175
0.965175
0.965175
0.965175
0.962352
0.962352
0.962352
0.960000
0.960000
0.960000
0.960000
0.960000
0.960000
0.960000
0.960000
0.960000
0.960000
0.960000
0.960000
0.960000
0.960000
0.960000
0.960000
0.960000
0.960000
0.960000
0.960000
0.960000
0.960000
0.960000
0.960000
0.960000
0.960000
0.960000
0.960000
0.960000
0.960000
0.960000
0.960000
0.960000
0.960000
0.960000
0.960000
0.960000
0.960000
0.960000
0.960000
0.960000
0.960000
0.960000
0.960000
0.960000
0.960000
0.960000
0.960000
0.960000
0.960000
0.960000
0.960000
0.960000
0.960000
0.960000
0.960000
0.960000
0.960000
0.960000
0.960000
0.960000
0.960470
0.960470
0.960470
0.960470
0.960470
0.960470
0.960470
0.991051
1.061152
1.119020
1.169831
1.214526
1.240402
1.281333
1.325087
1.369311
1.411184
1.451644
1.492105
1.496810
1.496810
1.496810
1.496810
1.496810
1.496810
1.496810
1.496810
1.496810
1.496810
1.496810
1.496339
1.496339
1.496339
1.496339
1.496339
1.496339
1.496339
1.465758
1.395658
1.337790
1.286979
1.242284
1.216408
1.175477
1.131723
1.087498
1.045626
1.005165
0.964705
0.960000
0.960000
0.960000
0.960000
0.960000
0.960000
0.960470
0.960941
0.960941
0.960941
0.960941
0.960941
0.960941
0.960941
0.960941
0.960941
0.960941
0.960941
0.960941
0.970350
0.997638
1.004695
1.004695
1.004695
1.004695
1.004695
1.004695
1.004695
1.004695
1.004695
1.004695
1.004695
1.004695
1.026807
1.052213
1.054095
1.053624
1.053624
1.053624
1.055506
1.059740
1.059740
1.059740
1.059740
1.059740
1.059740
1.059740
1.059740
1.059740
1.050331
1.023043
1.015986
1.015986
1.015986
1.015986
1.015986
1.015986
1.015986
1.015986
1.015986
1.015986
1.015986
1.015986
0.993874
0.968469
0.966587
0.966587
0.966116
0.966116
0.964234
0.960000
0.960000
0.960000
0.960000
0.960000
0.960000
0.960000
0.960000
0.960000
0.960000
0.960000
0.960000
0.960000
0.960000
0.960000
0.960000
0.960000
0.960000
0.960000
0.960000
0.960000
0.960000
0.960000
0.960000
0.960000
0.960000
0.960000
0.960000
0.960000
0.960000
0.960000
0.960000
0.960000
0.960000
0.960000
0.960000
0.960000
0.960000
0.960000
0.960000
0.960000
0.960000
0.960000
0.960000
0.960000
0.960000
0.960000
0.960000
0.960000
0.960000
0.960000
0.960000
0.960000
0.960000
0.960000
0.960000
0.960000
0.960000
0.960000
0.960000
0.960000
0.960000
0.960000
0.960000
0.960000
0.960000
0.960000
0.960000
0.960000
0.960000
0.960000
0.960000
0.960000
0.960000
0.960000
0.960000
0.960000
0.960000
0.960000
0.960000
0.960000
0.960000
0.960000
0.960000
0.960000
0.960000
0.960000
0.960000
0.960000
0.960000
0.960000
0.960000
0.960000
0.960000
0.960000
0.960000
0.960000
0.960000
0.960000
0.960000
0.960000
0.960000
0.960000
0.960000
0.960000
0.960000
0.960000
0.960000
0.960000
0.960000
0.960000
0.960000
0.960000
0.960000
0.960000
0.960000
0.960000
0.960000
0.960000
0.960000
0.960000
0.960000
0.960000
0.960000
0.960000
0.960000
0.960000
0.960000
0.960000
0.960000
0.960000
0.960000
0.960000
0.960000
0.960000
0.960000
0.960000
0.960000
0.960000
0.960000
0.960000
0.960000
0.960000
0.960000
0.960000
0.960000
0.960000
0.960000
0.960000
0.960000
0.960000
0.960000
0.960000
0.960000
0.960000
0.960000
0.960000
0.960000
0.960000
0.960000
0.960000
0.960000
0.960000
0.960000
0.960000
0.968469
0.974114
0.974114
0.974114
0.974114
0.988699
0.988699
0.988699
0.988699
0.989169
0.989640
0.999990
1.000931
1.000931
1.003284
1.007988
1.007988
1.009400
1.009400
1.009400
1.009400
1.009400
1.009400
1.009400
1.009400
1.009400
1.009400
1.009400
1.009400
1.009400
1.000931
0.995285
0.995285
0.995285
0.995285
0.980701
0.980701
0.980701
0.980701
0.980230
0.979760
0.969409
0.968469
0.968469
0.966116
0.961411
0.961411
0.960000
0.960000
0.960000
0.960000
0.960000
0.960000
0.960000
0.960000
0.960000
0.960000
0.960000
0.960000
0.960000
0.961882
0.963293
0.966587
0.966587
0.966587
0.966587
0.966587
0.966587
0.966587
0.966587
0.966587
0.966587
0.966587
0.966587
0.966587
0.966587
0.967057
0.967057
0.967528
0.967528
0.967528
0.967528
0.967528
0.967528
0.967528
0.967998
0.967998
0.967998
0.967998
0.967998
0.966116
0.964705
0.961411
0.961411
0.961411
0.961411
0.961411
0.961411
0.961411
0.961411
0.961411
0.961411
0.961411
0.961411
0.961411
0.961411
0.960941
0.960941
0.960470
0.960470
0.960470
0.960470
0.960470
0.960470
0.960470
0.960000
0.960000
0.960000
0.960000
0.960000
0.960000
0.960470
0.960470
0.960470
0.960470
0.960470
0.960470
0.960470
0.960470
0.960470
0.960470
0.960470
0.960470
0.960470
0.960470
0.960470
0.960470
0.960470
0.960470
0.960941
0.960941
0.960941
0.960941
0.960941
0.960941
0.960941
0.960941
0.960941
0.960941
0.960941
0.960941
0.960470
0.960470
0.960470
0.960470
0.960470
0.960470
0.960470
0.960470
0.960470
0.960470
0.974585
0.974585
0.974585
0.974585
0.974585
0.974585
0.974585
0.974585
0.974585
0.975055
0.975055
0.975055
0.975055
0.975055
0.975055
0.975055
0.975055
0.975055
0.975996
0.975996
0.975996
0.976467
0.976467
0.976467
0.976467
0.976467
0.976467
0.976937
0.976937
0.976937
0.962823
0.962823
0.962823
0.962823
0.962823
0.962823
0.962823
0.962823
0.962352
0.961882
0.961882
0.961882
0.961882
0.961882
0.961882
0.961882
0.961882
0.961882
0.960941
0.960941
0.960941
0.960470
0.960470
0.960470
0.960470
0.960470
0.960470
0.960000
0.960000
0.960000
0.960000
0.960000
0.960000
0.960000
0.960000
0.960000
0.960000
0.960000
0.960000
0.960000
0.960000
0.960000
0.960000
0.960000
0.960000
0.960000
0.960000
0.960000
0.960000
0.960000
0.960000
0.960000
0.960000
0.960000
0.960000
0.960000
0.960000
0.960000
0.960000
0.960000
0.960000
0.960000
0.960000
0.960000
0.960000
0.960000
0.960000
0.960000
0.960000
0.960000
0.960000
0.960000
0.960000
0.960000
0.960000
0.960000
0.960000
0.960000
0.960941
0.960941
0.960941
0.960941
0.960941
0.960941
0.960941
0.960941
0.960941
0.960941
0.960941
0.960941
0.960941
0.960941
0.960941
0.960941
0.960941
0.960941
0.960941
0.960941
0.960941
0.960941
0.960941
0.960941
0.960941
0.960941
0.960941
0.960941
0.960941
0.975055
0.974114
0.992463
0.996697
1.022102
1.054095
1.082323
1.105847
1.128429
1.151482
1.174536
1.197589
1.220172
1.228640
1.231933
1.231933
1.231933
1.234286
1.258280
1.282274
1.305798
1.331674
1.355668
1.379191
1.402715
1.404597
1.405067
1.405067
1.405067
1.405067
1.429532
1.484577
1.517040
1.558442
1.578201
1.598432
1.618662
1.631365
1.608782
1.585729
1.562676
1.539623
1.517040
1.508571
1.505278
1.505278
1.505278
1.504808
1.480814
1.456819
1.433296
1.407420
1.384837
1.363195
1.339672
1.337790
1.337319
1.337319
1.337319
1.337319
1.298741
1.243695
1.192884
1.147248
1.102083
1.049860
1.001402
0.965175
0.965175
0.965175
0.965175
0.965175
0.965175
0.965175
0.965175
0.966116
0.982112
0.980230
0.980230
0.980230
0.980230
0.980230
0.978819
0.976937
0.976937
0.976937
0.976937
0.976937
0.976937
0.976937
0.976937
0.976937
0.976937
0.976937
0.976937
0.976937
0.976937
0.976937
0.976937
0.976937
0.976937
0.976937
0.976937
0.976937
0.976937
0.975996
0.960000
0.960000
0.960000
0.960000
0.960000
0.960000
0.960000
0.960000
0.960000
0.960000
0.960000
0.975996
0.975996
0.975996
0.975996
0.975996
0.975996
0.975996
0.975996
0.975996
0.975996
0.975996
0.975996
0.975996
0.975996
0.975996
0.975996
0.975996
0.975996
0.975996
0.975996
0.975996
0.975996
0.975996
0.975996
0.975996
0.975996
0.975996
0.975996
0.975996
0.975996
0.960000
0.960000
0.960000
0.960000
0.960000
0.960000
0.960000
0.960000
0.960000
0.960000
0.960000
0.960000
0.960000
0.974585
0.974585
0.974585
0.974585
0.974585
0.974585
0.974585
0.974585
0.974585
0.974585
0.974585
0.974585
0.974585
0.974585
0.974585
0.974585
0.974585
0.974585
0.974585
0.974585
0.974585
0.974585
0.974585
0.974585
0.974585
0.974585
0.974585
0.974585
0.974585
0.974585
0.960000
0.960000
0.960000
0.960000
0.960000
0.960000
0.960000
0.960000
0.960000
0.960000
0.960000
0.960000
0.960000
0.960000
0.960000
0.960000
0.960000
0.960000
0.960000
0.960000
0.960000
0.960000
0.960000
0.960470
0.960470
0.960470
0.960470
0.960470
0.960470
0.960470
0.960470
0.960470
0.960470
0.960470
0.960470
0.960470
0.960470
0.960470
0.960470
0.960470
0.960470
0.960470
0.960470
0.960470
0.960941
0.960941
0.960941
0.960941
0.960941
0.960941
0.960941
0.960941
0.960941
0.960470
0.960470
0.960470
0.960470
0.960470
0.960470
0.960470
0.960470
0.960470
0.960470
0.960470
0.960470
0.960470
0.960470
0.960470
0.960470
0.960470
0.960470
0.960470
0.960470
0.960470
0.960000
0.960000
0.960000
0.960000
0.960000
0.960000
0.960000
0.960000
0.960000
0.960000
0.960000
0.960000
0.960000
0.960000
0.960000
0.960000
0.960470
0.960470
0.960470
0.960470
0.960470
0.960470
0.960470
0.960470
0.960470
0.960470
0.960470
0.960470
0.960470
0.960470
0.960470
0.960470
0.960470
0.960470
0.960470
0.960470
0.960470
0.960470
0.960470
0.960470
0.960470
0.960470
0.960470
0.960470
0.960470
0.960470
0.960000
0.960000
0.960000
0.960000
0.960000
0.960000
0.960000
0.960000
0.960000
0.960000
0.960000
0.960000
0.960000
0.960000
0.960000
0.960000
0.960000
0.960000
0.960000
0.960000
0.960000
0.960000
0.960000
0.960000
0.960000
0.960000
0.960000
0.960000
0.960000
0.960000
0.960000
0.960000
0.960000
0.960000
0.960000
0.960000
0.960000
0.960000
0.960000
0.960000
0.960000
0.960000
0.960000
0.960000
0.960000
0.960000
0.960000
0.960000
0.960000
0.960000
0.960000
0.960000
0.960000
0.960000
0.960000
0.960000
0.960000
0.960000
0.960000
0.960000
0.960000
0.960000
0.960000
0.960000
0.960000
0.960000
0.960000
0.960000
0.960000
0.960000
0.960000
0.960000
0.960000
0.960000
0.960000
0.960000
0.960000
0.960470
0.960470
0.960470
0.960470
0.960470
0.960470
0.960470
0.960470
0.960470
0.960470
0.960470
0.960470
0.960470
0.960470
0.960470
0.960470
0.960470
0.960470
0.960470
0.960470
0.960470
0.960470
0.960470
0.960470
0.960470
0.960470
0.960470
0.960470
0.960470
0.960470
0.960000
0.960000
0.960000
0.960000
0.960000
0.960000
0.960000
0.960000
0.960000
0.960000
0.960000
0.960000
0.960000
0.960000
0.960000
0.960000
0.960000
0.960000
0.960000
0.960000
0.960000
0.960000
0.960000
0.960000
0.960000
0.960000
0.960000
0.960000
0.960000
0.960000
0.960000
0.960000
0.960000
0.960000
0.960000
0.960000
0.960000
0.960000
0.960000
0.960000
0.960000
0.960000
0.960000
0.960000
0.960000
0.960000
0.960000
0.960000
0.960000
0.960000
0.960000
0.960000
0.960000
0.960000
0.960000
0.960000
0.960000
0.960000
0.960000
0.960000
0.960000
0.960000
0.960000
0.960000
0.960000
0.960000
0.960000
0.960000
0.960000
0.960470
0.960470
0.960470
0.960470
0.960470
0.960470
0.960470
0.960470
0.960470
0.960470
0.960470
0.960470
0.960470
0.960470
0.960470
0.960470
0.960470
0.960941
0.960941
0.960941
0.960941
0.960941
0.960941
0.960941
0.960941
0.960941
0.960941
0.960941
0.960941
0.960941
0.960470
0.960470
0.960470
0.960470
0.960470
0.960470
0.960470
0.960470
0.960470
0.960470
0.960470
0.960470
0.960470
0.960470
0.960470
0.960470
0.960470
0.960000
0.960000
0.960000
0.960000
0.960000
0.960000
0.960000
0.960000
0.960000
0.960000
0.960000
0.960000
0.960000
0.960000
0.960000
0.960470
0.960470
0.960470
0.960470
0.960470
0.960470
0.960470
0.960470
0.960470
0.960470
0.960470
0.960470
0.960470
0.960470
0.960470
0.960470
0.960470
0.960470
0.960470
0.960470
0.960470
0.960470
0.960470
0.960470
0.960470
0.960470
0.960470
0.960470
0.960470
0.960470
0.960000
0.975055
0.975055
0.975055
0.975055
0.975055
0.975055
0.975055
0.975055
0.975055
0.975055
0.975055
0.975055
0.975055
0.975055
0.975055
0.975055
0.975055
0.975055
0.975055
0.975055
0.975055
0.975055
0.975055
0.975055
0.975055
0.975055
0.975055
0.975055
0.975055
0.975055
0.960000
0.960000
0.960000
0.961882
0.962823
0.962823
0.965175
0.965175
0.965175
0.965175
0.965175
0.965175
0.965175
0.965175
0.965175
0.965175
0.965175
0.965175
0.965175
0.965175
0.965175
0.965175
0.965175
0.965175
0.965175
0.965175
0.965175
0.965175
0.965175
0.965175
0.965175
0.965175
0.965175
0.963293
0.962352
0.962352
0.960000
0.960000
0.960000
0.960000
0.960000
0.960000
0.960000
0.960000
0.960000
0.960000
0.960000
0.960000
0.960000
0.960000
0.960000
0.960000
0.960000
0.960000
0.960000
0.960000
0.960000
0.960000
0.960000
0.960000
0.960000
0.960000
0.960000
0.960000
0.960000
0.960000
0.960000
0.960000
0.960000
0.960000
0.960000
0.960000
0.960000
0.960000
0.960000
0.960000
0.960000
0.960000
0.960000
0.960000
0.960000
0.960000
0.960000
0.960000
0.960000
0.960000
0.960000
0.960000
0.960000
0.960000
0.960000
0.960000
0.960000
0.960000
0.960000
0.960000
0.960000
0.960000
0.960000
0.960000
0.960000
0.960000
0.960000
0.967528
0.967528
0.967528
0.967528
0.967528
0.967528
0.967998
0.967998
0.967998
0.968469
0.968939
0.968939
0.973644
0.974585
0.975996
0.978819
0.994815
1.007047
1.008459
1.008459
1.008459
1.008459
1.008459
1.008459
1.008459
1.008459
1.008459
1.008459
1.008459
1.008459
1.000931
1.012693
1.015986
1.015986
1.018339
1.030571
1.034805
1.038569
1.039039
1.040921
1.045626
1.057388
1.053154
1.052213
1.050801
1.063975
1.052213
1.041392
1.039980
1.039980
1.039980
1.039980
1.040921
1.041392
1.041392
1.041392
1.041392
1.041392
1.041392
1.041392
1.041392
1.031041
1.027748
1.027748
1.025396
1.013163
1.008459
1.004695
1.004224
1.001872
0.996697
0.984935
0.984465
0.984465
0.984465
0.968469
0.964234
0.962823
0.962823
0.962823
0.962823
0.962823
0.961882
0.961411
0.961411
0.961411
0.961411
0.961411
0.961411
0.961411
0.961411
0.960000
0.960000
0.960000
0.960000
0.960000
0.960000
0.960000
0.960000
0.974585
0.974585
0.974585
0.974585
0.974585
0.974585
0.974585
0.974585
0.974585
0.974585
0.974585
0.974585
0.974585
0.975055
0.987287
0.989640
0.989640
0.989640
0.989640
0.989640
0.989640
0.991522
1.003754
1.005165
1.005165
1.005165
1.005165
1.005165
1.005165
1.007988
1.004695
1.006106
1.006106
1.006106
1.006106
1.006106
1.006577
1.007047
1.007047
1.007047
1.007047
1.007047
1.007047
1.006577
0.994345
0.991992
0.991992
0.991992
0.991992
0.991992
0.992933
0.991051
0.978819
0.977407
0.977407
0.977407
0.977407
0.977407
0.977407
0.974585
0.981171
1.027748
1.075736
1.130311
1.189120
1.249341
1.309561
1.368841
1.428121
1.474697
1.474697
1.474697
1.474697
1.474697
1.474697
1.474697
1.474697
1.474697
1.474697
1.474697
1.473756
1.473756
1.473756
1.473756
1.473756
1.473756
1.473756
1.473756
1.473756
1.473756
1.455878
1.407890
1.359902
1.305327
1.246518
1.186297
1.125606
1.065856
1.006577
0.960000
0.960000
0.960000
0.960000
0.960000
0.960000
0.960000
0.960000
0.960000
0.960000
0.960000
0.960000
0.960000
0.960000
0.960000
0.960000
0.960000
0.960000
0.960000
0.960000
0.960000
0.960000
0.960000
0.960000
0.960000
0.960000
0.960000
0.960000
0.960000
0.960000
0.960000
0.960000
0.960000
0.960000
0.960000
0.960000
0.960000
0.960000
0.960000
0.960000
0.960000
0.960000
0.960000
0.960000
0.960000
0.960000
0.960000
0.960000
0.960000
0.960000
0.960000
0.960000
0.960000
0.960000
0.960000
0.960000
0.960000
0.960000
0.960000
0.960000
0.960000
0.960000
0.960000
0.960000
0.960000
0.960000
0.960000
0.960000
0.960000
0.960000
0.960000
0.960000
0.960000
0.960000
0.960000
0.960000
0.960000
0.960000
0.960000
0.960000
0.960000
0.960000
0.960000
0.960000
0.960000
0.960000
0.960000
0.960000
0.960000
0.960000
0.960000
0.960000
0.960000
0.960000
0.960000
0.960000
0.960000
0.960000
0.960000
0.960000
0.960000
0.960000
0.960000
0.960000
0.971762
0.971762
0.971762
0.971762
0.971762
0.971762
0.971762
0.971762
0.971762
0.971762
0.971762
0.971762
0.971762
0.971762
0.971762
0.971762
0.971762
0.971762
0.971762
0.971762
0.971762
0.971762
0.971762
0.971762
0.971762
0.971762
0.971762
0.971762
0.971762
0.971762
0.960000
0.960000
0.960000
0.960000
0.960000
0.960000
0.960000
0.960000
0.960000
0.960000
0.960000
0.960000
0.960000
0.960000
0.960000
0.960000
0.960000
0.960000
0.960000
0.960000
0.960000
0.960000
0.960000
0.960000
0.960000
0.960000
0.960000
0.960000
0.960000
0.960000
0.960000
0.960000
0.960000
0.960000
0.960000
0.960000
0.960000
0.960000
0.960000
0.960000
0.960000
0.960000
0.960000
0.960000
0.960000
0.960000
0.960000
0.960000
0.960000
0.960000
0.960000
0.960000
0.960000
0.960000
0.960000
0.960000
0.960000
0.960000
0.960000
0.960000
0.960000
0.960000
0.960000
0.960000
0.960000
0.960000
0.960000
0.960000
0.960000
0.960000
0.960000
0.960000
0.960000
0.960000
0.960000
0.960000
0.960000
0.960000
0.960000
0.960000
0.960000
0.960000
0.960000
0.960000
0.960000
0.960000
0.960000
0.960000
0.960000
0.960000
0.960000
0.960000
0.960000
0.960000
0.960000
0.960000
0.960000
0.960000
0.960000
0.960000
0.960000
0.960000
0.960000
0.960000
0.960000
0.960000
0.960000
0.960000
0.960000
0.960000
0.960000
0.960000
0.960000
0.960000
0.960000
0.960000
0.960000
0.960000
0.960000
0.960000
0.960000
0.960000
0.960000
0.960000
0.960000
0.960000
0.960000
0.960000
0.960000
0.960000
0.960000
0.960000
0.960000
0.960000
0.960000
0.960000
0.960000
0.960000
0.960000
0.960000
0.960000
0.960470
0.960470
0.960941
0.960941
0.960941
0.960941
0.960941
0.960941
0.960941
0.960941
0.960941
0.960941
0.960941
0.960941
0.960941
0.960941
0.960941
0.960941
0.960941
0.960941
0.962352
0.964234
0.983524
0.983524
0.983524
0.983524
0.984465
0.984465
0.984465
0.985406
0.984935
0.984935
0.984465
0.984465
0.984465
0.984465
0.984465
0.984465
0.984465
0.987287
1.015516
1.032923
1.032923
1.032923
1.032923
1.035746
1.035746
1.035746
1.035746
1.035746
1.034335
1.032453
1.013163
1.013163
1.030100
1.059740
1.073384
1.073384
1.073384
1.072443
1.072443
1.072443
1.072443
1.077618
1.077618
1.077618
1.077618
1.077618
1.077618
1.074795
1.046567
1.029160
1.029160
1.029160
1.029160
1.026337
1.026337
1.026337
1.026337
1.026337
1.026337
1.026337
1.026337
1.026337
1.009400
0.979760
0.965175
0.965175
0.965175
0.965175
0.965175
0.965175
0.965175
0.960000
0.960000
0.960000
0.960000
0.960000
0.960000
0.960941
0.961411
0.975055
0.975055
0.975055
0.975055
0.975055
0.975055
0.975055
0.975055
0.975055
0.975055
0.975055
0.975055
0.975055
0.975055
0.975055
0.975055
0.975055
0.975055
0.975055
0.975055
0.975055
0.975055
0.975055
0.975055
0.975055
0.975055
0.978348
0.988699
0.987758
0.987287
0.973644
0.973644
0.973644
0.973644
0.973644
0.973644
0.973644
0.973644
0.973644
0.973644
0.973644
0.973644
0.973644
0.973644
0.973644
0.973644
0.973644
0.973644
0.973644
0.973644
0.973644
0.973644
0.973644
0.973644
0.973644
0.973644
0.970350
0.960000
0.974114
0.974114
0.974114
0.974114
0.975055
0.975055
0.975055
0.975055
0.975996
0.977407
0.977407
0.977878
0.977878
0.977878
0.979289
0.979289
0.979289
0.979289
0.979289
0.979289
0.980230
0.980230
0.980230
0.994815
0.994815
0.994815
0.998579
0.998579
1.000461
1.000461
0.986346
0.986346
0.986346
0.986346
0.985406
0.985406
0.985406
0.985406
0.984465
0.983053
0.983053
0.982583
0.982583
0.982583
0.981171
0.981171
0.981171
0.981171
0.981642
0.984935
0.983994
0.983994
0.983994
0.976937
0.976937
0.976937
0.974114
0.974585
0.972703
0.972703
0.972703
0.972703
0.973173
0.973173
0.973173
0.973173
0.973173
0.973173
0.973173
0.973173
0.973173
0.973173
0.973173
0.973173
0.973173
0.973173
0.973173
0.973173
0.972703
0.969409
0.969409
0.969409
0.969409
0.961882
0.961882
0.961882
0.960941
0.960470
0.960470
0.960470
0.960470
0.975526
0.975055
0.975055
0.975055
0.975055
0.975055
0.975055
0.975055
0.975055
0.975055
0.975055
0.975055
0.975996
0.975996
0.975996
0.975996
0.982583
0.999520
1.004695
1.008929
1.008929
1.008929
1.008929
1.008929
1.008929
1.008929
1.008929
1.008929
1.008929
1.008929
0.993874
0.993874
0.993874
0.993874
0.993874
0.993874
1.008929
1.008929
1.008929
1.008929
1.008929
1.008929
1.007988
1.007988
1.007988
1.007988
1.001402
0.984935
1.006106
1.004695
1.004695
1.004695
1.004695
1.004695
1.004695
1.004695
1.007047
1.033864
1.063034
1.070091
1.070091
1.073854
1.119490
1.165126
1.213585
1.270983
1.299681
1.335437
1.371193
1.406479
1.442235
1.477991
1.496810
1.496810
1.496810
1.496810
1.496810
1.496339
1.469993
1.467170
1.467170
1.467170
1.467170
1.467170
1.467170
1.467170
1.464817
1.438000
1.408831
1.401774
1.401774
1.398010
1.352374
1.306739
1.258280
1.200882
1.157128
1.121372
1.085616
1.050331
1.014575
0.978819
0.960000
0.960000
0.960000
0.960000
0.960000
0.966116
0.986817
0.986817
0.986817
0.986817
0.986817
0.986817
0.986817
0.986817
0.986817
0.986817
0.986817
0.986817
0.986817
0.986817
0.986817
0.986817
0.986817
0.986817
0.986817
0.986817
0.986817
0.986817
0.986817
0.986817
0.986817
0.986817
0.986817
0.986817
0.986817
0.980701
0.960000
0.960000
0.960000
0.960000
0.960000
0.960000
0.960000
0.960000
0.960000
0.960000
0.960000
0.960000
0.960000
0.960000
0.960000
0.960000
0.960000
0.960000
0.960000
0.960000
0.960000
0.960000
0.960000
0.960000
0.960000
0.960000
0.960000
0.960000
0.960000
0.960000
0.960000
0.960000
0.960000
0.960000
0.960000
0.960000
0.960000
0.960000
0.960000
0.960000
0.960470
0.968469
0.976937
0.985406
0.985406
1.000931
1.000931
1.000931
1.000931
1.000931
1.000931
1.000931
1.000931
1.000931
1.000931
1.000931
1.000931
1.000931
1.000931
1.000931
1.000931
1.000931
1.000931
1.000931
1.000931
1.000931
1.000931
1.000931
1.000931
1.000931
1.000461
0.992463
0.983994
0.975526
0.975526
0.960000
0.960000
0.960000
0.960000
0.960000
0.960000
0.960000
0.960000
0.960000
0.960000
0.960000
0.960000
0.960000
0.960000
0.960000
0.960000
0.960000
0.960000
0.960000
0.960000
0.960000
0.960000
0.960470
0.960470
0.960470
0.960470
0.960470
0.960470
0.960470
0.960470
0.960470
0.960470
0.960470
0.960470
0.960470
0.960470
0.960470
0.960470
0.960470
0.960470
0.960470
0.960470
0.960470
0.960470
0.960470
0.960470
0.960470
0.960470
0.960470
0.960470
0.960470
0.960470
0.960000
0.960000
0.960000
0.960000
0.960000
0.960000
0.960000
0.960000
0.960000
0.960000
0.960000
0.960000
0.960000
0.960000
0.960000
0.960000
0.960000
0.960000
0.960000
0.960000
0.960000
0.960000
0.960000
0.960000
0.960000
0.960000
0.960000
0.960000
0.960000
0.960000
0.960000
0.960000
0.960000
0.960000
0.960000
0.960000
0.960000
0.960000
0.960000
0.960000
0.960000
0.960000
0.960000
0.960000
0.960000
0.960000
0.960000
0.960000
0.960000
0.960000
0.960000
0.960000
0.960000
0.960000
0.960000
0.960000
0.960000
0.960000
0.960000
0.960000
0.960000
0.960000
0.960000
0.960000
0.960000
0.960000
0.960000
0.960000
0.960000
0.960000
0.960000
0.960000
0.960000
0.960000
0.960000
0.960000
0.960000
0.960000
0.960000
0.960000
0.960000
0.960000
0.960000
0.960000
0.960000
0.960000
0.960000
0.960000
0.960000
0.960000
0.960000
0.960000
0.960000
0.960000
0.960000
0.960000
0.960000
0.960000
0.960000
0.960000
0.960000
0.960000
0.960000
0.960000
0.960000
0.960000
0.960000
0.960000
0.960000
0.960000
0.960000
0.960000
0.960000
0.960000
0.960000
0.960000
0.960000
0.960000
0.960000
0.960000
0.960000
0.974114
0.974585
0.974585
0.974585
0.974585
0.974585
0.974585
0.975055
0.975055
0.975055
0.975055
0.975055
0.975055
0.975055
0.975055
0.975055
0.975055
0.975055
0.975055
0.975055
0.975055
0.975055
0.975055
0.975055
0.975055
0.975055
0.975055
0.975055
0.975055
0.975055
0.960941
0.960470
0.960470
0.960470
0.960470
0.960470
0.960470
0.960000
0.960000
0.960000
0.960000
0.960000
0.960000
0.960000
0.960000
0.960000
0.960000
0.960000
0.960000
0.960000
0.960000
0.960000
0.960000
0.960000
0.960000
0.960000
0.960000
0.960000
0.960000
0.960000
0.960000
0.960000
0.960000
0.960000
0.960470
0.960470
0.960470
0.960470
0.960470
0.960470
0.960470
0.960470
0.960470
0.960470
0.960470
0.960470
0.960470
0.960470
0.960941
0.960941
0.960941
0.960941
0.960941
0.960941
0.960941
0.961411
0.961411
0.961411
0.961411
0.961411
0.961411
0.961411
0.961411
0.961411
0.960941
0.960941
0.960941
0.960941
0.960941
0.960941
0.960941
0.960941
0.960941
0.960941
0.960941
0.960941
0.960941
0.960941
0.960470
0.960470
0.960470
0.960470
0.960470
0.960470
0.960470
0.960000
0.960470
0.960470
0.960470
0.960470
0.960470
0.960470
0.960470
0.960470
0.960470
0.960470
0.960470
0.960941
0.960941
0.960941
0.960941
0.960941
0.960941
0.960941
0.960941
0.960941
0.960941
0.960941
0.960941
0.960941
0.960941
0.960941
0.960941
0.960941
0.960941
0.960941
0.960470
0.960470
0.960470
0.960470
0.960470
0.960470
0.960470
0.960470
0.960470
0.960470
0.960470
0.960000
0.960000
0.960000
0.960000
0.960000
0.960000
0.960000
0.960000
0.960000
0.960000
0.960000
0.960000
0.960000
0.960000
0.960000
0.960000
0.960000
0.960000
0.960000
0.960000
0.960000
0.960000
0.960000
0.960000
0.960000
0.960000
0.960470
0.960470
0.960470
0.960470
0.960470
0.960470
0.960470
0.960470
0.960470
0.960470
0.960470
0.960470
0.960470
0.960470
0.960470
0.960470
0.960470
0.960470
0.960470
0.960470
0.960470
0.960470
0.960470
0.960470
0.960470
0.964234
0.984935
0.991051
0.991992
0.991992
0.991522
0.991522
0.991522
0.991522
0.991522
0.991522
0.991522
0.991522
0.991522
0.991522
0.991522
0.991522
0.991522
0.991522
0.991522
0.992933
0.992933
0.992933
0.992933
0.992933
0.992933
0.992933
0.992933
0.992933
0.992933
0.989169
0.968469
0.962352
0.961411
0.961411
0.961411
0.961411
0.961411
0.961411
0.961411
0.961411
0.961411
0.961411
0.961411
0.961411
0.961411
0.961411
0.961411
0.961411
0.961411
0.960000
0.960000
0.960000
0.960000
0.960000
0.960000
0.960000
0.960000
0.960000
0.960000
0.960000
0.960000
0.960000
0.960000
0.960000
0.960000
0.960000
0.960000
0.960000
0.960000
0.960000
0.960000
0.960000
0.960000
0.960000
0.960000
0.960000
0.960000
0.960000
0.960000
0.960000
0.960000
0.960000
0.960000
0.960000
0.960000
0.960000
0.960000
0.960000
0.960000
0.960000
0.960000
0.960000
0.960000
0.960000
0.960000
0.960000
0.960000
0.960000
0.960000
0.972703
0.974114
0.974114
0.974114
0.974114
0.974114
0.974114
0.974114
0.974114
0.974114
0.974114
0.974114
0.974114
0.974114
0.974114
0.974114
0.974114
0.991051
0.991051
0.991051
0.991522
0.991522
0.991522
0.991522
0.991522
0.991522
0.991522
0.997167
1.009400
1.017868
1.005165
1.003754
1.004695
1.004695
1.004695
1.010341
1.010341
1.010341
1.010811
1.015986
1.015986
1.015986
1.015986
1.015986
1.015986
1.015986
1.015986
0.999049
0.999049
0.999049
0.998579
0.998579
0.998579
0.998579
0.998579
0.999520
1.005636
1.011282
0.999049
0.990581
0.990581
0.990581
0.989640
0.989640
0.991992
0.988699
0.993404
0.993404
0.992933
0.987758
0.987758
0.987758
0.988228
0.991051
0.991051
0.991051
0.991051
0.991522
1.007047
1.007047
1.007988
1.007988
1.009400
1.012693
1.013634
1.012693
1.006577
0.995285
0.995285
0.995285
0.995285
0.995756
0.995756
0.995756
0.993404
0.991051
0.986346
0.987758
0.987758
0.987758
0.987758
0.987758
0.987287
0.984465
0.984465
0.984465
0.986346
0.990581
0.975055
0.975055
0.981171
0.990110
0.988699
0.985406
0.984465
0.984465
0.984465
0.984465
0.984465
0.984465
0.995285
0.997167
0.997167
0.997167
0.997167
0.997167
0.997167
0.995756
0.995756
0.995756
0.995756
0.995756
0.995756
0.995756
0.995756
0.995756
0.993874
0.989169
0.989169
0.989169
0.982112
0.973173
0.973173
0.973173
0.973173
0.973173
0.973173
0.973173
0.973173
0.973173
0.962352
0.960000
0.960000
0.960000
0.960000
0.960000
0.960000
0.960000
0.960000
0.960000
0.960000
0.960000
0.960000
0.960000
0.960941
0.960941
0.961411
0.975055
0.975055
0.975055
0.975055
0.976467
0.976467
0.976467
0.976467
0.976467
0.976467
0.976467
0.976467
0.976467
0.976467
0.976467
0.976467
0.976467
0.976467
0.976467
0.976467
0.976467
0.976467
0.976467
0.976467
0.976467
0.976467
0.976467
0.975526
0.975526
0.975055
0.961411
0.961411
0.961411
0.961411
0.960000
0.960000
0.960000
0.960000
0.960000
0.960000
0.960000
0.960000
0.960000
0.960000
0.960000
0.960000
0.960000
0.960000
0.960000
0.960000
0.960000
0.960000
0.960000
0.960000
0.960000
0.960000
0.960000
0.960000
0.960000
0.960000
0.960000
0.960000
0.960000
0.960000
0.960000
0.960000
0.960000
0.960000
0.960000
0.960000
0.960000
0.960000
0.960000
0.960000
0.960000
0.960000
0.960000
0.960000
0.960000
0.960000
0.960000
0.960000
0.960000
0.960000
0.960000
0.960000
0.960000
0.960000
0.960000
0.960000
0.960000
0.960000
0.960000
0.960000
0.960000
0.960000
0.960000
0.960000
0.960000
0.960000
0.960000
0.960000
0.960000
0.960000
0.960000
0.960000
0.960000
0.960000
0.960000
0.960000
0.960000
0.960000
0.960000
0.960000
0.960000
0.960000
0.960000
0.960000
0.960000
0.960000
0.960000
0.960000
0.960000
0.960000
0.960000
0.960000
0.960000
0.960000
0.960000
0.960000
0.960000
0.960000
0.960000
0.960000
0.960000
0.960000
0.960000
0.960000
0.960000
0.960000
0.960000
0.960000
0.960000
0.960000
0.960000
0.960000
0.960000
0.960000
0.960000
0.960000
0.960000
0.960000
0.960000
0.960000
0.960000
0.960000
0.960000
0.960000
0.960000
0.960000
0.960000
0.960000
0.960000
0.960000
0.960000
0.960000
0.960000
0.960000
0.960000
0.960000
0.960000
0.960000
0.960000
0.960000
0.960000
0.960000
0.960000
0.960000
0.960000
0.960000
0.960000
0.960000
0.960000
0.960000
0.960000
0.960000
0.960000
0.960000
0.960000
0.960000
0.960000
0.960000
0.960000
0.960000
0.960000
0.960000
0.960000
0.960000
0.960000
0.960000
0.960000
0.960000
0.960000
0.960000
0.960000
0.960000
0.960000
0.960000
0.960000
0.960000
0.960000
0.960000
0.960000
0.960000
0.960000
0.960000
0.960000
0.960000
0.960000
0.960000
0.960000
0.960000
0.960000
0.960000
0.960470
0.960470
0.960470
0.960470
0.960470
0.960470
0.960470
0.960470
0.960470
0.960470
0.960470
0.960470
0.960470
0.960470
0.960470
0.960470
0.960470
0.960470
0.960470
0.960470
0.960470
0.960470
0.960470
0.960470
0.960470
0.960470
0.960470
0.960470
0.960470
0.960470
0.960000
0.960000
0.960000
0.960000
0.960000
0.960000
0.960000
0.960000
0.960000
0.960000
0.960000
0.960000
0.960000
0.960000
0.960000
0.960000
0.960000
0.960000
0.960000
0.960000
0.960000
0.960000
0.960000
0.960000
0.960000
0.960000
0.960000
0.960000
0.960000
0.960000
0.960000
0.960000
0.960000
0.960000
0.960000
0.960000
0.960000
0.960000
0.960000
0.960000
0.960000
0.960000
0.960000
0.960000
0.960000
0.960000
0.960000
0.960000
0.960000
0.960000
0.960000
0.960000
0.960000
0.960000
0.960000
0.960000
0.960000
0.960000
0.960000
0.960000
0.960000
0.960000
0.960000
0.960000
0.960000
0.960000
0.960000
0.960000
0.960000
0.960000
0.960000
0.960000
0.960000
0.960000
0.960000
0.960000
0.960000
0.960000
0.960000
0.960000
0.960000
0.960000
0.960000
0.960000
0.960000
0.960000
0.960000
0.960000
0.960000
0.960000
0.960000
0.960000
0.960000
0.960000
0.960000
0.960000
0.960000
0.960941
0.973644
0.973644
0.973644
0.973644
0.973644
0.973644
0.973644
0.987758
0.987758
0.987758
0.987758
0.987758
0.987758
0.987758
0.987758
0.987758
0.987758
0.999049
1.016927
1.016927
1.016927
1.016927
1.016927
1.016927
1.017398
1.020221
1.025396
1.025396
1.025396
1.024455
1.011752
1.011752
1.011752
1.011752
1.011752
1.011752
1.011752
0.997638
0.997638
0.997638
0.997638
0.997638
0.997638
0.997638
0.997638
0.997638
0.997638
0.986346
0.968469
0.968469
0.968469
0.968469
0.968469
0.968469
0.981642
0.978819
0.973644
0.973644
0.973644
0.973644
0.973644
0.973644
0.973644
0.973644
0.973644
0.973644
0.973644
0.973644
0.973644
0.973644
0.973644
0.973644
0.973644
0.973644
0.973644
0.973644
0.973644
0.973644
0.973644
0.973644
0.973644
0.973644
0.973644
0.973644
0.960000
0.960000
0.960000
0.960000
0.961411
0.961411
0.966587
0.975526
0.975526
0.975526
0.975526
0.975526
0.979289
0.979289
0.995285
1.013634
1.030571
1.033864
1.049860
1.049860
1.050801
1.052683
1.067268
1.067738
1.067738
1.067738
1.067738
1.067738
1.067738
1.067738
1.067738
1.069150
1.069150
1.069150
1.067738
1.067738
1.062563
1.053624
1.053624
1.053624
1.053624
1.053624
1.049860
1.049860
1.033864
1.015516
0.998579
1.007988
1.023514
1.064915
1.099260
1.128900
1.158540
1.189591
1.221112
1.252634
1.284626
1.315678
1.315678
1.315678
1.315678
1.314266
1.314266
1.320853
1.334026
1.334026
1.334026
1.334026
1.334026
1.334026
1.334026
1.334026
1.334026
1.334026
1.334026
1.334026
1.334026
1.347199
1.352845
1.348611
1.354256
1.363666
1.360372
1.369782
1.339672
1.308150
1.276158
1.245107
1.245107
1.263926
1.263926
1.263926
1.263926
1.257809
1.244636
1.244636
1.244636
1.244636
1.244636
1.244636
1.247929
1.248870
1.250282
1.250282
1.250282
1.250282
1.253105
1.228170
1.191002
1.153835
1.122313
1.088910
1.071502
1.055506
1.078089
1.102083
1.126077
1.149601
1.170772
1.151953
1.151953
1.151953
1.151953
1.151482
1.151482
1.151482
1.151482
1.151482
1.151482
1.151482
1.148189
1.147248
1.145837
1.145837
1.145837
1.145837
1.143014
1.142073
1.142073
1.142073
1.132664
1.125136
1.101612
1.076677
1.052683
1.028689
1.004695
0.981171
0.960000
0.960470
0.972232
0.992463
1.030571
1.056917
1.081382
1.105376
1.129370
1.154305
1.211233
1.275217
1.339201
1.403656
1.467640
1.532095
1.594668
1.645009
1.656770
1.656770
1.656770
1.656770
1.656770
1.656770
1.656770
1.656770
1.656770
1.656770
1.656770
1.656770
1.656770
1.656300
1.644538
1.624308
1.586199
1.559853
1.535388
1.511394
1.487400
1.462465
1.405538
1.341554
1.277569
1.213114
1.149130
1.084675
1.022102
0.971762
0.960000
0.960000
0.960000
0.960000
0.960000
0.960000
0.960000
0.960000
0.960000
0.960000
0.960000
0.960000
0.960000
0.960000
0.960000
0.960000
0.960000
0.960000
0.960000
0.960000
0.960000
0.960000
0.960000
0.960000
0.960000
0.960000
0.960000
0.960000
0.960000
0.960000
0.960000
0.960000
0.960000
0.971291
0.971291
0.971291
0.971291
0.971291
0.971291
0.971291
0.971291
0.971291
0.971291
0.971291
0.971291
0.971291
0.971291
0.971291
0.971762
0.971762
0.971762
0.971762
0.971762
0.971762
0.971762
0.971762
0.971762
0.971762
0.971762
0.971762
0.971762
0.971762
0.971762
0.960470
0.960470
0.960470
0.960470
0.960470
0.960470
0.960470
0.960470
0.960470
0.960470
0.960470
0.960470
0.960470
0.960470
0.960470
0.960000
0.960000
0.960000
0.960000
0.960000
0.960000
0.960000
0.960000
0.960000
0.960000
0.960000
0.960000
0.960000
0.960000
0.960000
0.960000
0.960000
0.960000
0.960000
0.960000
0.960000
0.960000
0.960000
0.960000
0.960000
0.960000
0.960000
0.960000
0.960000
0.960000
0.960000
0.960000
0.960000
0.960000
0.960000
0.960000
0.960000
0.960000
0.960000
0.960000
0.960000
0.960000
0.960000
0.960000
0.960000
0.960000
0.960000
0.960000
0.960000
0.960000
0.960000
0.960000
0.960000
0.960000
0.960470
0.960470
0.960470
0.960470
0.960470
0.960470
0.960470
0.960470
0.960470
0.960470
0.960470
0.960470
0.960470
0.960470
0.960470
0.960470
0.960470
0.960470
0.960470
0.960470
0.960470
0.960470
0.960470
0.960470
0.960470
0.960470
0.960470
0.960470
0.960470
0.960470
0.960000
0.960000
0.960000
0.960000
0.960000
0.960000
0.960000
0.960000
0.960000
0.960000
0.960000
0.960000
0.960000
0.960000
0.960000
0.960000
0.960000
0.960000
0.960000
0.960000
0.960000
0.960000
0.960000
0.960000
0.960000
0.960000
0.960000
0.960000
0.960000
0.960000
0.960000
0.960000
0.960000
0.960000
0.960000
0.960000
0.960000
0.960000
0.960000
0.960000
0.960000
0.960000
0.960000
0.960000
0.960000
0.960000
0.960000
0.960000
0.960000
0.960000
0.960000
0.960000
0.960000
0.960000
0.960000
0.960000
0.960000
0.960000
0.960000
0.960000
0.960000
0.960000
0.960000
0.960000
0.960000
0.960000
0.960000
0.960000
0.960000
0.960000
0.960000
0.960000
0.960000
0.960000
0.960000
0.960000
0.960000
0.960000
0.960000
0.960000
0.960000
0.960000
0.960000
0.960000
0.960000
0.960000
0.960000
0.960000
0.960000
0.960000
0.960000
0.960000
0.960000
0.960000
0.960000
0.960000
0.960000
0.960000
0.960000
0.960000
0.960000
0.960000
0.960000
0.960000
0.960000
0.960000
0.960000
0.960000
0.960000
0.960000
0.960000
0.960000
0.960000
0.960000
0.960000
0.960000
0.960000
0.960000
0.960000
0.960000
0.960000
0.960000
0.960000
0.960000
0.960000
0.960000
0.960000
0.960000
0.960000
0.960000
0.960000
0.960000
0.960000
0.960000
0.960000
0.960000
0.960000
0.960000
0.960000
0.960000
0.960000
0.960000
0.960000
0.960000
0.960000
0.960000
0.960000
0.960000
0.960000
0.960000
0.960000
0.960000
0.960000
0.960000
0.960000
0.960000
0.960000
0.960000
0.960000
0.960000
0.960000
0.960000
0.960000
0.960000
0.960000
0.960000
0.960000
0.960000
0.960000
0.960000
0.960000
0.960000
0.960000
0.960000
0.960000
0.960000
0.960000
0.960000
0.960000
0.960000
0.960000
0.960000
0.960000
0.960000
0.960000
0.960000
0.960000
0.960000
0.960000
0.960000
0.960000
0.960000
0.960000
0.960000
0.960000
0.960000
0.960000
0.960000
0.960000
0.960000
0.960000
0.960000
0.960000
0.960000
0.960000
0.960000
0.960000
0.960000
0.960000
0.960000
0.960000
0.960000
0.960000
0.960000
0.960000
0.960000
0.960000
0.960000
0.960000
0.960000
0.960000
0.960000
0.960000
0.960000
0.960000
0.960000
0.960000
0.960000
0.960000
0.960000
0.960000
0.960000
0.960000
0.960000
0.960000
0.960000
0.960000
0.960000
0.960000
0.960000
0.960000
0.960000
0.960000
0.960000
0.960000
0.960000
0.960000
0.960000
0.960000
0.960000
0.960000
0.960000
0.960000
0.960000
0.960000
0.960000
0.960000
0.960000
0.960000
0.960000
0.960000
0.960000
0.960000
0.960000
0.960000
0.960000
0.960000
0.960000
0.960000
0.960000
0.960000
0.960000
0.960000
0.960000
0.960000
0.960000
0.960000
0.960000
0.960000
0.960000
0.960000
0.960000
0.960000
0.960000
0.960000
0.960000
0.960000
0.960000
0.960000
0.960000
0.960000
0.960000
0.960000
0.960000
0.960000
0.960000
0.960000
0.960000
0.960000
0.960000
0.960000
0.960000
0.960000
0.960000
0.960000
0.960000
0.960000
0.960000
0.960000
0.960000
0.960000
0.960000
0.960000
0.960000
0.960000
0.960000
0.960000
0.960000
0.960000
0.960000
0.960000
0.960000
0.960000
0.960000
0.960000
0.960000
0.960000
0.960000
0.960000
0.960000
0.960000
0.960000
0.960000
0.960000
0.960000
0.960000
0.960000
0.960000
0.960000
0.960000
0.960000
0.960000
0.960000
0.960000
0.960000
0.960000
0.960000
0.960000
0.960000
0.960000
0.960000
0.960000
0.960000
0.960000
0.960000
0.960000
0.960000
0.960000
0.960000
0.960000
0.960000
0.960000
0.960000
0.960000
0.960000
0.960000
0.960000
0.960000
0.960000
0.960000
0.960000
0.960000
0.960000
0.960000
0.960000
0.960000
0.960000
0.960000
0.960000
0.960000
0.960000
0.960000
0.960000
0.960000
0.960000
0.960000
0.960000
0.960000
0.960000
0.960000
0.960000
0.960000
0.960000
0.960000
0.960000
0.960000
0.960000
0.960000
0.960000
0.960000
0.960000
0.960000
0.960000
0.960000
0.960000
0.960000
0.960000
0.960000
0.960000
0.960000
0.960000
0.960000
0.960000
0.960000
0.960000
0.960000
0.960000
0.960000
0.960000
0.960000
0.960000
0.960000
0.960000
0.960000
0.960000
0.960000
0.960000
0.960000
0.960000
0.960000
0.974585
0.974585
0.974585
0.974585
0.974585
0.974585
0.974585
0.974585
0.985876
0.989640
0.989640
0.989640
0.989640
0.989640
0.989640
0.989640
0.989640
0.989640
0.989640
0.989640
0.989640
0.989640
0.989640
1.003754
1.003754
1.003754
1.003754
1.003754
1.003754
1.003754
0.989169
0.989169
0.989169
0.989169
0.989169
0.989169
0.989169
0.989169
0.977878
0.974114
0.974114
0.974114
0.974114
0.974114
0.974114
0.974114
0.974114
0.974114
0.974114
0.974114
0.974114
0.974114
0.974114
0.960000
0.960000
0.960000
0.960000
0.960000
0.963293
0.977407
0.991051
1.000461
1.000461
1.000461
1.000461
1.000461
1.000461
1.000461
1.000461
1.000461
1.000461
1.000461
1.000931
1.000931
1.000931
1.000931
1.000931
1.000931
1.000931
1.002813
1.006577
1.007047
1.007047
1.007047
1.007047
1.007047
1.007047
1.007047
1.003754
0.989640
0.975996
0.966587
0.967057
0.967057
0.967057
0.967057
0.969409
0.969880
0.973173
0.973173
0.975055
0.975526
0.987287
0.989169
0.989169
0.989169
0.989169
0.989169
0.989169
0.987287
0.983524
0.983053
0.983053
0.983053
0.983053
0.983994
1.000931
1.001402
1.002343
1.003754
1.003754
1.003754
1.003284
1.003284
1.003284
1.003284
1.000931
1.000461
0.997167
0.997167
0.995285
0.994815
0.982583
0.980701
0.980701
0.980701
0.980701
0.980701
0.980701
0.983053
0.987287
0.987287
0.987287
0.987287
0.987287
0.986346
0.969409
0.968939
0.967998
0.966587
0.966587
0.966587
0.966587
0.966587
0.966587
0.966587
0.966587
0.966587
0.966587
0.966587
0.966587
0.966587
0.966587
0.966587
0.966587
0.966587
0.966587
0.966587
0.966587
0.964234
0.960000
0.960000
0.960000
0.960000
0.960000
0.960000
0.960000
0.960000
0.960000
0.960000
0.960000
0.960000
0.960000
0.960000
0.960000
0.960000
0.960000
0.960000
0.960000
0.960000
0.960000
0.960000
0.960000
0.960000
0.960000
0.960000
0.960000
0.960000
0.960000
0.960000
0.960000
0.960000
0.960000
0.960000
0.960000
0.960000
0.960000
0.960000
0.960000
0.960000
0.960000
0.960000
0.960000
0.960000
0.960000
0.960000
0.960000
0.960000
0.960000
0.960000
0.960000
0.960000
0.960000
0.960000
0.960000
0.960000
0.960000
0.960000
0.960000
0.960000
0.960000
0.960000
0.960000
0.960000
0.991051
1.040451
1.073384
1.105847
1.137839
1.170301
1.202294
1.234756
1.266748
1.299211
1.331203
1.345317
1.345317
1.345317
1.345317
1.345317
1.345317
1.345317
1.345317
1.345317
1.345317
1.345317
1.345317
1.345317
1.345317
1.378250
1.393776
1.399892
1.399892
1.399892
1.368841
1.319441
1.286508
1.254046
1.222053
1.189591
1.157599
1.132193
1.110081
1.086557
1.062563
1.048449
1.048449
1.048449
1.048449
1.048449
1.048449
1.048449
1.048449
1.048449
1.048449
1.048449
1.048449
1.048449
1.048449
1.015516
0.999990
0.993874
0.993874
0.993874
0.993874
0.993874
0.993874
0.993874
0.993874
0.993874
0.993874
0.986817
0.976937
0.967998
0.960000
0.960000
0.960000
0.960000
0.960000
0.960000
0.960000
0.960000
0.960000
0.960000
0.963764
0.965646
0.965646
0.965646
0.975526
0.980230
0.980230
0.980230
0.980230
0.980230
0.980230
0.980230
0.980230
0.980230
0.980230
0.980230
0.980230
0.980230
0.980230
0.980230
0.980230
0.980230
0.980230
0.980230
0.980230
0.980230
0.980230
0.980230
0.980230
0.980230
0.976467
0.974585
0.974585
0.974585
0.964705
0.960000
0.960000
0.960000
0.960000
0.960000
0.960000
0.960000
0.960000
0.960000
0.960000
0.960000
0.960000
0.960000
0.960000
0.960000
0.960000
0.960000
0.963293
0.963293
0.963293
0.963293
0.963293
0.963293
0.963293
0.963293
0.963293
0.963293
0.963293
0.963293
0.963293
0.963293
0.963293
0.963293
0.963293
0.963293
0.963293
0.963293
0.963293
0.963293
0.963293
0.963293
0.963293
0.963293
0.963293
0.963293
0.963293
0.963293
0.960000
0.960000
0.960000
0.960000
0.960000
0.960000
0.960000
0.960000
0.960000
0.960000
0.960000
0.960000
0.960000
0.960000
0.960000
0.960000
0.960000
0.960000
0.960000
0.960000
0.960000
0.960000
0.960000
0.960000
0.975055
0.975055
0.975055
0.975055
0.989640
1.005165
1.007047
1.007047
1.007047
1.007047
1.007047
1.007047
1.007047
1.007047
1.007047
1.007047
1.007047
1.007047
1.007047
1.007047
1.007047
1.007047
1.007047
1.007047
1.007047
1.007047
1.007047
1.007047
1.007047
1.007047
0.991992
0.991992
0.991992
0.991992
0.977407
0.961882
0.960000
0.960000
0.960000
0.960000
0.960000
0.960000
0.960000
0.960000
0.960000
0.960000
0.960000
0.960000
0.960000
0.960000
0.960000
0.960000
0.960000
0.960000
0.960000
0.960000
0.960000
0.960000
0.960000
0.960000
0.960000
0.960000
0.960000
0.960000
0.960000
0.960000
0.960000
0.960000
0.960000
0.960000
0.960000
0.960000
0.960000
0.963293
0.974114
0.974114
0.974114
0.974114
0.974114
0.974114
0.974114
0.974114
0.974114
0.974114
0.974114
0.974114
0.974114
0.974114
0.988228
0.988228
0.988228
0.988228
0.988228
0.988228
0.988228
0.988228
0.988228
0.988228
0.988228
0.988228
0.988699
0.991051
0.991051
0.987758
0.976937
0.976937
0.976937
0.976937
0.976937
0.976937
0.976937
0.976937
0.976937
0.976937
0.976937
0.976937
0.976937
0.976937
0.976937
0.976937
0.976937
0.976937
0.976937
0.976937
0.976937
0.976937
0.976937
0.976937
0.976937
0.976937
0.976467
0.974114
0.975055
0.983053
0.983053
0.983053
0.983053
0.983053
0.983053
0.983053
0.983053
0.983053
0.983053
0.983053
0.983053
0.983053
0.983053
0.983053
0.978819
0.978819
0.978819
0.978819
0.978819
0.978819
0.978819
0.978819
0.978819
0.978819
0.979760
0.979760
0.979760
0.980701
0.979760
0.971762
0.971762
0.971762
0.971762
0.971762
0.986817
0.986817
0.986817
0.988228
0.988228
0.988228
0.988228
0.988228
0.988228
0.988228
0.978348
0.978348
0.978348
0.978348
0.978348
0.978348
0.978348
0.978348
0.978348
0.978348
0.977407
0.977407
0.977407
0.976467
0.976467
0.976467
0.976467
0.976467
0.976467
0.976467
0.962352
0.975526
0.977407
0.977878
0.977878
0.977878
0.979289
0.979289
0.979289
0.979289
0.979289
0.979289
0.979289
0.979289
0.979289
0.979760
0.979760
0.979760
0.979760
0.979760
0.979760
0.979760
0.979760
0.979760
0.979760
0.979760
0.979760
0.979760
0.979760
0.979760
0.978819
0.965646
0.963764
0.961882
0.961882
0.961882
0.960470
0.960470
0.960470
0.960470
0.960470
0.960470
0.960470
0.960470
0.960470
0.960000
0.960000
0.960000
0.960000
0.960000
0.960000
0.960000
0.960000
0.960000
0.960000
0.960000
0.960000
0.960000
0.960000
0.960000
0.960000
0.960000
0.960000
0.960000
0.960000
0.960000
0.960000
0.960000
0.960000
0.960000
0.960000
0.960000
0.960000
0.960000
0.960000
0.960000
0.960000
0.960000
0.960000
0.975055
0.975055
0.975055
0.975055
0.975055
0.975055
0.975055
0.975055
0.975055
0.975055
0.975055
0.975055
0.975055
0.975055
0.975055
0.975055
0.975055
0.975055
0.975055
0.975055
0.975055
0.975055
0.975055
0.975055
0.975055
0.975055
0.975055
0.975055
0.975055
0.975055
0.960000
0.960000
0.960000
0.960000
0.960000
0.960000
0.960000
0.960000
0.960000
0.960000
0.960000
0.960000
0.960000
0.960000
0.960000
0.960000
0.960000
0.960000
0.960000
0.963293
0.963293
0.977878
0.977878
0.978819
0.978819
0.978819
0.978819
0.978819
0.978819
0.978819
0.978819
0.978819
0.978819
0.978819
0.978819
0.978819
0.978819
0.978819
0.978819
0.978819
0.978819
0.978819
0.978819
0.978819
0.978819
0.978819
0.978819
0.978819
0.978819
0.975526
0.975526
0.960941
0.960941
0.960000
0.960000
0.960000
0.960000
0.960000
0.960000
0.960000
0.960000
0.960000
0.960000
0.960000
0.960000
0.960000
0.960000
0.960000
0.960000
0.960000
0.960000
0.960000
0.960000
0.960000
0.960000
0.960000
0.960000
0.960000
0.960000
0.960000
0.960000
0.960000
0.960000
0.960000
0.960000
0.960000
0.960000
0.960000
0.960000
0.960000
0.960000
0.960000
0.960000
0.960000
0.960000
0.960000
0.960000
0.960000
0.960000
0.960000
0.960000
0.960000
0.960000
0.960000
0.960000
0.960000
0.960000
0.960000
0.960000
0.960000
0.960000
0.960000
0.960000
0.960000
0.960000
0.960000
0.960000
0.960000
0.960000
0.960000
0.960000
0.960000
0.960000
0.960000
0.960000
0.960000
0.960000
0.960000
0.960000
0.960000
0.960000
0.960000
0.960000
0.960000
0.960000
0.960000
0.960000
0.960000
0.960000
0.960470
0.960470
0.960470
0.960470
0.960470
0.960470
0.960470
0.960470
0.960941
0.960941
0.960941
0.960941
0.964234
0.983053
0.986346
0.986346
0.986346
0.986346
0.986346
0.986346
0.986346
0.986346
0.987287
1.000931
1.000931
1.000931
1.000931
1.000931
1.004224
1.004224
1.017868
1.017868
1.017868
1.017868
1.017868
1.020691
1.020691
1.020691
1.020221
1.020221
1.020221
1.020221
1.016927
0.998108
0.994815
0.994815
0.994815
0.994815
0.994815
0.994815
0.994815
0.994815
0.993874
0.980230
0.980230
0.980230
0.980230
0.980230
0.976937
0.976937
0.962823
0.962823
0.962823
0.963293
1.001402
1.030100
1.060681
1.091732
1.126077
1.167949
1.210292
1.252634
1.294506
1.336849
1.379191
1.421063
1.463406
1.485518
1.485518
1.485518
1.485518
1.485518
1.497751
1.536329
1.565969
1.594668
1.624778
1.642656
1.642656
1.651125
1.657711
1.657711
1.657711
1.657241
1.619133
1.587611
1.557030
1.525979
1.491634
1.449762
1.407420
1.365077
1.323205
1.280863
1.238520
1.196648
1.154305
1.132193
1.132193
1.132193
1.132193
1.132193
1.119961
1.081382
1.060211
1.057388
1.028219
1.010341
1.010341
1.001872
0.995285
0.995285
0.995285
0.999049
1.027748
1.044685
1.044685
1.046097
1.046097
1.046097
1.046097
1.046097
1.046097
1.046097
1.046097
1.046097
1.046097
1.046097
1.050801
1.051272
1.051272
1.051272
1.051272
1.051272
1.042803
1.016927
1.015986
1.015986
1.015986
1.015986
1.015986
1.015986
1.015986
1.012222
0.983524
0.966587
0.966587
0.965175
0.965175
0.965175
0.965175
0.965175
0.965175
0.965175
0.965175
0.970350
0.971762
0.971762
0.967057
0.966587
0.966587
0.966587
0.966587
0.966587
0.966587
0.966587
0.966587
0.966587
0.966587
0.966587
0.966587
0.966587
0.966587
0.966587
0.966587
0.966587
0.966587
0.966587
0.966587
0.966587
0.966587
0.966587
0.966587
0.966587
0.966587
0.961411
0.960000
0.960000
0.960000
0.960000
0.960000
0.960000
0.960000
0.960000
0.965646
0.975996
0.985406
0.987287
0.995756
1.006106
1.014104
1.021632
1.021632
1.021632
1.021632
1.021632
1.021632
1.021632
1.021632
1.021632
1.021632
1.021632
1.021632
1.021632
1.021632
1.021632
1.021632
1.021632
1.021632
1.021632
1.021632
1.021632
1.021632
1.021632
1.015986
1.005636
0.996226
0.994345
0.985876
0.975526
0.967528
0.960000
0.960000
0.960000
0.960000
0.960000
0.960000
0.960000
0.960000
0.960000
0.960000
0.960000
0.960000
0.960000
0.960000
0.960000
0.960000
0.960000
0.960000
0.960000
0.960000
0.960000
0.960000
0.960000
0.960000
0.960000
0.960000
0.960000
0.960000
0.960000
0.960000
0.960000
0.960000
0.960000
0.960000
0.960000
0.960000
0.960000
0.960000
0.960000
0.960000
0.960000
0.960000
0.960000
0.960000
0.960000
0.960000
0.960000
0.960000
0.960000
0.960000
0.960000
0.960000
0.960000
0.960000
0.960000
0.960000
0.960000
0.960000
0.960000
0.960000
0.960000
0.960000
0.960000
0.960000
0.960000
0.960000
0.960000
0.960000
0.960000
0.960000
0.960000
0.960000
0.960000
0.960000
0.960000
0.960000
0.960000
0.960000
0.960000
0.960000
0.960000
0.960000
0.960000
0.960000
0.960000
0.960000
0.960000
0.960000
0.960000
0.960000
0.960000
0.960000
0.960000
0.960000
0.960000
0.960000
0.960000
0.960000
0.960000
0.960000
0.960000
0.960000
0.960000
0.960000
0.960000
0.960000
0.960000
0.960000
0.960000
0.960000
0.960000
0.960000
0.960000
0.960000
0.960000
0.960000
0.960000
0.960000
0.960000
0.960000
0.960000
0.960000
0.960000
0.960000
0.960000
0.960000
0.960000
0.960000
0.960000
0.960000
0.960000
0.960000
0.960000
0.960000
0.960000
0.960000
0.960000
0.960000
0.960000
0.960000
0.960000
0.960000
0.960000
0.960000
0.960000
0.960000
0.960000
0.960000
0.960000
0.960000
0.960000
0.960000
0.960000
0.960000
0.960000
0.960000
0.960000
0.960000
0.960000
0.960000
0.960000
0.960000
0.960000
0.960000
0.960000
0.960000
0.960000
0.960000
0.960000
0.960000
0.960000
0.960000
0.960000
0.960000
0.960000
0.960000
0.960000
0.960000
0.960000
0.960000
0.960000
0.960000
0.960000
0.960000
0.960000
0.960000
0.960000
0.960000
0.960000
0.960000
0.960000
0.960000
0.960000
0.960000
0.960000
0.960000
0.960000
0.960000
0.960000
0.960000
0.960000
0.960000
0.960000
0.960000
0.960000
0.960000
0.960000
0.960000
0.960000
0.960000
0.960000
0.960000
0.960000
0.960000
0.960000
0.960000
0.960000
0.960000
0.960000
0.960000
0.960000
0.960000
0.960000
0.960000
0.960000
0.960000
0.960000
0.960000
0.960000
0.960000
0.960000
0.960000
0.960000
0.960000
0.960000
0.960000
0.960000
0.960000
0.960000
0.960000
0.960000
0.960000
0.960000
0.960000
0.960000
0.960000
0.960000
0.960000
0.960000
0.960000
0.960000
0.960000
0.960000
0.960000
0.960000
0.960000
0.960000
0.960000
0.960000
0.960000
0.960000
0.960000
0.960000
0.960000
0.960000
0.960000
0.960000
0.960000
0.960000
0.960000
0.960000
0.960000
0.960000
0.960000
0.960000
0.960000
0.960000
0.960000
0.960000
0.960000
0.960000
0.960000
0.960000
0.960000
0.960000
0.960000
0.960000
0.960000
0.960000
0.960000
0.960000
0.960000
0.960000
0.960000
0.960000
0.960000
0.960000
0.960000
0.960000
0.960000
0.960000
0.960000
0.960000
0.960000
0.960000
0.960000
0.960000
0.960000
0.960000
0.960000
0.960000
0.960000
0.960000
0.960000
0.960000
0.960000
0.960000
0.960000
0.960000
0.960000
0.960000
0.960000
0.960000
0.960000
0.960000
0.960000
0.960000
0.960000
0.960000
0.960000
0.960000
0.960000
0.960000
0.960000
0.960000
0.960000
0.960000
0.960000
0.960000
0.960000
0.960000
0.960000
0.960000
0.960000
0.960000
0.960000
0.960000
0.960000
0.960000
0.960000
0.960000
0.960000
0.960000
0.960000
0.960000
0.960000
0.960000
0.960000
0.960000
0.960000
0.960000
0.960000
0.960000
0.960000
0.960000
0.960000
0.960000
0.960000
0.960000
0.960000
0.960000
0.960000
0.960000
0.960000
0.960000
0.960000
0.960000
0.960000
0.960000
0.960000
0.960000
0.960000
0.960000
0.960000
0.960000
0.960000
0.960000
0.960000
0.960000
0.960000
0.960000
0.960000
0.960000
0.975055
0.975055
0.975055
0.985876
0.991051
0.991051
1.017398
1.028689
1.028689
1.033864
1.033864
1.033864
1.033864
1.033864
1.033864
1.033864
1.033864
1.033864
1.033864
1.033864
1.033864
1.033864
1.033864
1.033864
1.033864
1.033864
1.033864
1.033864
1.033864
1.041392
1.057388
1.083734
1.093614
1.082793
1.077618
1.077618
1.060681
1.098319
1.148660
1.186297
1.232404
1.265807
1.299211
1.332615
1.366018
1.378721
1.381544
1.406479
1.422945
1.426709
1.426709
1.426709
1.426709
1.447880
1.448351
1.453056
1.453056
1.453056
1.453056
1.445528
1.414477
1.388130
1.378250
1.378250
1.378250
1.378250
1.369782
1.334967
1.284626
1.241813
1.195707
1.162303
1.128900
1.096437
1.063034
1.050331
1.047508
1.022573
1.006106
1.002343
1.002813
1.002813
1.002813
0.981642
0.981171
0.976467
0.976467
0.976467
0.976467
0.976467
0.976467
0.976467
0.976467
0.976467
0.976467
0.976467
0.975526
0.961411
0.961411
0.961411
0.961882
0.962352
0.962352
0.961411
0.961411
0.961411
0.961411
0.961411
0.961411
0.962823
0.962352
0.962352
0.962352
0.962352
0.962352
0.962352
0.978819
0.993404
0.993404
0.993404
0.993404
0.993404
0.993404
0.994345
0.994345
1.013163
1.013163
1.013163
1.013163
1.013163
1.012693
1.012222
1.012222
1.012222
1.027278
1.027278
1.027278
1.027278
1.027278
1.025866
1.025866
1.025866
1.025866
1.025866
1.025866
1.028689
1.012222
0.997638
0.997638
0.997638
0.997638
0.997638
0.997638
0.996697
0.996697
0.977878
0.977878
0.994345
1.007518
1.015045
1.021161
1.021161
1.021161
1.021161
1.006106
1.006106
1.006106
1.006106
1.006106
1.006106
1.006106
1.006106
1.006106
1.006106
1.006106
1.003284
1.003284
1.003284
1.003284
1.003284
1.009400
1.012693
1.012693
1.012693
1.015045
1.015045
1.015045
1.022102
1.029630
1.048449
1.042333
1.047978
1.048919
1.055506
1.069620
1.076207
1.077618
1.085146
1.088910
1.092673
1.097378
1.119490
1.138309
1.147248
1.160421
1.167008
1.176418
1.178299
1.189120
1.192884
1.199941
1.203235
1.214526
1.214996
1.212644
1.213585
1.213585
1.190061
1.169831
1.143955
1.146307
1.140662
1.139721
1.133134
1.119020
1.112433
1.111022
1.103965
1.100201
1.097378
1.092673
1.070561
1.056917
1.051742
1.038569
1.031982
1.022573
1.020691
1.009870
1.006106
0.992933
0.986346
0.988699
0.988228
0.988228
0.987287
0.991051
0.991992
0.991522
0.991522
0.989169
0.989169
0.989169
0.994815
0.994815
0.994815
0.994815
1.005636
1.009400
1.008459
1.008459
1.008459
1.003284
0.999520
0.999520
0.999520
0.999520
0.999520
0.999520
0.999520
0.999520
0.999520
0.985876
0.985876
0.985876
0.985876
0.982112
0.981171
0.981171
0.980701
0.980701
0.980701
0.980701
0.975055
0.975055
0.975055
0.975055
0.963764
0.960000
0.960000
0.960000
0.960000
0.960000
0.960000
0.960000
0.960000
0.960000
0.960000
0.960000
0.960000
0.960000
0.960000
0.960000
0.960000
0.960000
0.960000
0.960000
0.960000
0.960000
0.960000
0.960000
0.960000
0.960000
0.960000
0.960000
0.960000
0.960000
0.960000
0.960000
0.960000
0.960000
0.960000
0.960000
0.960000
0.960000
0.960000
0.960000
0.960000
0.960000
0.960000
0.960000
0.960000
0.960000
0.960000
0.960000
0.960000
0.960000
0.960000
0.960000
0.960000
0.960000
0.960000
0.960000
0.960000
0.960000
0.960000
0.960000
0.960000
0.960000
0.960000
0.960000
0.960000
0.960000
0.960000
0.960000
0.960000
0.960000
0.960000
0.960000
0.960000
0.960000
0.960000
0.960000
0.960000
0.960000
0.960000
0.960000
0.960000
0.960000
0.960000
0.960000
0.960000
0.960000
0.960000
0.960000
0.960000
0.960000
0.960000
0.960000
0.960000
0.960000
0.960000
0.962823
0.965646
0.965646
0.965646
0.965646
0.965646
0.965646
0.965646
0.968469
0.968469
0.968469
0.974585
0.988699
0.991992
0.991992
0.992933
0.993404
1.007518
1.007518
1.007518
1.007518
1.007518
1.007518
1.007518
1.007518
1.007518
1.007518
1.007518
1.007518
1.007518
1.004695
1.001872
1.001872
1.001872
1.001872
1.001872
1.001872
1.001872
0.999049
0.999520
0.999520
0.993404
0.979289
0.975996
0.975996
0.975055
0.974585
0.960470
0.960470
0.960470
0.960470
0.960470
0.960470
0.960470
0.960470
0.960470
0.960470
0.960941
0.960941
0.960941
0.960941
0.960941
0.960941
0.960941
0.960941
0.960941
0.960941
0.960941
0.960941
0.960470
0.960470
0.960470
0.960470
0.960470
0.960470
0.960470
0.960470
0.960470
0.960470
0.964234
0.964234
0.964234
0.964234
0.964234
0.964234
0.964234
0.964234
0.963764
0.963764
0.963764
0.963764
0.963764
0.963764
0.963764
0.964705
0.964705
0.964705
0.964705
0.964705
0.964705
0.964705
0.964705
0.964705
0.964705
0.964705
0.964705
0.964705
0.964705
0.964705
0.960941
0.960941
0.960941
0.960941
0.960941
0.960941
0.960941
0.960941
0.960941
0.960941
0.962823
0.963764
0.963764
0.963764
0.963764
0.962823
0.977878
0.991522
0.991522
0.991522
0.991522
0.991522
0.991522
0.991522
0.991522
0.991522
0.991522
0.991522
0.991522
0.991522
0.991522
0.991522
0.991522
0.991522
0.991522
0.991522
0.991522
0.991522
0.991522
0.991522
1.004224
1.003754
1.003754
1.003754
1.003754
1.003754
0.988699
0.975055
0.975055
0.990110
1.004695
1.020221
1.023043
1.023043
1.023043
1.023043
1.023043
1.023043
1.023043
1.023043
1.023043
1.023043
1.023043
1.023043
1.023043
1.023043
1.023043
1.023043
1.023043
1.023043
1.008459
1.007988
1.007988
1.007988
1.007988
1.007988
1.007988
1.007988
1.007988
0.992933
0.978348
0.962823
0.960000
0.960000
0.960000
0.960000
0.960000
0.960000
0.960000
0.960000
0.960000
0.960000
0.960000
0.960000
0.960000
0.960000
0.960000
0.960000
0.960000
0.960000
0.960000
0.960000
0.960000
0.960000
0.975055
0.975055
0.975055
0.975055
0.975055
0.975055
0.975055
0.975055
0.975055
0.975055
0.975055
0.975055
0.975055
0.975055
0.975055
0.975055
0.975055
0.975055
0.975055
0.975055
0.975055
0.975055
0.975055
0.975055
0.975055
0.975055
0.989640
0.989640
1.004224
1.004224
0.989169
0.989169
0.989169
0.989169
0.989169
0.989169
0.989169
0.989169
0.989169
0.989169
0.989169
0.989169
0.989169
0.991522
0.991522
0.991522
0.991522
0.997167
1.001402
1.001402
1.001402
1.001402
1.001402
1.001402
1.001402
1.001402
0.986817
0.986817
0.972232
0.972232
0.972232
0.972232
0.972232
0.972232
0.972232
0.972232
0.972232
0.972232
0.972232
0.972232
0.972232
0.972232
0.972232
0.969880
0.969880
0.969880
0.969880
0.964234
0.960000
0.960000
0.960000
0.960000
0.960000
0.960000
0.960000
0.960000
0.960000
0.960000
0.960000
0.960000
0.960000
0.960000
0.960000
0.960000
0.960000
0.960000
0.962823
0.969409
1.022573
1.055036
1.079500
1.103965
1.135016
1.151012
1.164656
1.177358
1.177829
1.177829
1.177829
1.178299
1.179711
1.179711
1.181122
1.181122
1.181122
1.194766
1.194766
1.194766
1.195707
1.195707
1.195707
1.195707
1.195707
1.197118
1.197118
1.197118
1.194296
1.187709
1.134545
1.102083
1.077618
1.053154
1.022102
1.006106
0.992463
0.979760
0.980230
1.007518
1.010811
1.014575
1.013163
1.013163
1.011752
1.011752
1.011752
0.998108
0.998108
0.998108
0.997167
0.997167
1.019280
1.029630
1.034335
1.032923
1.032923
1.032923
1.032923
1.032923
1.032923
1.038099
1.038099
1.038099
1.038099
1.038099
1.038099
1.038099
1.037158
1.009870
1.006577
1.002343
1.002343
1.002343
1.002343
1.002343
1.002343
1.002343
1.002343
1.002343
1.002343
1.002343
0.980230
0.969880
0.965175
0.965175
0.965175
0.965175
0.965175
0.972232
0.977407
0.972232
0.972232
0.972232
0.972232
0.972232
0.972232
0.972232
0.972232
0.972232
0.972232
0.972232
0.972232
0.972232
0.972232
0.972232
0.972232
0.972232
0.972232
0.972232
0.972232
0.972232
0.972232
0.972232
0.981171
0.986817
0.986817
0.986817
0.986817
0.979760
0.974585
0.974585
0.974585
0.974585
0.974585
0.989640
1.004224
1.004224
1.020221
1.025866
1.025866
1.025866
1.025866
1.025866
1.025866
1.025866
1.025866
1.025866
1.025866
1.025866
1.025866
1.025866
1.025866
1.040451
1.031512
1.025866
1.025866
1.025866
1.051742
1.059740
1.059740
1.064445
1.064445
1.064445
1.064445
1.049390
1.034805
1.034805
1.018809
1.013163
1.013163
1.030571
1.030571
1.030571
1.030571
1.030571
1.030571
1.030571
1.030571
1.030571
1.030571
1.030571
1.030571
1.015986
1.015986
1.015986
1.015986
1.041862
1.035276
1.041392
1.064445
1.083264
1.107728
1.131252
1.154776
1.177829
1.217819
1.251693
1.278981
1.302504
1.306268
1.288861
1.288861
1.294036
1.294036
1.294036
1.294036
1.294036
1.294036
1.294036
1.294036
1.294036
1.294036
1.294036
1.294036
1.294036
1.294036
1.268160
1.248870
1.234756
1.211703
1.188179
1.163715
1.140191
1.116667
1.093614
1.053624
1.019750
0.992463
0.968939
0.965175
0.965175
0.965175
0.960000
0.960000
0.960000
0.960000
0.960000
0.960000
0.960000
0.960000
0.960000
0.960000
0.960000
0.973173
0.973173
0.973173
0.973173
0.973173
0.973173
0.973173
0.973173
0.973173
0.973173
0.973173
0.973173
0.973173
0.973173
0.973173
0.973173
0.973173
0.973173
0.973173
0.981171
0.989640
1.004224
1.026807
1.034335
1.038099
1.038099
1.038099
1.038099
1.038099
1.038099
1.024925
1.024925
1.024925
1.024925
1.024925
1.024925
1.024925
1.024925
1.024925
1.024925
1.024925
1.024925
1.024925
1.024925
1.024925
1.024925
1.024925
1.024925
1.024925
1.016927
1.008459
0.993874
0.971291
0.963764
0.960000
0.960000
0.960000
0.960000
0.960000
0.960000
0.960000
0.960000
0.960000
0.960000
0.960000
0.960000
0.960000
0.960000
0.960000
0.960000
0.960000
0.960000
