0.960563
0.960528
0.960497
0.960469
0.960445
0.960422
0.960536
0.960512
0.960612
0.960704
0.960901
0.961083
0.961147
0.961207
0.961262
0.961314
0.961314
0.961314
0.961314
0.961220
0.961126
0.961126
0.961220
0.961220
0.961314
0.961408
0.961408
0.961502
0.961502
0.961502
0.961502
0.961596
0.961596
0.961596
0.961596
0.961690
0.961596
0.961596
0.961596
0.961502
0.961408
0.961314
0.961314
0.961408
0.961408
0.961408
0.961502
0.961596
0.961596
0.961596
0.961596
0.961596
0.961502
0.961502
0.961502
0.961502
0.961596
0.961502
0.961502
0.961596
0.961596
0.961596
0.961690
0.961784
0.961877
0.961877
0.961971
0.962065
0.962159
0.962159
0.962159
0.962159
0.962065
0.961877
0.961784
0.961690
0.961690
0.961596
0.961596
0.961596
0.961596
0.961690
0.961690
0.961690
0.961596
0.961502
0.961408
0.961502
0.961971
0.961971
0.961971
0.961877
0.961784
0.961784
0.961690
0.961596
0.961502
0.961502
0.961314
0.961314
0.961220
0.961126
0.961126
0.961126
0.961126
0.961220
0.961126
0.961220
0.961220
0.961220
0.961220
0.961126
0.961126
0.961220
0.961220
0.961220
0.961220
0.961126
0.960563
0.960469
0.960563
0.960657
0.960751
0.960751
0.960845
0.960939
0.961033
0.961033
0.961033
0.961033
0.961033
0.961033
0.961033
0.961033
0.961033
0.960939
0.960939
0.960845
0.960845
0.960939
0.961033
0.961033
0.961033
0.960939
0.960939
0.961033
0.961033
0.961033
0.961126
0.961126
0.961033
0.960939
0.960845
0.960751
0.960657
0.960657
0.960563
0.960563
0.960563
0.960563
0.960563
0.960563
0.960657
0.960657
0.960657
0.960751
0.960845
0.960845
0.960845
0.960751
0.960751
0.960751
0.960845
0.960939
0.961033
0.960939
0.960939
0.961126
0.961126
0.961220
0.961408
0.961502
0.961596
0.961690
0.961784
0.961690
0.961784
0.961784
0.961877
0.961877
0.961877
0.961971
0.961971
0.962065
0.962065
0.961971
0.961877
0.961877
0.961877
0.961971
0.962065
0.962065
0.962065
0.962065
0.962065
0.962065
0.962159
0.961971
0.961877
0.961784
0.961596
0.961596
0.961596
0.961502
0.961408
0.961408
0.961314
0.961220
0.961220
0.961220
0.961314
0.961220
0.961220
0.961126
0.961220
0.961220
0.961220
0.961314
0.961314
0.961314
0.961220
0.961314
0.961314
0.961220
0.961126
0.961220
0.961220
0.961314
0.961314
0.961314
0.961314
0.961220
0.961126
0.961126
0.961126
0.961314
0.961314
0.961408
0.961408
0.961502
0.961596
0.961690
0.961690
0.961784
0.961877
0.961971
0.962065
0.962065
0.962159
0.962159
0.962159
0.962065
0.962065
0.962065
0.962065
0.961971
0.961971
0.961877
0.961877
0.961971
0.961971
0.962065
0.962065
0.962253
0.962347
0.962159
0.962253
0.962159
0.962065
0.962065
0.961877
0.961877
0.961784
0.961690
0.961502
0.961502
0.961408
0.961408
0.961408
0.961408
0.961314
0.972015
0.973893
0.973986
0.973986
0.973986
0.973986
0.973986
0.974080
0.973986
0.973986
0.973893
0.973893
0.973705
0.973611
0.973611
0.973611
0.973611
0.973611
0.973517
0.973517
0.973517
0.973517
0.973517
0.973517
0.973423
0.973517
0.973423
0.973423
0.973423
0.973423
0.962722
0.960751
0.960657
0.960657
0.960751
0.960657
0.960657
0.960563
0.960563
0.960563
0.960563
0.960563
0.960657
0.960751
0.960751
0.960657
0.960751
0.960845
0.960845
0.960845
0.960845
0.960939
0.961033
0.961126
0.961126
0.961033
0.961033
0.960939
0.960939
0.960939
0.960939
0.961033
0.961033
0.980745
0.989287
0.989381
0.989475
0.989662
0.989662
0.995858
0.995952
0.996045
0.997829
0.997829
0.997829
0.997923
0.998580
0.998580
0.999612
0.999612
0.999519
0.999425
0.999331
0.999331
0.999331
0.999331
0.999425
0.999425
0.999425
0.999425
0.999800
0.999800
0.999800
0.993417
1.002522
1.002522
1.005714
1.005620
1.005620
0.999519
0.999425
0.999425
0.997641
0.997735
0.997735
0.997735
1.022235
1.051334
1.079495
1.108594
1.138068
1.171767
1.172612
1.172612
1.172706
1.172800
1.172800
1.172988
1.172988
1.178338
1.207250
1.234284
1.262726
1.251086
1.233627
1.233720
1.230529
1.236349
1.268546
1.303559
1.334817
1.364385
1.393672
1.408128
1.410662
1.410662
1.385412
1.356219
1.327120
1.306093
1.284785
1.251180
1.250429
1.250335
1.250241
1.250335
1.250335
1.250147
1.250054
1.244891
1.215604
1.188570
1.160315
1.158720
1.158532
1.158438
1.158438
1.152712
1.120703
1.085784
1.078462
1.078462
1.078462
1.093012
1.101741
1.101741
1.101835
1.101929
1.101929
1.093856
1.105402
1.133469
1.134126
1.134220
1.134314
1.134220
1.134220
1.135534
1.164915
1.194108
1.223301
1.252306
1.255216
1.255310
1.255310
1.255216
1.255216
1.255029
1.270141
1.271080
1.247238
1.217669
1.188288
1.159283
1.148019
1.147925
1.147925
1.147925
1.147925
1.148019
1.128400
1.100333
1.099676
1.099676
1.099676
1.099582
1.099582
1.098362
1.069075
1.039694
1.010595
0.981590
0.978492
0.978304
0.978304
0.978398
0.978398
0.978492
0.963285
0.967509
0.997454
1.027210
1.059501
1.088037
1.088318
1.088412
1.088412
1.088412
1.088412
1.092073
1.121829
1.136660
1.136567
1.136473
1.142668
1.165290
1.169421
1.193732
1.223395
1.252963
1.282250
1.312945
1.330687
1.348428
1.365887
1.383347
1.400806
1.434317
1.468016
1.482753
1.470269
1.460788
1.455625
1.456283
1.470926
1.477872
1.478248
1.490169
1.500870
1.508192
1.484443
1.478529
1.479750
1.479750
1.475432
1.482566
1.507910
1.512885
1.512416
1.484725
1.456376
1.428873
1.411132
1.393578
1.376401
1.387946
1.388510
1.354998
1.321206
1.301212
1.283846
1.263477
1.248458
1.248927
1.263758
1.286287
1.304779
1.292858
1.290042
1.286850
1.280842
1.271925
1.278777
1.287132
1.285254
1.255592
1.226023
1.196736
1.167637
1.165854
1.164915
1.161723
1.161723
1.161629
1.161348
1.132343
1.114320
1.114320
1.114414
1.114507
1.114414
1.114507
1.115258
1.115540
1.115916
1.122111
1.128400
1.132061
1.134126
1.126429
1.126429
1.126523
1.131028
1.152055
1.153181
1.153181
1.153369
1.153369
1.153275
1.153557
1.182468
1.212225
1.254372
1.296988
1.298208
1.298114
1.298208
1.298208
1.298302
1.298302
1.313978
1.314447
1.301775
1.271737
1.241699
1.206029
1.180872
1.177212
1.167262
1.167168
1.167074
1.167074
1.154495
1.125302
1.124176
1.124176
1.124082
1.124176
1.124176
1.123894
1.094983
1.065227
1.023267
0.980651
0.979431
0.979525
0.979431
0.979431
0.979243
0.979243
0.963473
0.963004
0.962816
0.962910
0.962816
0.962816
0.962910
0.962910
0.962816
0.962816
0.962910
0.962722
0.962816
0.962816
0.988067
0.992009
1.020170
1.049551
1.078744
1.107749
1.114601
1.114601
1.114507
1.114507
1.114507
1.114507
1.138819
1.162193
1.162287
1.162568
1.162662
1.162662
1.162756
1.168763
1.197957
1.226868
1.255498
1.282438
1.282908
1.282908
1.282814
1.282908
1.283001
1.284879
1.273708
1.269860
1.241699
1.212318
1.183125
1.154120
1.147268
1.147268
1.147268
1.147268
1.147268
1.147361
1.123050
1.099770
1.099770
1.099395
1.099395
1.099395
1.109345
1.115822
1.089632
1.060815
1.032185
1.005245
1.004775
1.004775
1.006653
1.006653
1.006559
1.004588
0.990413
0.990320
0.990226
0.990038
0.990132
0.990038
0.990038
0.990038
0.990132
0.990038
0.990132
0.990038
0.990038
0.989850
0.989850
0.989850
0.989850
0.989850
0.979900
0.967322
0.964506
0.964412
0.964318
0.964318
0.964318
0.964318
0.989099
0.989756
0.994919
1.024300
1.053681
1.082686
1.111691
1.140978
1.173175
1.192324
1.192418
1.192324
1.192324
1.192418
1.192324
1.192324
1.195704
1.207062
1.218889
1.219452
1.219734
1.220485
1.220485
1.231468
1.260379
1.289291
1.318202
1.346926
1.375837
1.404467
1.383253
1.382690
1.377433
1.348052
1.318859
1.289760
1.274084
1.247988
1.215698
1.196642
1.196642
1.196642
1.196455
1.196455
1.196455
1.196361
1.192982
1.181717
1.169890
1.169327
1.169045
1.168294
1.168294
1.157312
1.148394
1.126617
1.123988
1.124927
1.125584
1.126523
1.129902
1.129808
1.129996
1.129996
1.129996
1.130090
1.139101
1.161911
1.162005
1.162005
1.162005
1.162193
1.162287
1.166135
1.195985
1.225929
1.255592
1.282063
1.282157
1.282157
1.282250
1.282250
1.282250
1.285817
1.278496
1.271362
1.245172
1.215510
1.186129
1.156561
1.147831
1.147831
1.147643
1.147643
1.147549
1.147455
1.125115
1.099301
1.099113
1.099207
1.099113
1.099019
1.099019
1.095171
1.065320
1.035376
1.005620
0.982153
0.992103
0.998768
0.998674
1.001114
1.001208
0.997547
0.984781
0.984781
0.984687
0.984687
0.984594
0.984594
0.984687
0.984687
0.984781
0.984781
0.984781
0.984875
0.984875
0.984781
0.984969
0.984875
0.984875
0.984781
0.984781
0.984781
0.992854
0.997360
0.997547
0.994637
0.984500
0.977929
0.977929
0.975488
0.975488
0.975582
0.975582
0.975676
0.975582
0.975582
0.975488
0.975488
0.975301
0.975301
0.975301
0.975301
0.975301
0.975301
0.975394
0.975394
0.975207
0.975207
0.975207
0.975207
0.975301
0.975301
0.967134
0.962722
0.962722
0.962628
0.962628
0.962628
0.962534
0.962534
0.962534
0.962534
0.962534
0.962441
0.962534
0.962534
0.962534
0.962534
0.962628
0.962628
0.962628
0.962628
0.962722
0.962722
0.962816
0.962910
0.963004
0.963004
0.963004
0.963098
0.963098
0.963098
0.965163
0.966665
0.971452
0.973329
0.973329
0.973235
0.973329
0.978774
0.983279
0.983843
0.983843
0.983749
0.983655
0.983561
0.983655
0.983655
0.983561
0.983655
0.983655
0.983655
0.983655
0.983655
0.983655
0.984406
0.984500
0.984500
0.986189
0.992854
0.993980
0.993980
0.992009
0.990507
0.985626
0.983749
0.983843
0.983936
0.983936
0.978586
0.973893
0.973329
0.973329
0.973423
0.990226
1.008530
1.026647
1.044669
1.062692
1.080621
1.098456
1.103337
1.103243
1.103149
1.103056
1.102211
1.102117
1.102117
1.100427
1.093763
1.092542
1.092542
1.092542
1.092542
1.092636
1.092636
1.092636
1.092448
1.092448
1.092448
1.092448
1.092448
1.092448
1.092448
1.075740
1.057435
1.039413
1.021390
1.003555
0.991352
0.975958
0.971076
0.971076
0.971170
0.971076
0.971170
0.976990
0.980839
0.980839
0.980839
0.980839
0.980839
0.980745
0.980745
0.980651
0.980745
0.980651
0.980745
0.980745
0.980651
0.980745
0.980745
0.980745
0.980745
0.982435
0.982435
0.982341
0.982341
0.982247
0.976427
0.973986
0.973986
0.973986
0.973986
0.974080
0.973986
0.968260
0.964318
0.964412
0.964412
0.964412
0.964506
0.964693
0.964693
0.964600
0.964506
0.964600
0.964600
0.971264
0.995013
0.996703
0.996703
0.996796
0.996796
0.995107
0.995201
1.006840
1.046922
1.087098
1.127274
1.167543
1.207156
1.208939
1.208939
1.208939
1.208845
1.208751
1.208845
1.208751
1.208751
1.208751
1.208658
1.208564
1.208564
1.208564
1.208470
1.208470
1.208845
1.202181
1.178338
1.176648
1.177399
1.206780
1.237100
1.270235
1.312570
1.336506
1.327307
1.318578
1.284316
1.244140
1.204527
1.202744
1.203870
1.213633
1.235598
1.237194
1.260191
1.264697
1.264697
1.264697
1.264697
1.264603
1.264603
1.264603
1.264697
1.264603
1.264228
1.264228
1.264322
1.264322
1.263477
1.234002
1.203683
1.170547
1.128306
1.092730
1.061847
1.030401
1.024394
1.024206
1.024206
1.024300
1.023080
1.013411
0.991540
0.990038
0.967040
0.962628
0.962628
0.962534
0.962534
0.963098
0.963849
0.963849
0.963849
0.963849
0.963849
0.963849
0.963755
0.963755
0.963755
0.964036
0.973893
0.983936
0.985157
0.985157
0.985157
0.997641
0.997735
1.009187
1.025708
1.042323
1.059125
1.075740
1.092355
1.109063
1.125866
1.142574
1.159377
1.176179
1.192888
1.201336
1.200585
1.210910
1.229778
1.237194
1.238789
1.238695
1.238789
1.238789
1.243013
1.243577
1.233627
1.223489
1.222175
1.222175
1.222268
1.209784
1.209878
1.198614
1.182187
1.165572
1.148769
1.132061
1.115446
1.098644
1.081935
1.065039
1.048330
1.031622
1.014913
1.005996
1.006089
0.995858
0.976990
0.969668
0.968167
0.968167
0.968260
0.968167
0.963942
0.963098
0.963192
0.963285
0.963192
0.963285
0.963192
0.963192
0.963004
0.963004
0.962910
0.962722
0.962816
0.962910
0.962910
0.962910
0.962816
0.962910
0.962722
0.962628
0.962628
0.962628
0.962441
0.962534
0.962441
0.963755
0.966571
0.991634
0.995576
0.995576
0.995670
0.995576
0.995576
0.995576
0.995670
0.995576
0.995670
0.995858
0.996139
0.996139
0.996327
0.996609
0.996515
0.996421
0.996421
0.996327
0.996327
0.996421
0.996515
0.996515
0.996515
0.996421
0.996515
0.996421
0.996515
0.995201
0.992197
0.967228
0.963098
0.963192
0.963098
0.963192
0.963285
0.963285
0.963285
0.963379
0.963379
0.963192
0.962910
0.962816
0.962534
0.962253
0.962347
0.962347
0.962253
0.962347
0.962347
0.962253
0.962253
0.962253
0.962253
0.962347
0.962347
0.962347
0.962347
0.962347
0.962441
0.962347
0.962441
0.962347
0.962441
0.962441
0.962441
0.962347
0.962347
0.962253
0.962065
0.962065
0.962065
0.961971
0.962065
0.962065
0.962065
0.961971
0.961971
0.961877
0.961784
0.961784
0.961690
0.961784
0.961784
0.961784
0.961784
0.961784
0.961784
0.961690
0.961690
0.961784
0.961877
0.961971
0.961877
0.961784
0.961596
0.961596
0.961596
0.961502
0.961596
0.961502
0.961502
0.961502
0.961502
0.961502
0.961408
0.961596
0.961596
0.961596
0.961596
0.961502
0.961502
0.961502
0.961408
0.961408
0.961408
0.961314
0.961220
0.961220
0.961220
0.961126
0.960939
0.960939
0.960939
0.960939
0.961033
0.961033
0.960939
0.960939
0.960939
0.960939
0.960939
0.961033
0.960939
0.960939
0.960939
0.960751
0.960751
0.960751
0.960845
0.960845
0.960845
0.960751
0.960751
0.960751
0.960657
0.960751
0.960751
0.960751
0.960751
0.960845
0.960939
0.960939
0.960939
0.961126
0.961126
0.961220
0.961314
0.961408
0.961408
0.961408
0.961502
0.961502
0.961596
0.961690
0.961690
0.961784
0.961784
0.961784
0.961690
0.961784
0.961877
0.961877
0.961877
0.961784
0.961784
0.961784
0.961784
0.961877
0.961784
0.961784
0.961784
0.961877
0.961877
0.961784
0.961784
0.961784
0.961690
0.961596
0.961502
0.961596
0.961502
0.961408
0.961408
0.961314
0.961314
0.961220
0.961314
0.961314
0.961314
0.961408
0.961408
0.961502
0.961596
0.961596
0.961690
0.961596
0.961596
0.961502
0.961596
0.961502
0.961502
0.961314
0.961314
0.961220
0.961126
0.961126
0.961126
0.961126
0.961126
0.961033
0.961033
0.961033
0.961033
0.961126
0.961220
0.961408
0.961408
0.961408
0.961502
0.961408
0.961502
0.961502
0.961502
0.961596
0.961596
0.961690
0.961784
0.961877
0.961784
0.961784
0.961784
0.961784
0.961877
0.961971
0.961971
0.961971
0.961971
0.961971
0.962065
0.962065
0.962159
0.962159
0.962065
0.961971
0.961877
0.961784
0.961690
0.961690
0.961596
0.961596
0.961408
0.961314
0.961408
0.961314
0.961314
0.961314
0.961220
0.961220
0.961220
0.961220
0.961220
0.961220
0.961126
0.961033
0.961126
0.961033
0.961033
0.961033
0.960939
0.961033
0.961033
0.961126
0.961220
0.961314
0.961408
0.961408
0.961408
0.961408
0.961502
0.961408
0.961502
0.961502
0.961314
0.961314
0.961314
0.961220
0.961220
0.961126
0.961220
0.961220
0.961126
0.961126
0.961126
0.961126
0.961033
0.961126
0.961126
0.961126
0.961220
0.961126
0.961033
0.960939
0.960845
0.960751
0.960751
0.960657
0.960657
0.960657
0.960563
0.960563
0.960563
0.960563
0.960563
0.960563
0.960469
0.964975
0.972485
0.972485
0.972391
0.972391
0.972391
0.972391
0.972391
0.972391
0.972485
0.972391
0.972391
0.972391
0.972391
0.972485
0.972578
0.972766
0.972766
0.972766
0.972672
0.972766
0.972860
0.972860
0.972954
0.972954
0.972860
0.972954
0.972954
0.973048
0.973142
0.968636
0.961220
0.961314
0.961314
0.961408
0.961502
0.961596
0.961690
0.961784
0.961784
0.961784
0.961877
0.961971
0.961971
0.961971
0.961971
0.961877
0.961971
0.962065
0.962159
0.962159
0.962065
0.962065
0.961971
0.962065
0.964224
0.964130
0.978117
0.978680
0.978680
0.988442
1.009281
1.026834
1.044388
1.061753
1.079025
1.096391
1.113663
1.130934
1.132530
1.132906
1.133187
1.133093
1.133000
1.132906
1.132812
1.132812
1.132718
1.132624
1.132624
1.132530
1.132530
1.132624
1.132624
1.132530
1.130371
1.130465
1.116573
1.118168
1.127086
1.117417
1.103337
1.085784
1.068324
1.050865
1.033593
1.016133
0.998768
0.981402
0.979806
0.979431
0.979149
0.979149
0.979149
0.979149
0.979149
0.979149
0.979149
0.979243
0.979149
0.979337
0.979337
0.979243
0.979337
0.979431
0.979525
0.979525
0.979431
0.977178
0.968260
0.968260
0.961408
0.961502
0.966008
0.969105
0.969105
0.973423
0.973517
0.973611
0.973611
0.974925
0.980182
0.980276
0.980276
0.985720
0.989287
1.000457
1.009187
1.014631
1.014725
1.014631
1.014725
1.014819
1.014725
1.014631
1.014631
1.014631
1.014631
1.014819
1.014819
1.014819
1.014913
1.014913
1.010407
1.007404
1.007404
1.003086
1.002992
1.003086
1.003086
1.001865
0.996515
0.996515
0.996703
0.991352
0.987973
0.976802
0.968167
0.962722
0.962722
0.962722
0.962628
0.962628
0.962722
0.962816
0.962910
0.962910
0.963004
0.962910
0.963004
0.963004
0.963004
0.962910
0.962910
0.963004
0.963004
0.963192
0.963285
0.963192
0.963098
0.963192
0.963285
0.963285
0.963192
0.963192
0.963004
0.963098
0.963098
0.963192
0.963192
0.963192
0.963379
0.963285
0.963379
0.963473
0.963379
0.963379
0.963285
0.963192
0.963098
0.963098
0.963192
0.963192
0.963192
0.963098
0.963192
0.963098
0.963098
0.963098
0.963192
0.963192
0.965163
0.965257
0.965257
0.965351
0.965444
0.974268
0.996045
1.013130
1.025896
1.025990
1.025802
1.025896
1.025708
1.025614
1.025520
1.025520
1.025614
1.025708
1.025614
1.025614
1.025520
1.025520
1.025520
1.025520
1.025426
1.025426
1.025426
1.025520
1.025426
1.025426
1.023455
1.023455
1.023455
1.023455
1.023455
1.014631
0.992854
0.975676
0.963004
0.963004
0.963004
0.963098
0.963192
0.963192
0.963379
0.963379
0.963379
0.963379
0.963567
0.963567
0.963661
0.963661
0.963755
0.963661
0.963661
0.963567
0.963567
0.963473
0.963567
0.963473
0.963473
0.963379
0.963379
0.963285
0.963379
0.963285
0.963285
0.963379
0.963285
0.963192
0.963285
0.963285
0.963285
0.963285
0.963192
0.963192
0.963192
0.963192
0.963098
0.963098
0.963004
0.963004
0.963004
0.963098
0.963192
0.963192
0.963192
0.963285
0.963285
0.963285
0.963379
0.963379
0.963379
0.963473
0.963473
0.963567
0.964130
0.964036
0.967040
0.967040
0.967416
0.967416
0.967416
0.967509
0.967603
0.967603
0.967697
0.967697
0.967697
0.967979
0.971358
0.980745
0.980745
0.980839
0.980651
0.980839
0.980839
0.980839
0.980745
0.980745
0.980651
0.980745
0.980745
0.980745
0.980651
0.980557
0.980088
0.980088
0.977178
0.977178
0.976896
0.976802
0.976802
0.976802
0.976709
0.976709
0.976615
0.976615
0.976615
0.976427
0.973048
0.963661
0.963567
0.963473
0.963567
0.963567
0.963567
0.963567
0.963661
0.963661
0.963661
0.963567
0.963567
0.963473
0.963473
0.963473
0.963379
0.963379
0.963473
0.963473
0.963473
0.966946
0.994919
0.994825
0.994919
0.994919
0.995388
0.997547
0.998017
0.997923
0.998017
0.998017
0.998111
0.998204
0.998204
0.998204
0.998204
0.998111
0.998111
0.998204
0.998298
0.998298
0.998580
0.998486
1.001302
1.002710
1.002804
1.002804
1.002616
1.002616
1.002522
0.999143
0.971170
0.971170
0.971076
0.971076
0.970607
0.968542
0.968073
0.968073
0.968073
0.967979
0.967979
0.967885
0.967979
0.967885
0.967885
0.967979
0.968073
0.967979
0.967979
0.968073
0.967885
0.968073
0.965351
0.963942
0.963942
0.964130
0.964130
0.964130
0.964318
0.964224
0.964318
0.964318
0.964412
0.964412
0.964412
0.964318
0.964224
0.964224
0.964224
0.964224
0.964224
0.964318
0.964318
0.964412
0.964506
0.966946
0.974550
0.974643
0.974643
0.974456
0.974456
0.974362
0.974268
0.974268
0.974174
0.974080
0.974080
0.974174
0.973986
0.973986
0.973986
0.973986
0.973893
0.973986
0.973986
0.973986
0.974080
0.974080
0.974080
0.974268
0.974268
0.974174
0.974174
0.974080
0.973986
0.971452
0.963849
0.963849
0.963755
0.963849
0.963755
0.963849
0.963849
0.963849
0.963942
0.963849
0.963849
0.963755
0.963755
0.963849
0.963755
0.963849
0.963849
0.963755
0.963661
0.963755
0.963755
0.963755
0.963755
0.963755
0.963661
0.963567
0.963567
0.963567
0.963661
0.963661
0.963567
0.963473
0.963567
0.963567
0.963567
0.963473
0.963567
0.963567
0.963473
0.963473
0.963473
0.963473
0.963567
0.963473
0.963473
0.963473
0.963473
0.963567
0.963661
0.963567
0.963661
0.963661
0.963661
0.963567
0.963661
0.963755
0.963755
0.963755
0.963755
0.963755
0.963849
0.963849
0.963755
0.963849
0.963849
0.963942
0.963849
0.963849
0.963755
0.963849
0.963849
0.963849
0.963755
0.963661
0.963661
0.963661
0.963661
0.963567
0.963661
0.963755
0.963661
0.963661
0.963567
0.963567
0.963567
0.963567
0.963473
0.963473
0.963473
0.963567
0.963473
0.963473
0.963473
0.963473
0.963473
0.963379
0.963379
0.963473
0.963661
0.963567
0.963661
0.963567
0.963661
0.963755
0.963849
0.963849
0.963849
0.963755
0.963661
0.963567
0.963567
0.963661
0.963661
0.963661
0.963473
0.963567
0.963567
0.963567
0.963473
0.963567
0.963567
0.963567
0.963567
0.963473
0.963567
0.963567
0.963567
0.963567
0.963473
0.963473
0.963473
0.963567
0.963473
0.963567
0.963473
0.963379
0.963473
0.963661
0.963661
0.963755
0.963755
0.963755
0.963755
0.963849
0.963942
0.963849
0.963849
0.963942
0.963942
0.963661
0.963661
0.963661
0.963755
0.963755
0.963661
0.963661
0.963661
0.963567
0.963661
0.963661
0.963661
0.963661
0.963661
0.963567
0.963661
0.963755
0.963661
0.963567
0.963567
0.963473
0.963567
0.963473
0.963473
0.963379
0.963379
0.963379
0.963379
0.963285
0.963379
0.963379
0.963473
0.963379
0.963379
0.963473
0.963473
0.963473
0.963473
0.963661
0.963567
0.963567
0.963473
0.963473
0.963473
0.963567
0.963473
0.963379
0.963379
0.963379
0.963379
0.963379
0.963285
0.963285
0.963285
0.963285
0.963379
0.963285
0.963379
0.963379
0.963285
0.963473
0.963379
0.963473
0.963379
0.963379
0.963379
0.963473
0.963379
0.963285
0.963285
0.963379
0.963379
0.963379
0.963473
0.963379
0.963285
0.963285
0.963285
0.963285
0.963285
0.964412
0.964412
0.964412
0.964412
0.965538
0.967134
0.967134
0.967134
0.967040
0.967134
0.967040
0.967134
0.967134
0.967134
0.967040
0.967040
0.966946
0.967134
0.967134
0.967134
0.967040
0.967134
0.967134
0.967040
0.967040
0.967134
0.967134
0.967134
0.967228
0.967134
0.966008
0.966008
0.966101
0.966101
0.964975
0.963285
0.963379
0.963285
0.963379
0.963285
0.963379
0.963285
0.963285
0.963285
0.963285
0.963379
0.963379
0.963379
0.963285
0.963285
0.963285
0.963192
0.963285
0.963285
0.963192
0.963192
0.963192
0.963192
0.963098
0.963285
0.963285
0.963192
0.963098
0.963567
0.963942
0.964036
0.964036
0.964036
0.963942
0.964036
0.963942
0.964224
0.974831
0.974831
0.976052
0.997923
1.012097
1.013036
1.022892
1.041196
1.068324
1.079495
1.093105
1.107749
1.109720
1.109626
1.109626
1.109626
1.124833
1.142105
1.143044
1.143137
1.143137
1.170078
1.169702
1.169608
1.169702
1.169608
1.169702
1.169514
1.169608
1.169233
1.158720
1.158720
1.157405
1.135346
1.121172
1.120140
1.110283
1.091979
1.064851
1.053681
1.039976
1.025332
1.023361
1.023455
1.023361
1.023361
1.008061
0.990789
0.989756
0.989756
0.989756
0.962347
0.962253
0.988724
0.989662
0.989756
0.989756
0.989850
0.989756
0.989756
0.989662
0.989662
0.989756
0.989850
0.989756
1.008530
1.016133
1.016227
1.016790
1.016884
1.016790
1.016790
1.016884
1.021672
1.029463
1.029369
1.029463
1.029369
1.029463
1.029369
1.029369
1.029369
1.029463
1.002898
1.001959
1.001865
1.001865
1.001865
1.001865
1.001865
1.001865
1.001865
1.001865
1.001865
1.001959
0.983092
0.975582
0.975488
0.974831
0.974737
0.974925
0.974925
0.974925
0.970138
0.962441
0.962441
0.978961
0.987691
0.987785
0.987973
0.987973
0.994731
1.007685
1.020639
1.033499
1.040633
1.048424
1.061378
1.063819
1.063912
1.063819
1.064945
1.064851
1.067010
1.079213
1.091510
1.103431
1.108124
1.108124
1.109345
1.112818
1.112818
1.112818
1.113193
1.113193
1.115916
1.111785
1.106153
1.110471
1.117605
1.118638
1.111785
1.098738
1.085878
1.072924
1.065884
1.058093
1.045139
1.042604
1.042604
1.042604
1.041478
1.041478
1.039319
1.027210
1.015007
1.002992
1.024394
1.025896
1.024675
1.021202
1.021578
1.031716
1.031434
1.031528
1.034532
1.036221
1.037254
1.045796
1.039600
1.038568
1.045984
1.052367
1.062692
1.071797
1.080433
1.081466
1.088412
1.093199
1.093105
1.095922
1.095922
1.095922
1.095922
1.095828
1.095734
1.095734
1.069544
1.068136
1.068043
1.067949
1.067573
1.057435
1.057435
1.057342
1.053024
1.038850
1.034625
1.021765
1.024488
1.035095
1.029087
1.022798
1.012472
1.010407
1.012942
1.012097
1.012003
1.007216
1.007310
1.004588
1.004494
1.004588
1.004588
1.004588
1.004588
1.004588
1.004681
1.004681
1.004775
1.004775
1.016790
1.016884
1.016790
1.016697
1.015382
1.015476
1.015570
1.015476
1.011628
1.000927
0.999612
0.999519
0.999425
0.992291
0.981120
0.980839
0.973986
0.974174
0.974080
0.974080
0.974080
0.974080
0.987410
1.005151
1.011064
1.011346
1.011346
1.011440
1.011440
1.011440
0.999425
0.999331
0.999237
0.999237
0.999237
0.999237
0.999143
0.999143
0.999237
0.999237
1.002335
1.002335
1.002335
1.002429
1.002429
1.002522
1.002522
1.002429
1.002429
1.002429
1.002522
1.002429
0.989193
0.971358
0.965538
0.965257
0.965257
0.965069
0.965069
0.964975
0.964975
0.964881
0.964975
0.965069
0.964975
0.964975
0.964975
0.964975
0.964881
0.964975
0.961784
0.961877
0.961877
0.961877
0.961877
0.964036
0.964036
0.963942
0.964036
0.963942
0.963942
0.963942
0.964787
0.974550
0.990413
0.994731
0.994731
0.994731
0.994637
0.994731
0.996515
0.996609
0.996609
0.996515
0.996609
0.996609
0.996703
0.996609
0.996703
0.996609
0.996609
0.996609
0.996703
0.996609
0.996703
0.994637
0.994825
0.994919
0.995013
0.995201
0.995201
0.995295
0.994262
0.984594
0.968730
0.990883
0.993605
0.993605
0.993699
0.993605
0.991728
0.991728
0.991728
0.991728
0.991634
0.991540
0.991446
0.991540
0.991540
0.991634
0.991728
0.991634
0.991728
0.991821
0.991634
0.991540
0.991352
0.991258
0.991164
0.990977
0.990977
0.990883
0.990977
0.990977
0.990977
0.964412
0.961784
0.961877
0.961784
0.961877
0.961971
0.961971
0.974268
0.974362
0.974362
0.974550
0.974550
0.974456
0.974456
0.974362
0.974362
0.974362
0.974362
0.974268
0.974268
0.974268
0.974268
0.974268
0.974268
0.974268
0.974174
0.974268
0.974174
0.974174
0.974080
0.974080
0.973986
0.973893
0.973986
0.973893
0.973799
0.973705
0.961502
0.961408
0.961502
0.961408
0.961408
0.961502
0.961502
0.961502
0.961408
0.961408
0.961220
0.961314
0.961314
0.961220
0.961126
0.961126
0.961033
0.961033
0.961033
0.960939
0.960939
0.960845
0.960939
0.961033
0.961033
0.961033
0.961033
0.961033
0.961033
0.961126
0.960939
0.960939
0.960845
0.967697
0.973329
0.973329
0.973235
0.973329
0.973329
0.973329
0.973329
0.973235
0.973235
0.973235
0.973235
0.973235
0.973235
0.973329
0.973329
0.973329
0.973329
0.973423
0.973329
0.973235
0.973142
0.973142
0.973048
0.973048
0.973142
0.973048
0.973048
0.973048
0.973048
0.966195
0.960563
0.960469
0.960563
0.960469
0.960469
0.960469
0.960469
0.960563
0.960563
0.960563
0.960657
0.960751
0.960751
0.960657
0.960657
0.960657
0.960657
0.960657
0.960657
0.960657
0.960657
0.960657
0.960751
0.960751
0.960751
0.960751
0.960751
0.960751
0.960845
0.960751
0.960845
0.960939
0.960939
0.960939
0.960939
0.960939
0.960939
0.960845
0.960845
0.960845
0.960751
0.960751
0.960845
0.960845
0.960845
0.960845
0.960845
0.960845
0.960845
0.960845
0.960845
0.960845
0.960845
0.960845
0.960751
0.960751
0.960751
0.960751
0.960751
0.960751
0.960657
0.960563
0.960469
0.960469
0.960563
0.960563
0.960563
0.960563
0.960563
0.960563
0.960563
0.960563
0.960469
0.960469
0.960469
0.960469
0.960563
0.960469
0.960469
0.960563
0.960657
0.960657
0.960563
0.960657
0.960657
0.960657
0.960657
0.960751
0.960657
0.960751
0.960751
0.960751
0.960751
0.960845
0.960845
0.960845
0.960845
0.960845
0.960845
0.960845
0.960939
0.960845
0.960845
0.960845
0.960845
0.960845
0.960751
0.960845
0.960845
0.960751
0.960657
0.960657
0.960751
0.960657
0.960751
0.960845
0.960845
0.960751
0.960845
0.960845
0.960845
0.960845
0.960939
0.960845
0.960845
0.960845
0.960939
0.960939
0.960939
0.961033
0.961033
0.961033
0.961033
0.961126
0.961220
0.961220
0.961220
0.961126
0.961126
0.961126
0.961220
0.961220
0.961220
0.961220
0.961220
0.961126
0.961220
0.961220
0.961220
0.961126
0.961220
0.961220
0.961126
0.961126
0.961126
0.961220
0.961126
0.961126
0.961126
0.961126
0.961126
0.961126
0.961126
0.961033
0.961033
0.961033
0.961033
0.961126
0.961126
0.961126
0.961033
0.961033
0.961033
0.961033
0.960939
0.960939
0.960845
0.960845
0.960751
0.960845
0.960845
0.960939
0.960939
0.960939
0.960939
0.960939
0.961033
0.961126
0.961220
0.961220
0.961220
0.961314
0.961408
0.961408
0.961314
0.961314
0.961408
0.961314
0.961314
0.961314
0.961314
0.961314
0.961314
0.961408
0.961408
0.961408
0.961408
0.961502
0.961596
0.961596
0.961596
0.961596
0.961596
0.961596
0.961502
0.961408
0.961408
0.961314
0.961220
0.961126
0.961033
0.961033
0.960939
0.961033
0.961126
0.961126
0.961126
0.961314
0.961314
0.961408
0.961408
0.961408
0.961408
0.961314
0.961408
0.961502
0.961502
0.961408
0.961314
0.961314
0.961314
0.961220
0.961220
0.961220
0.961220
0.961220
0.961126
0.961220
0.961220
0.961220
0.961220
0.961126
0.961126
0.961126
0.961126
0.961126
0.961033
0.960845
0.960939
0.960845
0.960845
0.960845
0.960751
0.960845
0.960845
0.965069
0.987879
1.010126
1.027773
1.045139
1.045984
1.045984
1.045984
1.045984
1.048330
1.058374
1.058468
1.066541
1.066541
1.066541
1.066541
1.066635
1.066635
1.066635
1.066541
1.066635
1.066635
1.068981
1.074332
1.074426
1.074520
1.074520
1.074613
1.074613
1.074613
1.070389
1.047579
1.025332
1.007685
0.990226
0.989381
0.989381
0.989381
0.989381
0.987128
0.977084
0.976990
0.978304
0.982810
0.982810
0.982904
0.982810
0.982810
0.983749
0.983749
0.983749
0.983749
0.981496
0.976052
0.976052
0.975958
0.975958
0.975864
0.995764
1.003837
1.003837
1.003837
1.003837
1.003930
1.003930
1.003837
1.003930
1.004024
1.004024
1.004024
1.004118
1.004118
0.994731
0.990320
0.990413
0.990413
0.990413
0.990413
0.989381
0.989475
0.989475
0.989475
0.989381
0.989475
0.989475
0.989569
0.989662
0.989662
0.969668
0.961596
0.961502
0.961596
0.961784
0.961690
0.961784
0.961784
0.968354
0.989287
0.989287
0.989287
0.989287
0.989287
0.989287
0.989287
0.989287
0.989287
0.989287
0.989287
0.989381
0.989287
0.989287
0.989287
0.989381
0.989381
0.989287
0.989193
0.989193
0.989193
0.989287
0.989193
0.989287
0.989193
0.989099
0.989193
0.989099
0.989099
0.982528
0.961502
0.961502
0.961502
0.961502
0.961596
0.961502
0.961408
0.961314
0.961314
0.961314
0.961408
0.961314
0.961408
0.961314
0.961408
0.961408
0.961408
0.961408
0.961596
0.961502
0.961596
0.961690
0.961690
0.961690
0.961784
0.961877
0.961784
0.961877
0.961877
0.961877
0.961877
0.961971
0.961877
0.961877
0.961877
0.961877
0.961971
0.962065
0.962065
0.962159
0.962065
0.962159
0.962159
0.962347
0.962347
0.962253
0.962253
0.962347
0.962253
0.962441
0.964036
0.971921
0.985908
1.002522
1.019137
1.035470
1.052179
1.068700
1.085314
1.093856
1.093856
1.102680
1.106529
1.106529
1.106529
1.106623
1.106623
1.106529
1.106529
1.106529
1.106529
1.106529
1.106529
1.106435
1.106341
1.106529
1.106529
1.106810
1.106810
1.106716
1.105121
1.097048
1.083343
1.070295
1.053775
1.038474
1.021765
1.005245
0.988724
0.980182
0.980369
0.971546
0.967791
0.967885
0.967885
0.967885
0.967885
0.967979
0.967979
0.967885
0.968073
0.967979
0.967979
0.967979
0.967979
0.967885
0.967885
0.967603
0.967697
0.967697
0.967697
0.967885
0.967697
0.964130
0.964036
0.962816
0.962910
0.962910
0.962910
0.962816
0.962628
0.962628
0.962722
0.962628
0.962628
0.962628
0.962534
0.962628
0.962628
0.962722
0.962628
0.962722
0.962722
0.962816
0.962910
0.962910
0.962910
0.962816
0.962722
0.962722
0.962628
0.962628
0.962628
0.962534
0.962534
0.962534
0.962534
0.962534
0.962534
0.962628
0.977460
0.991728
0.991634
0.991634
0.991634
0.991728
0.995388
0.995295
0.995295
0.995295
0.995295
0.995388
0.995388
0.995295
0.995201
0.995201
0.995201
0.995201
0.995201
0.995201
0.995295
0.995201
0.995107
0.995201
0.995295
0.995388
0.995295
0.995388
0.995388
0.995388
0.980651
0.966477
0.966477
0.966571
0.966571
0.968448
0.967134
0.967228
0.968824
0.968918
0.968824
0.968730
0.968730
0.968730
0.968918
0.968918
0.969011
0.969011
0.969011
0.969105
0.969105
0.969105
0.969199
0.969293
0.969762
0.969762
0.969950
0.969856
0.969856
0.969950
0.969950
0.969950
0.970044
0.969950
0.969950
0.967979
0.965820
0.965726
0.964224
0.964130
0.964224
0.964318
0.964318
0.964318
0.964318
0.964318
0.964224
0.964318
0.964412
0.964412
0.964412
0.964412
0.964412
0.964412
0.963942
0.963849
0.963849
0.963849
0.963942
0.963849
0.963942
0.963942
0.963755
0.963755
0.963849
0.963849
0.963755
0.963755
0.963661
0.963755
0.963755
0.963661
0.963755
0.963755
0.963755
0.963661
0.963755
0.963755
0.963661
0.963567
0.963661
0.963661
0.963661
0.963567
0.963473
0.963661
0.963567
0.963567
0.963473
0.963473
0.963473
0.963379
0.963473
0.963567
0.963567
0.963567
0.963661
0.963661
0.963661
0.963567
0.963661
0.963661
0.963661
0.963755
0.963755
0.963942
0.963942
0.963942
0.963942
0.963942
0.964036
0.964036
0.964036
0.964036
0.964036
0.963942
0.963942
0.963849
0.963942
0.963942
0.963942
0.963942
0.963942
0.963942
0.963755
0.963849
0.963661
0.963755
0.963849
0.963849
0.963755
0.963849
0.963755
0.963661
0.963567
0.963473
0.963379
0.963473
0.963473
0.963567
0.963379
0.963473
0.963473
0.963567
0.963567
0.963567
0.963567
0.963755
0.963661
0.963661
0.963567
0.963567
0.963567
0.963567
0.963661
0.963567
0.963661
0.963567
0.963473
0.963473
0.963473
0.963379
0.963473
0.963473
0.963473
0.963473
0.963567
0.963473
0.963379
0.963285
0.963285
0.963285
0.963379
0.963285
0.963379
0.963473
0.963473
0.963379
0.963473
0.963473
0.963567
0.963661
0.963755
0.963755
0.963755
0.963755
0.963849
0.963942
0.963942
0.964036
0.964130
0.964036
0.963942
0.963849
0.963942
0.963942
0.963942
0.963942
0.964036
0.964036
0.964130
0.964036
0.964036
0.964036
0.964036
0.963942
0.963849
0.963849
0.963755
0.963755
0.963755
0.963661
0.963567
0.963473
0.963473
0.963567
0.963567
0.963473
0.963473
0.963473
0.963473
0.963661
0.963661
0.963849
0.963755
0.963942
0.963849
0.963942
0.963942
0.964036
0.963942
0.964036
0.964036
0.964036
0.963942
0.964036
0.964224
0.964224
0.964224
0.964318
0.964130
0.964224
0.964318
0.964224
0.964412
0.964224
0.964130
0.964130
0.964224
0.964224
0.964224
0.964130
0.964224
0.964036
0.964130
0.964036
0.963942
0.963849
0.963849
0.963755
0.963849
0.963755
0.963661
0.963661
0.963661
0.963567
0.963473
0.963567
0.963661
0.963567
0.963661
0.963567
0.963473
0.963661
0.963473
0.963473
0.963567
0.963567
0.963473
0.963473
0.963473
0.963473
0.963379
0.963473
0.963567
0.963473
0.963567
0.963473
0.963473
0.963473
0.963379
0.963379
0.963473
0.963473
0.963379
0.963379
0.963473
0.963285
0.963192
0.963192
0.963098
0.963004
0.963098
0.963004
0.963004
0.963098
0.963004
0.963004
0.963004
0.962910
0.962816
0.962816
0.962816
0.962722
0.962441
0.962347
0.962347
0.962534
0.962534
0.962534
0.962628
0.962534
0.962534
0.962534
0.962628
0.962722
0.962628
0.962816
0.962910
0.962910
0.963004
0.963098
0.963004
0.962910
0.962910
0.962910
0.962910
0.962910
0.962910
0.962910
0.963004
0.963004
0.962910
0.963004
0.963004
0.963098
0.963098
0.963098
0.963098
0.963098
0.963098
0.963192
0.963098
0.963098
0.963098
0.963004
0.963004
0.962910
0.962816
0.962910
0.962910
0.962910
0.963004
0.963098
0.963192
0.963192
0.963192
0.963192
0.963192
0.963285
0.963098
0.963192
0.966571
0.966665
0.972109
0.972109
0.973423
0.973329
0.973423
0.973423
0.973329
0.973329
0.973329
0.973329
0.973329
0.973329
0.973329
0.973329
0.973329
0.973235
0.973235
0.973235
0.973048
0.973048
0.972954
0.972954
0.972954
0.972954
0.972954
0.972954
0.973048
0.973048
0.969762
0.969668
0.964318
0.964318
0.963098
0.963004
0.962910
0.962910
0.962910
0.963004
0.963004
0.963004
0.963004
0.963098
0.963098
0.963098
0.963098
0.963098
0.963004
0.963004
0.963098
0.963004
0.963098
0.963098
0.963192
0.963192
0.963285
0.989475
0.989569
0.989475
0.989569
0.989569
0.989569
0.989569
0.993323
1.028618
1.028618
1.028618
1.028618
1.028524
1.028524
1.028524
1.028524
1.028430
1.028430
1.028336
1.028336
1.028336
1.028430
1.028430
1.028430
1.028524
1.028430
1.028524
1.028336
1.028336
1.028149
1.001865
1.001771
1.001771
1.001678
1.001584
1.001584
1.001490
0.997641
0.962441
0.962441
0.962441
0.962441
0.962441
0.962441
0.962534
0.962441
0.962441
0.962441
0.962441
0.962441
0.962441
0.962347
0.962347
0.962253
0.962253
0.962253
0.962065
0.962159
0.970607
0.984030
0.997360
1.010595
1.023737
1.026177
1.026271
1.026177
1.026271
1.033030
1.034344
1.034250
1.034250
1.034156
1.038286
1.046171
1.046077
1.046077
1.046077
1.045984
1.046077
1.045984
1.045984
1.045984
1.045984
1.046171
1.046077
1.046077
1.046171
1.046171
1.037817
1.024488
1.011252
0.997923
0.984781
0.982341
0.982341
0.982435
0.982435
0.975676
0.974362
0.974456
0.974550
0.974643
0.970419
0.962534
0.962534
0.962534
0.962534
0.962722
0.962722
0.962722
0.962722
0.962816
0.962816
0.962722
0.962722
0.962816
0.962722
0.962722
0.962534
0.962534
0.962441
0.962534
0.962441
0.962441
0.962534
0.962628
0.962628
0.962722
0.962722
0.962816
0.962722
0.962722
0.962816
0.962816
0.962816
0.962910
0.963004
0.964506
0.964600
0.965163
0.966008
0.966008
0.966008
0.966008
0.967697
0.981214
0.984218
0.984969
0.986189
0.986189
0.994731
1.003367
1.010313
1.010313
1.010220
1.010126
1.010220
1.010126
1.010220
1.010126
1.028899
1.042792
1.045984
1.055934
1.055934
1.055840
1.077242
1.100709
1.125959
1.151022
1.175804
1.201524
1.231280
1.257751
1.282720
1.297833
1.321863
1.348146
1.374054
1.401182
1.419768
1.438823
1.459099
1.486227
1.536822
1.564419
1.591735
1.619238
1.646648
1.674245
1.682975
1.696680
1.720992
1.738639
1.766049
1.793646
1.801719
1.804441
1.806787
1.809040
1.811105
1.812889
1.810636
1.811856
1.812983
1.811856
1.812420
1.812983
1.803408
1.776186
1.749058
1.721367
1.694239
1.667111
1.616610
1.589106
1.561697
1.534100
1.506596
1.478999
1.451495
1.423898
1.396394
1.368797
1.341388
1.313790
1.284128
1.256437
1.228652
1.200866
1.173081
1.145578
1.118074
1.090289
1.062598
1.034907
1.007404
0.979806
0.962347
0.963285
0.966008
0.966008
0.965914
0.965914
0.965820
0.992103
0.992572
0.992572
0.992478
0.992478
0.993042
0.994168
0.994731
0.995107
0.995388
0.995388
0.995482
1.007779
1.008061
1.022423
1.030871
1.031903
1.031903
1.034907
1.042229
1.047579
1.049269
1.049269
1.049175
1.048518
1.051428
1.055840
1.055934
1.055934
1.055840
1.029463
1.028899
1.028993
1.029087
1.028993
1.028430
1.027210
1.026647
1.026177
1.025896
1.025896
1.025896
1.013505
1.013223
0.998862
0.990413
0.989287
0.989287
0.986377
0.978961
0.973705
0.972015
0.971921
0.972015
0.971827
0.966101
0.961690
0.961596
0.961596
0.961690
0.961596
0.961690
0.961596
0.961596
0.961596
0.961596
0.961690
0.961596
0.961596
0.961502
0.961596
0.961596
0.961502
0.964693
0.966008
0.973235
0.976333
0.976239
0.976239
0.976333
0.976239
0.976145
0.976239
0.976145
0.976052
0.976145
0.976052
0.976052
0.976052
0.976052
0.976052
0.975958
0.976052
0.979055
0.985063
0.989569
0.989569
0.989569
0.989662
0.989756
0.989662
0.989662
0.989850
0.989193
0.992478
0.989850
0.986846
0.986940
0.986846
0.986940
0.986940
0.987034
0.986940
0.986940
0.986940
0.986940
0.986940
0.986940
0.986846
0.986753
0.986753
0.986846
0.986753
0.983749
0.977741
0.973235
0.973142
0.973235
0.973329
0.973235
0.973235
0.973235
0.973142
0.970701
0.966101
0.961502
0.962722
0.965538
0.965726
0.965538
0.965538
0.965538
0.965538
0.965632
0.965632
0.965538
0.979525
0.991164
0.991258
0.991258
0.991258
0.991164
0.991258
0.991164
0.991164
0.991164
0.991164
0.991070
0.990977
0.990977
0.990977
0.990977
0.990883
0.990789
0.990695
0.990789
0.989475
0.986659
0.986471
0.986471
0.986565
0.986565
0.986565
0.986565
0.986565
0.986659
0.972672
0.961126
0.961033
0.961126
0.961126
0.961126
0.961033
0.961033
0.961033
0.960939
0.960939
0.960939
0.960845
0.960845
0.960939
0.960845
0.960845
0.960939
0.961033
0.960939
0.961033
0.960939
0.960939
0.960939
0.960845
0.960845
0.960845
0.960751
0.960751
0.960657
0.960657
0.960563
0.960563
0.960563
0.960563
0.960563
0.960657
0.960657
0.960751
0.960845
0.960845
0.960939
0.960939
0.960939
0.960939
0.960939
0.961033
0.960939
0.960845
0.960845
0.960751
0.960845
0.960845
0.960939
0.960939
0.960845
0.960845
0.960939
0.960939
0.960939
0.960939
0.961033
0.961033
0.960939
0.960939
0.961033
0.960939
0.960939
0.960939
0.960845
0.972297
0.973423
0.973517
0.973517
0.973423
0.973423
0.973329
0.973423
0.973423
0.973423
0.973423
0.973329
0.973329
0.973329
0.973329
0.973329
0.973423
0.973329
0.973517
0.973517
0.973611
0.973517
0.973517
0.973611
0.973611
0.973611
0.973705
0.973799
0.973705
0.973799
0.962347
0.961220
0.961220
0.961314
0.961314
0.961408
0.961502
0.961502
0.961596
0.961690
0.961784
0.961877
0.961877
0.961784
0.961784
0.961877
0.961784
0.961784
0.961690
0.961690
0.961690
0.961690
0.961690
0.961690
0.961784
0.961690
0.961690
0.961596
0.961596
0.961596
0.961690
0.961690
0.961596
0.961596
0.961596
0.961596
0.961596
0.961502
0.961408
0.961408
0.961314
0.961314
0.961314
0.961408
0.961408
0.961408
0.961502
0.961596
0.961502
0.961596
0.961502
0.961502
0.961502
0.961408
0.961314
0.961314
0.961314
0.961408
0.961408
0.961314
0.961220
0.961126
0.961220
0.961126
0.961126
0.961126
0.961033
0.961033
0.961126
0.961126
0.961126
0.961033
0.961033
0.960939
0.960939
0.960845
0.960845
0.960751
0.960751
0.960751
0.960751
0.960751
0.960845
0.960845
0.960845
0.960939
0.960845
0.960751
0.960751
0.960751
0.960845
0.960845
0.960751
0.960845
0.960845
0.960751
0.960751
0.960751
0.960751
0.960657
0.960657
0.960657
0.960751
0.960751
0.960751
0.960845
0.960751
0.960751
0.960751
0.960751
0.960751
0.960751
0.960657
0.960657
0.960751
0.960657
0.960751
0.960751
0.960751
0.960751
0.960657
0.960751
0.960751
0.960657
0.960657
0.960657
0.960657
0.960751
0.960657
0.960657
0.960657
0.960657
0.960657
0.960657
0.960657
0.960657
0.960657
0.960657
0.960751
0.960657
0.960751
0.960751
0.960751
0.960751
0.960751
0.960751
0.960657
0.960657
0.960751
0.960751
0.960845
0.960751
0.960751
0.960751
0.960845
0.960845
0.960845
0.960751
0.960845
0.960845
0.960939
0.960939
0.960939
0.960939
0.961033
0.960939
0.961033
0.961033
0.960939
0.961033
0.960939
0.960939
0.961033
0.961033
0.960939
0.960939
0.961033
0.961033
0.960939
0.960939
0.960845
0.960939
0.960939
0.961033
0.963567
0.980557
0.997829
1.015007
1.032091
1.049269
1.066353
1.083531
1.100615
1.117793
1.133844
1.133938
1.133844
1.133844
1.133938
1.133844
1.133844
1.140040
1.157405
1.161817
1.161817
1.161817
1.161817
1.161817
1.161817
1.161817
1.161817
1.161817
1.161817
1.161723
1.159189
1.142199
1.126898
1.109814
1.092636
1.075552
1.058374
1.041290
1.024206
1.007122
0.990977
0.990977
0.990977
0.991070
0.990977
0.990977
0.990977
0.984875
0.967509
0.963192
0.963192
0.963285
0.963285
0.963285
0.963379
0.963379
0.963379
0.963285
0.963379
0.964600
0.964506
0.964506
0.962534
0.966665
0.966759
0.966665
0.966665
0.966571
0.966477
0.966383
0.966477
0.966477
0.966571
0.984500
0.991540
0.991634
0.992197
0.992197
0.992103
0.992009
0.992009
0.991915
0.991915
0.991915
0.991915
0.991915
0.992103
0.992103
0.992197
0.991070
0.991070
0.991164
0.991258
0.987128
0.987034
0.987034
0.987034
0.987128
0.987222
0.987222
0.987128
0.987034
0.987034
0.969105
0.962065
0.962065
0.961502
0.961502
0.961596
0.961596
0.961690
0.961690
0.961596
0.961690
0.961596
0.961690
0.961596
0.961690
0.961596
0.961502
0.961596
0.961502
0.961502
0.961408
0.961502
0.961596
0.961596
0.961596
0.961596
0.961596
0.961690
0.961690
0.961596
0.961596
0.961690
0.961690
0.961784
0.961690
0.961596
0.961690
0.961596
0.961690
0.961690
0.961690
0.961690
0.961690
0.961596
0.961596
0.961596
0.961596
0.961596
0.961690
0.961596
0.961690
0.961596
0.961596
0.961690
0.961690
0.961690
0.961784
0.961690
0.961784
0.961877
0.961877
0.961877
0.961877
0.961784
0.961877
0.961971
0.961971
0.961971
0.961971
0.962065
0.962065
0.962065
0.962065
0.962159
0.962065
0.962065
0.962159
0.962159
0.962065
0.962159
0.962159
0.962253
0.962253
0.962159
0.962347
0.963755
0.963755
0.963942
0.963942
0.964036
0.971546
0.991634
1.008530
1.025426
1.042229
1.058937
1.075646
1.082780
1.082686
1.082592
1.082592
1.082968
1.085690
1.085596
1.085690
1.085690
1.085690
1.085690
1.085784
1.085784
1.085784
1.091604
1.111504
1.111598
1.111410
1.109908
1.109908
1.109814
1.109814
1.114226
1.109157
1.089069
1.072173
1.055370
1.038662
1.021859
1.005245
1.001678
1.001771
1.001865
1.001865
1.001584
0.998862
0.999049
0.999049
0.998955
0.998955
0.998955
0.999049
0.999049
0.999049
0.993229
0.973329
0.973517
0.973517
0.973517
0.973611
0.974268
0.976145
0.972766
0.972860
0.973799
0.998486
0.998486
0.998392
0.998580
0.998580
0.995013
0.995107
0.995107
0.995107
0.995201
0.995201
0.995107
0.995201
0.995295
0.995295
0.995388
0.995295
0.995295
0.995388
0.995388
0.995482
0.995295
0.995295
0.995388
0.995295
0.994731
0.992854
0.991634
0.989099
0.988067
0.963379
0.963473
0.963567
0.963379
0.963285
0.963379
0.963285
0.963379
0.963285
0.963192
0.963098
0.963098
0.963004
0.963004
0.963004
0.962910
0.963004
0.962910
0.962816
0.962816
0.962628
0.962722
0.962722
0.962722
0.962722
0.962628
0.962628
0.962816
0.962816
0.962910
0.962910
0.962816
0.962722
0.962816
0.962910
0.962816
0.962816
0.962816
0.962910
0.962910
0.963004
0.963098
0.963098
0.963192
0.963192
0.963192
0.963098
0.963192
0.963192
0.963192
0.963285
0.963192
0.963285
0.963192
0.963192
0.963285
0.963285
0.963192
0.963192
0.963192
0.963192
0.963192
0.963192
0.963098
0.963004
0.963192
0.963192
0.963098
0.963192
0.963192
0.963285
0.963192
0.963285
0.963192
0.963285
0.963285
0.963285
0.963379
0.963379
0.963285
0.963379
0.963379
0.963285
0.963473
0.963473
0.963379
0.963379
0.963379
0.963473
0.963379
0.963379
0.963379
0.963285
0.963379
0.963379
0.963285
0.963285
0.963285
0.963285
0.963192
0.963098
0.963098
0.963004
0.963004
0.962910
0.962910
0.963004
0.963004
0.963004
0.963098
0.963004
0.963004
0.963004
0.963004
0.963004
0.963004
0.963004
0.963098
0.963192
0.963661
0.963567
0.963567
0.963661
0.963567
0.963661
0.963567
0.963661
0.963661
0.963661
0.963755
0.963755
0.963942
0.963849
0.963755
0.963755
0.963755
0.963755
0.963661
0.963661
0.963661
0.963661
0.963661
0.963661
0.963473
0.963473
0.963473
0.963567
0.963473
0.963285
0.963004
0.963098
0.963098
0.963192
0.963285
0.963192
0.963379
0.963285
0.963285
0.963192
0.963192
0.963285
0.963004
0.963192
0.963285
0.963285
0.963285
0.963285
0.963379
0.963379
0.963473
0.963473
0.963567
0.963567
0.963567
0.963567
0.963567
0.963567
0.963567
0.963661
0.963567
0.963567
0.963567
0.963473
0.963567
0.963661
0.963567
0.963661
0.963661
0.963755
0.963849
0.963849
0.964036
0.963942
0.963942
0.963942
0.964036
0.963942
0.963849
0.963942
0.963755
0.963849
0.963755
0.963755
0.963849
0.963849
0.963942
0.963849
0.963849
0.963755
0.963755
0.963755
0.963755
0.963755
0.963661
0.963567
0.963567
0.963473
0.963567
0.963473
0.963379
0.963379
0.963285
0.963285
0.963285
0.963285
0.963192
0.963192
0.963285
0.963192
0.963192
0.963192
0.963098
0.963004
0.963098
0.963098
0.963004
0.963004
0.963098
0.963098
0.963192
0.963192
0.963285
0.963285
0.963285
0.963285
0.963192
0.963192
0.963098
0.963192
0.963098
0.963004
0.963004
0.963192
0.963192
0.963285
0.963192
0.963285
0.963192
0.963285
0.963379
0.963379
0.963379
0.963567
0.963473
0.963473
0.963473
0.963473
0.963473
0.963379
0.963192
0.963285
0.963192
0.963192
0.963192
0.963285
0.963379
0.963379
0.963379
0.963379
0.963473
0.963567
0.963567
0.963473
0.963473
0.963473
0.963567
0.963473
0.963567
0.963473
0.963567
0.963379
0.963567
0.963379
0.963379
0.963473
0.963379
0.963473
0.963379
0.963567
0.963661
0.963567
0.963567
0.963567
0.963567
0.963567
0.963567
0.963567
0.963567
0.963473
0.963567
0.963473
0.963473
0.963285
0.963285
0.963192
0.963285
0.963379
0.963285
0.963285
0.963192
0.963285
0.963192
0.963285
0.963285
0.963192
0.963285
0.963192
0.963192
0.963098
0.963098
0.963192
0.963098
0.963004
0.963004
0.963004
0.963004
0.963004
0.963004
0.963098
0.962910
0.962910
0.963004
0.963098
0.963098
0.963192
0.963098
0.963004
0.963004
0.963004
0.963004
0.988911
0.989099
0.994637
0.995013
1.007497
1.016790
1.016884
1.016790
1.016790
1.016790
1.016697
1.017917
1.017917
1.017917
1.017823
1.017823
1.017823
1.017823
1.017635
1.017729
1.017729
1.017635
1.017635
1.017635
1.017541
1.017541
1.017448
1.017448
1.017448
1.017448
0.991540
0.991352
0.985814
0.985438
0.972860
0.963567
0.963567
0.963661
0.963661
0.963661
0.963661
0.962534
0.962628
0.962628
0.962628
0.962628
0.968918
0.976427
0.976521
0.976521
0.976521
0.976521
0.976521
0.976427
0.976521
0.976427
0.976615
0.976521
0.976615
0.976615
0.976615
0.976615
0.976615
0.976521
0.976521
0.976521
0.976333
0.976333
0.976333
0.976333
0.976239
0.976239
0.976239
0.978586
0.978586
0.978586
0.972391
0.964787
0.964787
0.964881
0.964787
0.964881
0.964787
0.964881
0.964787
0.964881
0.964787
0.964881
0.964693
0.964787
0.964693
0.964693
0.964693
0.964787
0.964881
0.964975
0.964975
0.965069
0.965069
0.965069
0.968636
0.974737
0.974737
0.972391
0.972391
0.972485
0.972297
0.972391
0.972391
0.972297
0.972391
0.972297
0.972391
0.972391
0.972485
0.972391
0.972391
0.972485
0.972485
0.972391
0.972578
0.972578
0.972578
0.972578
0.972672
0.972578
0.972578
0.972485
0.972485
0.976333
0.972860
0.966759
0.966759
0.966759
0.966759
0.966571
0.966665
0.966759
0.966759
0.966852
0.966852
0.966852
0.966946
0.966946
0.966852
0.966946
0.966946
0.966852
0.966852
0.966852
0.966852
0.966852
0.966852
0.966852
0.966665
0.966665
0.966759
0.966852
0.966852
0.963004
0.963004
0.963004
0.963004
0.963004
0.962910
0.963004
0.963004
0.962910
0.962910
0.962816
0.962816
0.962816
0.962722
0.962722
0.962816
0.963004
0.963098
0.963285
0.963473
0.963661
0.963567
0.963567
0.965632
0.965632
0.967416
0.968167
0.979994
0.979900
0.983561
0.983655
0.985438
0.985532
0.985626
0.985626
0.985720
0.985814
0.986002
0.986095
0.986283
0.986377
0.986471
0.986377
0.986283
0.986283
0.986189
0.985908
0.985814
0.985626
0.985438
0.985251
0.985251
0.985157
0.983092
0.983092
0.981402
0.980745
0.968918
0.968824
0.965163
0.965163
0.963379
0.963285
0.963098
0.963098
0.963098
0.963004
0.962816
0.962722
0.962534
0.962441
0.962347
0.963285
0.963379
0.969575
0.971827
0.972578
0.983936
0.983936
0.984030
0.983936
0.983936
0.984124
0.984124
0.984124
0.984124
0.984030
0.984030
0.984218
0.984312
0.984312
0.984406
0.984500
0.984500
0.984406
0.985157
0.986471
0.986471
0.986565
0.986659
0.986753
0.986940
0.986189
0.986189
0.979994
0.977741
0.977084
0.965726
0.965726
0.965726
0.965820
0.965820
0.965726
0.965820
0.965726
0.965820
0.965726
0.965632
0.965632
0.965444
0.965444
0.965351
0.965257
0.966477
0.966477
0.972954
0.981777
0.993323
0.998674
1.004963
1.031340
1.040633
1.042886
1.043731
1.045890
1.045984
1.049551
1.049551
1.065696
1.077242
1.089257
1.089163
1.089163
1.088975
1.089069
1.088881
1.088881
1.088881
1.088788
1.088788
1.088694
1.088694
1.088694
1.087473
1.087567
1.080339
1.070202
1.058562
1.053118
1.046828
1.020264
1.010783
1.008342
1.007591
1.005432
1.005338
1.001678
1.001678
0.985438
0.973893
0.961877
0.961877
0.961877
0.969105
0.988254
0.988348
0.988442
0.988442
0.988348
0.988348
0.988348
0.988348
0.988348
0.988536
0.988442
0.988442
0.988348
0.988442
0.988442
0.988254
0.988348
0.988348
0.988348
0.988254
0.988254
0.988254
0.988254
0.988254
0.988254
0.988161
0.988067
0.988161
0.988161
0.981027
0.961877
0.961784
0.961690
0.961690
0.961877
0.961877
0.961877
0.961877
0.961877
0.974456
0.974550
0.974550
0.974643
0.974550
0.974550
0.974550
0.974550
0.974456
0.974550
0.974550
0.974456
0.974362
0.974456
0.974362
0.974456
0.974456
0.974456
0.974456
0.974456
0.974456
0.974362
0.974456
0.974550
0.974643
0.974456
0.974550
0.974643
0.974643
0.974550
0.961784
0.961784
0.961784
0.961690
0.961690
0.961596
0.961596
0.961502
0.961596
0.961502
0.961502
0.961596
0.961690
0.961596
0.961596
0.961502
0.961596
0.961690
0.961596
0.961596
0.961502
0.961596
0.961596
0.961596
0.961596
0.961784
0.961784
0.961596
0.961596
0.961596
0.961690
0.961784
0.961690
0.961690
0.961690
0.961784
0.961877
0.961877
0.961877
0.961971
0.961877
0.961971
0.961877
0.961971
0.962159
0.962347
0.962441
0.962534
0.962722
0.962722
0.970138
0.975301
0.975207
0.975207
0.975207
0.987597
1.020451
1.024863
1.024863
1.024863
1.025426
1.025426
1.025426
1.053399
1.053493
1.053399
1.053305
1.053305
1.053211
1.053118
1.053399
1.053305
1.053305
1.053211
1.053024
1.052836
1.052742
1.052648
1.052460
1.052367
1.044951
1.039694
1.039694
1.039694
1.039600
1.027022
0.994074
0.989662
0.989569
0.989662
0.989005
0.988818
0.988818
0.960939
0.960845
0.960845
0.960939
0.960939
0.960939
0.960939
0.960751
0.960657
0.960657
0.960657
0.960751
0.960751
0.960657
0.960563
0.960657
0.960657
0.960751
0.960751
0.960751
0.960657
0.960751
0.963098
0.973048
0.973048
0.973048
0.972954
0.972954
0.972954
0.972954
0.972860
0.972860
0.972860
0.972860
0.972860
0.972954
0.972954
0.972860
0.972860
0.972860
0.972860
0.972860
0.972860
0.972860
0.973048
0.973048
0.973048
0.973048
0.973048
0.973048
0.973142
0.973048
0.970701
0.960751
0.960751
0.960751
0.960751
0.960845
0.960845
0.960939
0.961033
0.961033
0.961033
0.961033
0.961033
0.960939
0.961033
0.961126
0.961126
0.961220
0.961220
0.961126
0.961314
0.961408
0.961314
0.961220
0.961314
0.961220
0.961220
0.961220
0.961220
0.961220
0.961220
0.961314
0.961314
0.961314
0.961314
0.961220
0.961220
0.961126
0.961033
0.961126
0.961126
0.961126
0.961220
0.961220
0.961220
0.961126
0.961126
0.961033
0.961033
0.961126
0.961033
0.960939
0.960939
0.960939
0.960939
0.960939
0.961033
0.961033
0.960939
0.960939
0.960939
0.960939
0.960939
0.960939
0.960939
0.960939
0.961033
0.961033
0.961033
0.961033
0.961033
0.961033
0.960939
0.961033
0.961033
0.961126
0.961126
0.961126
0.961220
0.961126
0.961033
0.961126
0.961033
0.961033
0.960939
0.961033
0.960939
0.961033
0.961033
0.961033
0.961126
0.961033
0.961033
0.961033
0.961033
0.961033
0.961033
0.961126
0.961220
0.961126
0.961220
0.961126
0.961220
0.961126
0.961033
0.960939
0.960939
0.961033
0.960939
0.960939
0.960939
0.960845
0.960845
0.960939
0.960939
0.960939
0.961033
0.960939
0.961033
0.961126
0.961126
0.961220
0.961220
0.961314
0.961408
0.961502
0.961502
0.961408
0.961408
0.961408
0.961408
0.961408
0.961314
0.961314
0.961314
0.961408
0.961408
0.961314
0.961314
0.961408
0.961408
0.961408
0.961408
0.961314
0.961408
0.961314
0.961314
0.961314
0.961220
0.961220
0.961126
0.961033
0.961033
0.960939
0.960845
0.960845
0.960751
0.960751
0.960657
0.960657
0.960563
0.960563
0.960563
0.960657
0.960751
0.960657
0.960657
0.960657
0.960657
0.960657
0.960657
0.960657
0.960657
0.960751
0.960657
0.960751
0.960657
0.960657
0.960751
0.960657
0.960657
0.960751
0.960845
0.960845
0.960845
0.960845
0.960845
0.960845
0.960845
0.960845
0.960845
0.960939
0.960939
0.960845
0.960751
0.960751
0.966665
0.973142
0.973142
0.973048
0.973048
0.973048
0.973048
0.972954
0.972954
0.972954
0.973048
0.973142
0.973048
0.973235
0.973235
0.973142
0.973142
0.973142
0.973235
0.973235
0.973235
0.973235
0.973235
0.973235
0.973329
0.973235
0.973329
0.973329
0.973423
0.973423
0.967603
0.961126
0.961126
0.961126
0.961126
0.961126
0.961126
0.961126
0.961220
0.961126
0.961033
0.960939
0.961033
0.960845
0.960939
0.960939
0.960845
0.960845
0.960845
0.960751
0.960751
0.960751
0.960751
0.960845
0.960751
0.960751
0.960751
0.960751
0.960751
0.960751
0.960751
0.960751
0.960751
0.960751
0.960751
0.960845
0.960845
0.960845
0.960751
0.960845
0.960845
0.960939
0.960845
0.960939
0.960845
0.960845
0.960845
0.960939
0.960845
0.960845
0.960845
0.960845
0.960845
0.960845
0.967040
0.988630
0.990507
0.990601
0.990507
0.990601
0.990601
0.990601
0.990601
0.990695
0.990695
0.990695
0.990695
0.990695
0.990695
0.990601
0.990695
0.990601
0.990601
0.990507
0.990507
0.990601
0.990601
0.990601
0.990601
0.990601
0.990695
0.990695
0.990695
0.990601
0.984500
0.963004
0.961033
0.960939
0.960939
0.960939
0.960939
0.960939
0.961033
0.960939
0.961033
0.960939
0.960939
0.961033
0.961033
0.961126
0.961126
0.961126
0.961220
0.961220
0.961408
0.961408
0.961408
0.961408
0.961502
0.961596
0.961502
0.961596
0.961690
0.961690
0.961596
0.961690
0.961690
0.961784
0.961784
0.961877
0.961877
0.961877
0.961784
0.961877
0.961877
0.961877
0.961971
0.961877
0.961877
0.961877
0.961877
0.961971
0.961877
0.961877
0.961784
0.961784
0.961877
0.961971
0.961971
0.961877
0.961971
0.961971
0.961877
0.961971
0.962065
0.961971
0.961971
0.961971
0.962065
0.961971
0.962816
0.974737
0.974737
0.974737
0.974737
0.974737
0.974737
0.974831
0.974925
0.974831
0.974831
0.974831
0.974925
0.975019
0.974925
0.974925
0.974831
0.974737
0.974737
0.974831
0.974831
0.974737
0.974831
0.974737
0.974737
0.974737
0.974737
0.974737
0.974737
0.974737
0.973986
0.962159
0.962253
0.962253
0.962159
0.962253
0.962253
0.962253
0.962159
0.962159
0.962065
0.962065
0.962065
0.962065
0.962253
0.962253
0.962347
0.962441
0.962441
0.962441
0.962441
0.962534
0.962534
0.962628
0.962722
0.962722
0.962816
0.962816
0.962816
0.962816
0.962722
0.962722
0.962816
0.962816
0.962816
0.962910
0.962910
0.962910
0.962910
0.963098
0.963098
0.963098
0.963098
0.963098
0.963004
0.963004
0.963098
0.963004
0.962910
0.963004
0.962910
0.962910
0.962910
0.962910
0.962910
0.987691
0.988818
0.988818
0.988911
0.988911
0.988911
0.989005
0.988911
0.988818
0.988911
0.988724
0.988724
0.988724
0.988724
0.992103
0.993323
0.993323
0.993323
0.993323
0.993229
0.993229
0.993136
0.993042
0.993229
0.993042
0.993136
0.993136
0.993136
0.993136
0.993042
0.968260
0.967134
0.967134
0.966946
0.967040
0.967040
0.966946
0.966946
0.967134
0.967134
0.967134
0.967134
0.977272
0.981777
0.978210
0.977084
0.977084
0.977084
0.977178
0.977272
0.977272
0.977272
0.977460
0.977366
0.997454
1.003649
1.003649
1.003743
1.003743
1.003743
1.003743
1.003837
1.003837
1.003930
1.003837
1.003930
1.003930
1.003837
1.003837
1.003837
1.004024
1.004024
0.993887
0.989381
0.989475
0.989475
0.989475
0.989475
0.989475
0.989475
0.989569
0.989569
0.989475
0.989569
0.969575
0.963473
0.963473
0.963379
0.963379
0.963285
0.963379
0.963285
0.963285
0.963285
0.963285
0.963192
0.965726
0.965820
0.966571
0.986002
1.010407
1.027961
1.048142
1.065696
1.083062
1.100427
1.117793
1.135159
1.152336
1.169608
1.173926
1.173926
1.173926
1.174114
1.177681
1.179183
1.179089
1.178995
1.178995
1.179089
1.178995
1.178995
1.178901
1.178901
1.178901
1.178807
1.176179
1.176085
1.175240
1.156091
1.131592
1.113944
1.093763
1.078180
1.060815
1.043449
1.027491
1.010032
0.992666
0.975394
0.971076
0.970983
0.970983
0.970701
0.967228
0.965632
0.965726
0.965820
0.965820
0.965914
0.965914
0.965820
0.965820
0.965820
0.965820
0.966008
0.966101
0.966195
0.966195
0.965914
0.965914
0.966008
0.966008
0.964224
0.964224
0.964130
0.962816
0.962910
0.963098
0.963098
0.963098
0.963285
0.963192
0.963192
0.963098
0.963098
0.963098
0.964975
0.970795
0.970701
0.970795
0.970889
0.970889
0.970983
0.970889
0.970889
0.970889
0.971076
0.971076
0.971076
0.971264
0.971170
0.971264
0.971170
0.971264
0.971358
0.971264
0.971358
0.971170
0.971264
0.971170
0.971076
0.971076
0.971076
0.971358
0.971827
0.973235
0.971358
0.965538
0.965538
0.965444
0.965538
0.965632
0.965444
0.965538
0.965444
0.965444
0.965257
0.965257
0.965257
0.965163
0.965163
0.965069
0.965163
0.965069
0.965069
0.964975
0.964975
0.965069
0.964975
0.964975
0.965069
0.965163
0.965163
0.964787
0.964318
0.962910
0.963004
0.963004
0.963004
0.963098
0.963004
0.963004
0.963192
0.963192
0.963192
0.963285
0.963285
0.963285
0.963285
0.963192
0.963285
0.963285
0.963192
0.963192
0.963285
0.963473
0.963379
0.963379
0.963379
0.963473
0.963379
0.963473
0.963473
0.963567
0.963661
0.963661
0.963661
0.963755
0.963755
0.963755
0.963755
0.963755
0.963661
0.963661
0.963755
0.963661
0.963661
0.963567
0.963567
0.963661
0.963661
0.963661
0.963661
0.963661
0.963661
0.963567
0.963567
0.963567
0.963661
0.963567
0.963567
0.963473
0.963473
0.963567
0.963473
0.963473
0.963379
0.963285
0.963285
0.963192
0.963285
0.963285
0.963285
0.963285
0.963192
0.963285
0.963192
0.963379
0.963285
0.963192
0.963192
0.963192
0.963192
0.963192
0.963098
0.963098
0.963098
0.963192
0.963004
0.963098
0.963098
0.963098
0.963192
0.963098
0.963098
0.963098
0.963098
0.963098
0.963098
0.963192
0.963098
0.963098
0.963098
0.963098
0.963192
0.963098
0.963192
0.973329
0.974831
0.974831
0.974831
0.974831
0.984406
0.990038
1.004494
1.007497
1.019231
1.019137
1.019137
1.019043
1.019043
1.019043
1.018949
1.018856
1.018856
1.018856
1.021578
1.047110
1.047204
1.047110
1.047110
1.047204
1.047298
1.050489
1.050395
1.050489
1.050489
1.040258
1.038850
1.038850
1.038756
1.038756
1.029181
1.023549
1.008999
1.005996
0.994262
0.994262
0.994356
0.994450
0.994450
0.994450
0.994356
0.994450
0.994544
0.994637
0.991915
0.966289
0.966195
0.966195
0.966101
0.966008
0.965914
0.962628
0.962628
0.962534
0.963755
0.963661
0.963755
0.963755
0.963755
0.963849
0.963849
0.963849
0.963942
0.980651
0.993229
0.993136
0.993229
0.993042
0.993042
0.993042
0.993136
0.993136
0.992948
0.992854
0.992854
0.992948
0.992948
0.992948
0.993042
0.993042
0.992948
0.993042
0.993042
0.993042
0.991821
0.991915
0.991915
0.991915
0.992009
0.991915
0.991821
0.991915
0.991821
0.975113
0.962534
0.964318
0.964224
0.964318
0.964318
0.964412
0.964412
0.964506
0.964600
0.964600
0.964600
0.964693
0.964693
0.964600
0.964600
0.964600
0.964787
0.964693
0.964787
0.964693
0.964693
0.964693
0.964600
0.964600
0.964600
0.964600
0.964693
0.964600
0.964693
0.964600
0.967228
0.967322
0.974643
0.974643
0.974737
0.974737
0.974831
0.984781
1.003649
1.004963
1.004963
1.004775
1.007967
1.008155
1.008155
1.008155
1.008061
1.008061
1.008530
1.024769
1.041384
1.057905
1.074520
1.091040
1.107655
1.124270
1.130371
1.131685
1.141635
1.144827
1.142199
1.140415
1.133093
1.133093
1.133000
1.132812
1.132718
1.122674
1.103806
1.102398
1.102398
1.104276
1.110471
1.116760
1.116760
1.116666
1.116666
1.116760
1.116103
1.099958
1.083343
1.066728
1.050020
1.033593
1.016978
1.000363
0.994262
0.992854
0.982904
0.979806
0.979806
0.979806
0.979806
0.979712
0.979806
0.979900
0.979994
0.979994
0.979900
0.980088
0.979994
0.978304
0.968918
0.962534
0.962441
0.966665
0.976239
0.976239
0.976333
0.976333
0.976427
0.976709
0.977741
0.977647
0.977553
0.977460
0.977553
0.977647
0.977741
0.977741
0.977835
0.977929
0.977835
0.982435
0.995764
1.009093
1.022235
1.035658
1.048893
1.049363
1.054244
1.064194
1.076960
1.079495
1.079588
1.077993
1.068324
1.068230
1.068230
1.068136
1.068043
1.067855
1.066822
1.074144
1.077993
1.077993
1.077899
1.077899
1.077805
1.077711
1.077617
1.077617
1.077711
1.073205
1.059782
1.046453
1.033311
1.019888
1.006746
1.006183
1.001490
0.991446
0.978680
0.976145
0.976145
0.973517
0.973611
0.973705
0.973705
0.973705
0.973705
0.973799
0.973893
0.966571
0.962722
0.962816
0.962816
0.962910
0.962816
0.963004
0.963004
0.962816
0.962816
0.962816
0.962816
0.962722
0.962628
0.962628
0.962628
0.962628
0.962534
0.962534
0.962534
0.962534
0.962534
0.962628
0.962628
0.962722
0.962722
0.962816
0.962722
0.962628
0.962628
0.962628
0.962722
0.962816
0.962816
0.962722
0.962910
0.962816
0.962816
0.962910
0.962816
0.962816
0.962816
0.962816
0.962816
0.962722
0.962722
0.962722
0.962722
0.962628
0.962628
0.962628
0.962534
0.962534
0.962534
0.962441
0.962441
0.962441
0.962534
0.962441
0.962441
0.962441
0.962347
0.962253
0.962253
0.962159
0.962065
0.962065
0.961971
0.961971
0.962065
0.984594
0.989193
0.999519
1.003179
1.003179
1.014725
1.027585
1.040539
1.043731
1.050865
1.050865
1.050865
1.050771
1.050771
1.063161
1.070953
1.078650
1.078556
1.078650
1.078556
1.078462
1.078556
1.078462
1.078368
1.078462
1.078462
1.078462
1.078462
1.078462
1.078462
1.055840
1.051240
1.041008
1.037348
1.037348
1.025802
1.012848
0.999894
0.996703
0.989569
0.989569
0.989662
0.989662
0.989662
0.977272
0.969481
0.961784
0.961784
0.961877
0.961877
0.961877
0.961877
0.961971
0.962065
0.962065
0.961971
0.962065
0.962065
0.961971
0.961971
0.961971
0.962065
0.961971
0.961971
0.961971
0.961971
0.962065
0.962065
0.962159
0.962159
0.962065
0.962065
0.962159
0.962159
0.964975
0.974362
0.974362
0.974362
0.974268
0.974268
0.974268
0.974268
1.002898
1.003179
1.003179
1.003179
1.002992
1.002992
1.003086
1.003086
1.003179
1.003086
1.003086
1.003086
1.003086
1.002992
1.002992
1.002898
1.002898
1.002804
1.002898
1.002804
1.002710
1.002710
0.999894
0.990413
0.990413
0.990413
0.990413
0.990413
0.990413
0.990413
0.961784
0.961408
0.961408
0.961408
0.961502
0.970232
0.981965
0.982059
0.982153
0.982153
0.991821
0.994919
0.995107
0.995201
0.995201
0.995388
0.995388
0.995482
0.995482
0.995576
0.995670
0.995670
0.995670
0.995764
0.995764
0.995858
0.995858
0.995858
0.995952
0.995952
0.995952
0.996139
0.996045
0.996233
0.996139
0.987410
0.975582
0.975488
0.975394
0.975301
0.965632
0.962441
0.962253
0.962253
0.962159
0.961971
0.961877
0.961784
0.961784
0.961690
0.961596
0.961502
0.961408
0.961408
0.962347
0.964130
0.967791
0.975394
0.978023
0.978023
0.978023
0.977835
0.977929
0.977835
0.978023
0.978023
0.978117
0.978117
0.978117
0.978210
0.978210
0.978304
0.978304
0.978210
0.978210
0.978304
0.978398
0.978398
0.978398
0.978398
0.978398
0.978492
0.978586
0.978492
0.977460
0.975582
0.971827
0.964224
0.961502
0.961502
0.961408
0.961408
0.961408
0.961314
0.961126
0.961126
0.961126
0.961033
0.961033
0.960939
0.960939
0.960845
0.960845
0.960939
0.960939
0.960845
0.960751
0.960845
0.960751
0.960939
0.961033
0.961033
0.961033
0.961033
0.961126
0.961126
0.961126
0.961126
0.961220
0.961220
0.961220
0.961220
0.961220
0.961314
0.961314
0.963567
0.973705
0.973799
0.973705
0.973705
0.973705
0.973705
0.973893
0.973799
0.973799
0.973893
0.973986
0.973893
0.973986
0.973799
0.973705
0.973705
0.974456
0.977460
0.977366
0.977460
0.995952
1.006183
1.006089
1.006089
1.006089
1.006089
1.005996
1.005902
1.005902
1.003743
0.993511
0.993417
0.993417
0.993417
0.993417
0.993511
0.993323
0.993323
0.993323
0.993229
0.993229
0.993229
0.993136
0.993136
0.993136
0.993042
0.992291
0.989287
0.989381
0.989287
0.970795
0.960563
0.960563
0.960563
0.960657
0.960657
0.960751
0.960845
0.961033
0.961033
0.961126
0.961126
0.961126
0.961126
0.961220
0.961220
0.961220
0.961220
0.961220
0.961220
0.961126
0.961126
0.961126
0.961126
0.961126
0.961126
0.961126
0.961126
0.961126
0.961126
0.961126
0.961126
0.961126
0.961033
0.960939
0.960939
0.960845
0.960845
0.960751
0.960657
0.960563
0.960563
0.960657
0.960657
0.960657
0.960563
0.960563
0.960563
0.960563
0.960657
0.960657
0.960657
0.960751
0.960751
0.960845
0.960939
0.960939
0.961033
0.960939
0.960939
0.960939
0.961033
0.961033
0.961033
0.961033
0.961033
0.961126
0.961033
0.960939
0.960939
0.960939
0.960939
0.960845
0.960845
0.960751
0.960845
0.960845
0.960939
0.960939
0.960845
0.960845
0.960845
0.960751
0.960845
0.960751
0.960751
0.960657
0.960657
0.960751
0.960751
0.960751
0.960657
0.960657
0.960657
0.960751
0.960845
0.960751
0.960845
0.960939
0.960939
0.960939
0.961033
0.961126
0.961126
0.961126
0.961126
0.961126
0.961126
0.961126
0.961126
0.961126
0.961220
0.961220
0.961126
0.961126
0.961033
0.973329
0.973423
0.973329
0.973329
0.973329
0.973329
0.973329
0.973329
0.973235
0.973142
0.973235
0.973142
0.973048
0.973048
0.973142
0.973048
0.972954
0.972954
0.972954
0.972860
0.972860
0.972860
0.972860
0.972954
0.972954
0.972860
0.972860
0.972860
0.972860
0.972954
0.960657
0.960563
0.960563
0.960563
0.960563
0.960563
0.960563
0.960563
0.960657
0.960657
0.960563
0.960657
0.960751
0.960845
0.960751
0.960845
0.960845
0.960939
0.960939
0.960939
0.960939
0.960845
0.960845
0.960845
0.960845
0.960939
0.960939
0.960939
0.961033
0.961033
0.961126
0.961126
0.961220
0.961220
0.961220
0.961314
0.961314
0.961314
0.961220
0.961220
0.961220
0.961126
0.961033
0.960939
0.961033
0.961033
0.961126
0.961033
0.961033
0.961126
0.961126
0.961126
0.961220
0.961220
0.961314
0.961314
0.961314
0.961408
0.961408
0.961314
0.961314
0.961220
0.961220
0.961220
0.961220
0.961126
0.961220
0.961220
0.961220
0.961220
0.961220
0.961314
0.961314
0.961408
0.961408
0.961314
0.961220
0.961314
0.961408
0.961314
0.961314
0.961314
0.961314
0.961314
0.961220
0.961126
0.961126
0.961126
0.961033
0.961033
0.960939
0.960939
0.960845
0.960939
0.960939
0.960939
0.960845
0.960939
0.960939
0.961033
0.961033
0.960939
0.960939
0.960845
0.960751
0.960751
0.960751
0.960657
0.960657
0.960751
0.960751
0.960751
0.974550
0.991634
1.008999
1.026271
1.043543
1.060627
1.077805
1.095077
1.112255
1.119201
1.129620
1.131779
1.131779
1.131779
1.131779
1.131685
1.131685
1.131592
1.131685
1.131685
1.140040
1.158438
1.160034
1.160034
1.164915
1.172330
1.172330
1.173363
1.177493
1.178432
1.164633
1.147455
1.130090
1.112818
1.095546
1.078462
1.061660
1.044388
1.027304
1.020357
1.009938
1.007685
1.007685
1.007779
1.007779
1.007779
1.007779
1.007779
1.007685
1.007779
0.999519
0.981120
0.979525
0.979525
0.974737
0.967322
0.967228
0.966101
0.961971
0.966195
0.966289
0.966289
0.966383
0.966383
0.966477
0.966383
0.972954
0.983843
0.993605
0.996421
0.996515
0.996609
0.996609
0.996515
0.996515
0.996515
0.996515
1.000551
1.000739
1.000645
1.000645
1.000645
1.000739
1.013036
1.019982
1.021484
1.034156
1.034344
1.034344
1.029181
1.029087
1.029087
1.034813
1.043355
1.059688
1.076115
1.085502
1.091040
1.097799
1.111410
1.127743
1.144170
1.160785
1.177212
1.193732
1.205184
1.205278
1.201336
1.201148
1.201148
1.201148
1.201524
1.206592
1.194296
1.187349
1.185848
1.173269
1.173175
1.173269
1.173269
1.173269
1.173269
1.167449
1.159001
1.142574
1.126241
1.109908
1.093575
1.076960
1.060627
1.044294
1.027773
1.011252
0.994825
0.978398
0.967040
0.966946
0.966946
0.967040
0.967134
0.967040
0.966759
0.961690
0.961690
0.961690
0.961784
0.961784
0.961877
0.961784
0.961877
0.961877
0.961877
0.961971
0.961877
0.961971
0.961971
0.961971
0.961971
0.961971
0.961971
0.962065
0.962065
0.962065
0.962159
0.962065
0.962159
0.962253
0.962253
0.962253
0.962253
0.962253
0.962253
0.962253
0.962347
0.962347
0.962347
0.962347
0.962159
0.962253
0.962253
0.962253
0.962441
0.962347
0.962441
0.962441
0.962441
0.962628
0.962534
0.962722
0.962722
0.962628
0.962628
0.962628
0.962628
0.962722
0.962534
0.962534
0.962534
0.962534
0.962534
0.962534
0.962534
0.962534
0.962534
0.962534
0.962441
0.962441
0.962441
0.995576
1.016133
1.034532
1.052648
1.067104
1.067198
1.067104
1.067104
1.066916
1.066916
1.066822
1.068794
1.068794
1.068887
1.068887
1.068887
1.068794
1.068887
1.068794
1.068794
1.068700
1.068700
1.072267
1.073769
1.075270
1.075270
1.075270
1.075364
1.075270
1.075458
1.042323
1.021765
1.003461
0.985157
0.970889
0.970795
0.970889
0.970983
0.971076
0.971170
0.971264
0.969293
0.969387
0.969387
0.969387
0.969293
0.969481
0.969481
0.969668
0.969668
0.969762
0.969668
0.966289
0.964787
0.963285
0.963285
0.963285
0.963285
0.963473
0.963473
0.963473
0.963473
0.963473
0.963567
0.963473
0.963473
0.963473
0.963379
0.963379
0.963379
0.963379
0.963379
0.963285
0.963379
0.963379
0.963567
0.963473
0.963473
0.963473
0.963567
0.963567
0.963755
0.963661
0.963661
0.963661
0.963661
0.963755
0.963755
0.963661
0.963661
0.963567
0.963567
0.963473
0.963379
0.963379
0.963379
0.963473
0.963473
0.963473
0.963473
0.963473
0.963567
0.963567
0.963473
0.963473
0.963473
0.963473
0.963473
0.963473
0.963285
0.963285
0.963285
0.963473
0.963567
0.963567
0.963661
0.963567
0.963567
0.963661
0.963567
0.963661
0.963567
0.963661
0.963755
0.963755
0.963755
0.963755
0.963661
0.963661
0.963567
0.963567
0.963473
0.963473
0.963473
0.963473
0.963379
0.963379
0.963379
0.963285
0.963379
0.963379
0.963285
0.963098
0.962910
0.962910
0.962816
0.962722
0.962722
0.962628
0.962722
0.962722
0.962816
0.962628
0.962628
0.962628
0.962628
0.962534
0.962534
0.962534
0.962628
0.962534
0.962534
0.962534
0.962534
0.962534
0.962534
0.962534
0.962534
0.962628
0.962722
0.962722
0.962816
0.962722
0.962816
0.962816
0.962816
0.962910
0.962910
0.962910
0.962816
0.962816
0.962722
0.962816
0.962816
0.962816
0.962816
0.962816
0.962910
0.962910
0.962910
0.962910
0.962910
0.963004
0.963098
0.963098
0.963098
0.963098
0.963098
0.963098
0.963004
0.963004
0.962910
0.963098
0.963098
0.963098
0.963098
0.963098
0.963004
0.963098
0.963004
0.963004
0.963098
0.963098
0.963192
0.963192
0.963285
0.963192
0.963285
0.963285
0.963285
0.963379
0.963379
0.963285
0.963098
0.963192
0.963098
0.963192
0.963192
0.963192
0.963192
0.963192
0.963192
0.963098
0.963098
0.963098
0.963098
0.963098
0.963192
0.963098
0.963192
0.963285
0.963192
0.963192
0.963098
0.963098
0.963004
0.963192
0.963098
0.963098
0.963004
0.963004
0.963004
0.963004
0.963098
0.963098
0.963192
0.963098
0.963098
0.962910
0.962910
0.962910
0.962910
0.962910
0.963004
0.963004
0.962910
0.962910
0.963004
0.963004
0.963004
0.962910
0.962910
0.962910
0.962816
0.962816
0.962910
0.962816
0.962816
0.962910
0.963098
0.963004
0.963098
0.963098
0.963098
0.963098
0.963098
0.963098
0.963098
0.963192
0.963192
0.963285
0.963285
0.963379
0.963285
0.963285
0.963379
0.963379
0.963285
0.963285
0.963285
0.963285
0.963379
0.963285
0.963379
0.963285
0.963285
0.963285
0.963285
0.963192
0.963098
0.963192
0.963004
0.963004
0.963004
0.963004
0.963004
0.963004
0.963004
0.963004
0.963004
0.962910
0.962910
0.962816
0.962816
0.962816
0.962816
0.962910
0.962910
0.962816
0.962910
0.962816
0.962816
0.962910
0.962910
0.963004
0.962816
0.962816
0.962816
0.962816
0.962722
0.962628
0.962816
0.962816
0.962816
0.962722
0.962722
0.962816
0.962722
0.962628
0.962628
0.962722
0.962722
0.962722
0.962722
0.962816
0.962816
0.962722
0.962722
0.962816
0.962722
0.962816
0.962910
0.962910
0.962816
0.962816
0.962816
0.962816
0.962910
0.962910
0.963004
0.963004
0.962816
0.962816
0.962816
0.962722
0.962816
0.962628
0.962628
0.962722
0.962816
0.962722
0.962816
0.962910
0.962816
0.962816
0.962816
0.962816
0.962816
0.962910
0.962910
0.962816
0.962816
0.962816
0.962910
0.962816
0.962910
0.962910
0.962816
0.962722
0.962722
0.962722
0.962816
0.962816
0.962816
0.962910
0.962910
0.963004
0.963098
0.963098
0.963098
0.963004
0.962910
0.962816
0.962910
0.962816
0.962722
0.962816
0.962816
0.962722
0.962722
0.962816
0.962628
0.962628
0.962628
0.962628
0.962722
0.962722
0.962722
0.962910
0.962816
0.962816
0.962816
0.966383
0.966571
0.978023
0.979337
0.979243
0.979337
0.979337
0.979243
0.979337
0.979337
0.979337
0.979337
0.979337
0.979431
0.979243
0.979243
0.979243
0.979243
0.979149
0.979243
0.979149
0.979149
0.979243
0.979149
0.979149
0.979055
0.978961
0.979149
0.979149
0.979149
0.975488
0.975301
0.963849
0.962347
0.962441
0.962441
0.962441
0.962347
0.962347
0.962253
0.962253
0.962253
0.962159
0.962065
0.962159
0.962159
0.962159
0.962159
0.962253
0.962159
0.962253
0.962253
0.962253
0.962347
0.962347
0.962441
0.962441
0.962347
0.962347
0.962347
0.962441
0.962347
0.962347
0.962534
0.962534
0.962441
0.962441
0.962441
0.962534
0.962628
0.962628
0.962628
0.962722
0.962816
0.962722
0.962816
0.962816
0.962816
0.962910
0.963285
0.963192
0.963285
0.963192
0.963098
0.963098
0.963004
0.963004
0.963004
0.963004
0.963004
0.963004
0.963098
0.963192
0.963004
0.963004
0.963004
0.962910
0.967603
0.967603
0.967603
0.967697
0.967603
0.967603
0.968542
0.979619
0.979525
0.979431
0.979525
0.979337
0.978961
0.979055
0.978961
0.978961
0.978961
0.978868
0.978868
0.978868
0.981308
0.982622
0.982716
0.982810
0.982810
0.982716
0.982716
0.982716
0.982716
0.982716
0.978117
0.978023
0.978023
0.982059
0.982153
0.982153
0.981120
0.970044
0.970138
0.970138
0.969950
0.970044
0.970232
0.970232
0.970232
0.970326
0.970232
0.970326
0.970419
0.970419
0.967979
0.966665
0.966571
0.966477
0.966477
0.966477
0.966571
0.966571
0.966571
0.966665
0.966571
0.966571
0.966477
0.962347
0.962347
0.962253
0.962347
0.962441
0.962347
0.962347
0.962441
0.962441
0.962347
0.962347
0.962347
0.962253
0.962253
0.962253
0.962159
0.962159
0.962065
0.962065
0.962065
0.971076
0.971640
0.971640
0.971640
0.971640
0.971546
0.971546
0.971640
0.971640
0.971640
0.988630
1.018949
1.048612
1.077899
1.092261
1.092261
1.092261
1.092261
1.092261
1.092261
1.092261
1.092261
1.092355
1.092542
1.092542
1.094232
1.129620
1.159846
1.208376
1.235786
1.234565
1.247238
1.247144
1.266011
1.267231
1.270235
1.283752
1.283846
1.283752
1.283846
1.266856
1.236536
1.206874
1.177587
1.163131
1.163131
1.163225
1.166886
1.166886
1.166792
1.168482
1.168388
1.168388
1.168388
1.168388
1.166792
1.131404
1.101272
1.052742
1.025332
1.025332
1.024394
1.030495
1.011628
1.010313
1.010407
0.996890
0.996796
0.996984
0.999425
0.999425
0.999425
0.999425
0.999706
0.999800
1.004775
1.005902
1.004118
1.004212
1.004400
1.002710
1.002804
1.002804
1.002710
1.002616
1.002616
1.002616
1.002522
1.002616
1.002522
0.994825
0.982528
0.976427
0.976521
0.976615
0.973611
0.973517
0.973517
0.973423
0.970889
0.970889
0.970889
0.970889
0.970513
0.970513
0.965538
0.964412
0.962534
0.962347
0.965538
0.978586
0.983843
0.983843
0.983749
0.983843
0.989193
0.997641
0.997641
0.998674
1.002710
1.005714
1.005714
1.005808
1.005620
1.005526
1.005526
1.005620
1.005620
1.005714
1.005714
1.005714
1.005714
1.005808
1.005808
1.005714
1.005714
1.005714
1.005714
1.005808
1.002429
0.989381
0.984124
0.984124
0.984218
0.984500
0.985814
0.977366
0.977460
0.976802
0.975770
0.972860
0.972860
0.978398
0.986283
0.986283
0.986283
0.986189
0.986095
0.986002
0.986002
0.986002
0.985908
0.985908
0.985908
0.986095
0.986002
0.986095
0.986002
0.986002
0.986095
0.986002
0.986002
0.986002
0.985908
0.985626
0.978961
0.978868
0.978774
0.978304
0.975394
0.975113
0.975113
0.969481
0.961690
0.961690
0.961690
0.961784
0.961784
0.961784
0.961877
0.961784
0.961877
0.961784
0.961877
0.961784
0.961877
0.970795
0.970889
0.970889
0.970889
0.970889
0.970795
0.970795
0.970795
0.970795
0.970701
0.970795
0.970889
0.970795
0.970701
0.970795
0.970795
0.970795
0.970701
0.970795
0.970701
0.970701
0.974550
0.975582
0.985814
1.003461
1.003461
1.003555
1.003461
1.003461
1.003367
0.994356
0.994356
0.994356
0.994262
0.994356
0.994356
0.994356
0.994450
0.994356
0.994356
0.994356
0.994262
0.994262
0.994356
0.994262
0.994168
0.994168
0.994168
0.994168
0.994168
0.994168
0.990320
0.989193
0.978868
0.961220
0.961220
0.961220
0.961314
0.961220
0.961220
0.961126
0.961033
0.960939
0.961033
0.964600
0.964881
0.964787
0.978398
0.997078
0.997454
0.997547
0.997547
0.997641
0.997547
0.997735
0.997735
0.997923
0.998017
0.998017
0.998017
0.998017
0.998111
1.014068
1.026083
1.026177
1.027961
1.032091
1.034532
1.034532
1.034625
1.034625
1.034813
1.034813
1.034813
1.031246
1.030965
1.031058
1.017448
0.998768
0.998392
0.998204
0.998204
0.998111
0.998204
0.998017
0.998111
0.997923
0.997829
0.997735
0.997829
0.997829
0.997735
0.981777
0.969950
0.969856
0.968073
0.963849
0.961408
0.961408
0.961408
0.961408
0.961314
0.961314
0.961314
0.961314
0.961314
0.961314
0.961314
0.961314
0.961314
0.961314
0.961314
0.961408
0.961408
0.961502
0.961502
0.961502
0.961596
0.961690
0.961690
0.961596
0.961690
0.961690
0.961502
0.961596
0.961502
0.961596
0.961502
0.962910
0.973986
0.973986
0.973893
0.973893
0.973799
0.973705
0.973799
0.973799
0.973893
0.973893
0.973986
0.973986
0.973986
0.973986
0.973893
0.973799
0.973705
0.973705
0.973611
0.973517
0.977460
0.993887
1.007310
1.007310
1.007310
1.007216
1.007310
1.007310
1.007310
1.005902
0.994825
0.994825
0.994825
1.006934
1.006934
1.007028
1.007122
1.007122
1.007028
1.007028
1.007028
1.007028
1.007122
1.007122
1.007216
1.007310
1.007404
1.007497
1.007497
1.007497
1.003555
0.987128
0.973611
0.973705
0.973705
0.973799
0.973799
0.973705
0.973799
0.973893
0.973799
0.973893
0.973986
0.961877
0.961877
0.961784
0.961596
0.961502
0.961408
0.961408
0.961314
0.961408
0.961314
0.961314
0.961220
0.961220
0.961220
0.961126
0.961126
0.961126
0.961033
0.961033
0.961033
0.961033
0.961033
0.960939
0.960845
0.960845
0.960751
0.960657
0.960751
0.960657
0.960563
0.960563
0.960563
0.960563
0.960563
0.960563
0.960563
0.960563
0.960563
0.960563
0.960657
0.960563
0.960563
0.960469
0.960375
0.960469
0.960469
0.960469
0.960469
0.960563
0.960563
0.960469
0.960469
0.960469
0.960469
0.960469
0.960563
0.960563
0.960469
0.960469
0.960469
0.960469
0.960563
0.960563
0.960563
0.960563
0.960657
0.960751
0.960751
0.960657
0.960563
0.960563
0.960563
0.960563
0.960657
0.960563
0.960563
0.960563
0.960563
0.960469
0.960469
0.960563
0.960563
0.960563
0.960563
0.960563
0.960563
0.960563
0.960657
0.960657
0.960751
0.960845
0.960751
0.960751
0.960751
0.960751
0.960657
0.960563
0.960657
0.960657
0.960657
0.960657
0.960657
0.960657
0.960563
0.960657
0.960657
0.960657
0.960657
0.960657
0.960657
0.960657
0.960657
0.960657
0.960657
0.960657
0.960657
0.960657
0.960563
0.960657
0.960563
0.960469
0.960563
0.960563
0.960563
0.960563
0.960563
0.960563
0.960563
0.960563
0.960563
0.960657
0.960657
0.960657
0.960657
0.960563
0.960563
0.960563
0.960563
0.960657
0.960657
0.960563
0.960657
0.960657
0.960657
0.960657
0.960563
0.960563
0.960563
0.960469
0.960469
0.960563
0.960469
0.960469
0.960469
0.960469
0.960469
0.960469
0.960469
0.960469
0.960469
0.960375
0.960375
0.960375
0.960469
0.960469
0.960469
0.960469
0.960469
0.960469
0.960469
0.960563
0.960469
0.960469
0.960469
0.960563
0.960563
0.960563
0.960563
0.960563
0.960563
0.960469
0.960469
0.960469
0.960469
0.960469
0.960469
0.960563
0.960469
0.960469
0.960469
0.960469
0.960563
0.960563
0.960469
0.960469
0.960469
0.960469
0.960469
0.960469
0.960469
0.960469
0.960469
0.960469
0.960469
0.960375
0.960375
0.960375
0.960469
0.960469
0.960469
0.960563
0.960563
0.960563
0.960563
0.960563
0.960563
0.960563
0.960563
0.960657
0.960657
0.960751
0.960657
0.960751
0.960845
0.960939
0.960939
0.960939
0.960939
0.960845
0.960845
0.960845
0.960845
0.960845
0.960845
0.960939
0.960939
0.960939
0.960845
0.960845
0.960845
0.960845
0.960845
0.960845
0.960845
0.960845
0.960845
0.960845
0.960845
0.960751
0.960751
0.960657
0.960751
0.960657
0.960657
0.960563
0.960563
0.960563
0.960563
0.960657
0.960657
0.960657
0.960657
0.960657
0.960751
0.960657
0.960657
0.960657
0.960657
0.960657
0.960751
0.960657
0.960657
0.960657
0.960657
0.960657
0.960751
0.960657
0.960751
0.960751
0.960751
0.960845
0.960751
0.960845
0.960845
0.960939
0.960939
0.960939
0.961033
0.961033
0.961033
0.961033
0.961033
0.961126
0.961033
0.961033
0.961126
0.961220
0.961220
0.961220
0.961126
0.961220
0.961314
0.961408
0.961408
0.961502
0.961408
0.961408
0.961314
0.961314
0.961314
0.961314
0.961408
0.961314
0.961220
0.961220
0.961220
0.961220
0.961220
0.961126
0.961126
0.961220
0.961220
0.961220
0.961220
0.961220
0.961126
0.961126
0.961126
0.961220
0.961314
0.961314
0.961220
0.961126
0.961220
0.961126
0.961126
0.961220
0.961314
0.961314
0.961314
0.961314
0.961314
0.961408
0.961408
0.961408
0.961408
0.961502
0.961408
0.961502
0.961502
0.961408
0.961408
0.961408
0.961408
0.961408
0.961502
0.961408
0.961502
0.961502
0.961502
0.961408
0.961408
0.961408
0.961408
0.961502
0.961502
0.961502
0.961502
0.961502
0.961596
0.961596
0.961502
0.961502
0.961502
0.961408
0.961502
0.961408
0.961502
0.961502
0.961596
0.961502
0.961596
0.961596
0.961596
0.961690
0.961596
0.961596
0.961596
0.961690
0.961596
0.961690
0.961877
0.961877
0.961971
0.961877
0.961877
0.961877
0.961877
0.961971
0.961877
0.961877
0.961971
0.961971
0.961971
0.962159
0.962159
0.962253
0.962253
0.962159
0.962159
0.962253
0.962253
0.962253
0.962347
0.962347
0.962347
0.962441
0.962347
0.962253
0.962347
0.962253
0.962159
0.962159
0.962159
0.962159
0.962253
0.962253
0.962159
0.962159
0.962253
0.962253
0.962347
0.962347
0.962534
0.962441
0.962441
0.962347
0.962441
0.962534
0.967228
0.976427
0.984218
0.984218
0.984218
0.984218
0.984312
0.984312
0.984875
0.984875
0.984781
0.984781
0.984687
0.996327
1.003555
1.003649
1.003649
1.004588
1.004681
1.004681
1.004681
1.004681
1.004681
1.004681
1.004588
1.004681
1.004681
1.004775
1.004588
1.004588
0.999894
0.990695
0.982904
0.982810
0.982716
0.982716
0.982716
0.982716
0.982341
0.982341
0.982435
0.982528
0.982716
0.971076
0.963755
0.963849
0.963755
0.962816
0.962722
0.962722
0.962628
0.962722
0.962628
0.962628
0.962628
0.962534
0.962534
0.962534
0.962628
0.962534
0.962534
0.962534
0.962534
0.962628
0.962628
0.962534
0.962628
0.962628
0.962441
0.962441
0.962534
0.962534
0.962441
0.962441
0.962441
0.962441
0.962534
0.962534
0.962628
0.962628
0.962722
0.962722
0.962628
0.962722
0.962628
0.962628
0.962628
0.962534
0.962534
0.962628
0.962534
0.962441
0.962441
0.962441
0.962441
0.962534
0.962441
0.962441
0.962534
0.962534
0.962441
0.962441
0.972203
0.991540
0.991540
1.016603
1.018668
1.018668
1.018762
1.018762
1.018762
1.018668
1.018762
1.018668
1.018762
1.018762
1.018762
1.018856
1.018856
1.018856
1.018856
1.018949
1.018949
1.018949
1.019043
1.019043
1.019043
1.019137
1.019231
1.019231
1.019325
1.019419
1.009656
0.990507
0.990507
0.965351
0.967509
0.986753
1.003555
1.021108
1.038568
1.055652
1.072548
1.089445
1.107092
1.120984
1.120984
1.120984
1.120984
1.120984
1.127649
1.130934
1.147455
1.149520
1.149520
1.149520
1.149520
1.149520
1.151398
1.157781
1.160221
1.160128
1.160128
1.162662
1.163695
1.167543
1.163319
1.144076
1.127274
1.110847
1.093481
1.083719
1.088600
1.071703
1.056403
1.043074
1.043074
1.043074
1.043074
1.043167
1.036878
1.033687
1.017072
1.014913
1.014913
1.015007
1.015007
1.014913
1.013036
1.006653
1.004024
1.004024
1.004024
1.001396
1.000363
0.996515
0.996515
0.996515
0.996421
0.995388
0.995482
0.988348
0.966665
0.966759
0.964318
0.963755
0.963849
0.963849
0.963849
0.963755
0.963379
0.963285
0.963379
0.966195
0.967322
0.967228
0.967322
0.970232
0.975394
0.977366
0.977460
0.977460
0.977460
0.980088
0.984687
0.987879
0.987879
0.987973
0.987973
0.987879
0.987691
0.987503
0.987316
0.987222
0.987316
0.989193
1.005996
1.023267
1.040539
1.057717
1.074989
1.092167
1.109439
1.123894
1.139946
1.157124
1.174208
1.188476
1.204152
1.236255
1.261412
1.279059
1.293890
1.295392
1.291168
1.287976
1.287976
1.298114
1.309285
1.309378
1.309378
1.309378
1.309378
1.309472
1.309472
1.307501
1.290511
1.273239
1.257281
1.240103
1.222832
1.205560
1.193357
1.186317
1.169045
1.153838
1.136567
1.122299
1.117136
1.083813
1.058656
1.044482
1.029650
1.025520
1.025051
1.025051
1.025145
1.030965
1.031903
1.031809
1.031903
1.031903
1.038005
1.042417
1.042417
1.042417
1.042604
1.042604
1.041290
1.041384
1.041478
1.044763
1.047579
1.042135
1.042229
1.040351
1.041102
1.043355
1.027585
1.026928
1.026928
1.023455
1.023549
1.038380
1.070108
1.085127
1.085033
1.069732
1.057529
1.061096
1.061002
1.060909
1.054995
1.050489
1.050583
1.050677
1.050489
1.050583
1.050583
1.050489
1.050489
1.047298
1.039507
1.034813
1.034813
1.034625
1.033968
1.028899
1.028899
1.028899
1.028899
1.028806
1.028712
1.013880
0.982247
0.967322
0.967322
0.966571
0.966759
0.963192
0.963285
0.963379
0.963285
0.963285
0.963192
0.963192
0.963285
0.963192
0.963098
0.963098
0.963098
0.963098
0.963004
0.963004
0.962910
0.963098
0.963098
0.962910
0.962910
0.962722
0.962722
0.962816
0.962816
0.962816
0.962816
0.962722
0.962722
0.962816
0.962628
0.962628
0.962534
0.989756
0.990132
0.990132
0.990132
0.990132
0.990132
0.990132
0.990226
0.990226
0.990320
0.997454
0.998111
1.011158
1.024488
1.037535
1.050771
1.054619
1.055089
1.055934
1.055934
1.055934
1.055840
1.055840
1.055746
1.055746
1.055746
1.055652
1.055652
1.055652
1.056121
1.038943
1.038662
1.038756
1.038662
1.040539
1.040539
1.045139
1.051146
1.051146
1.053962
1.047204
1.046828
1.033968
1.021202
1.008061
0.994825
0.990977
0.990601
0.989850
0.989756
0.989850
0.989944
0.989944
0.990132
1.001114
1.005902
1.005902
1.005996
1.005996
1.005526
0.995482
0.995388
0.995295
1.006465
1.017541
1.031528
1.028524
1.022516
1.028993
1.038099
1.049644
1.061284
1.073018
1.084563
1.096485
1.097517
1.097611
1.097517
1.100052
1.105778
1.105684
1.105590
1.105590
1.117887
1.106904
1.102117
1.102117
1.102117
1.102023
1.102023
1.102023
1.102023
1.101929
1.090853
1.077993
1.064006
1.062317
1.062317
1.055840
1.043825
1.031903
1.019888
1.007967
0.995952
0.983936
0.982904
0.982904
0.982904
0.980369
0.974737
0.974737
0.977366
0.988067
0.987973
1.000176
1.009093
1.009187
1.021859
1.035189
1.038943
1.038943
1.038943
1.039037
1.038943
1.038850
1.038850
1.038943
1.038943
1.038943
1.038943
1.038850
1.038943
1.039037
1.039037
1.039131
1.039131
1.039037
1.039131
1.039225
1.039225
1.039225
1.036691
1.026083
1.013880
1.001678
0.992666
0.992572
0.979900
0.966665
0.962910
0.967791
0.975582
0.975582
0.975582
0.975676
0.975582
0.975582
0.975582
0.975582
0.975582
0.975676
0.975770
0.975676
0.975676
0.975582
0.975582
0.975676
0.975582
0.975488
0.975488
0.975394
0.975394
0.975301
0.975207
0.975207
0.975394
0.975394
0.975394
0.975488
0.975582
0.970607
0.962910
0.962910
0.963004
0.963004
0.963098
0.963192
0.973423
1.003273
1.036972
1.067104
1.096954
1.126710
1.156373
1.185941
1.197112
1.197112
1.197112
1.197206
1.197206
1.197299
1.197299
1.200866
1.201242
1.201524
1.201430
1.201430
1.201430
1.201336
1.224991
1.254747
1.284222
1.314635
1.348709
1.378559
1.408597
1.432534
1.429248
1.399492
1.365700
1.335568
1.305530
1.284128
1.263101
1.233627
1.222738
1.222738
1.222738
1.223019
1.223113
1.223113
1.223113
1.223864
1.234471
1.234190
1.234190
1.234190
1.234284
1.234378
1.210535
1.180872
1.151679
1.121360
1.087286
1.057342
1.027491
1.003461
0.996609
0.996609
0.996703
0.996796
0.999237
0.992291
0.983655
0.983749
0.983467
0.983467
0.983373
0.982998
0.982998
0.982998
0.982998
0.978586
0.967603
0.967697
0.967697
0.967697
0.967697
0.968073
0.968260
0.968260
0.967885
0.967885
0.967885
0.967885
0.967791
0.967885
0.967697
0.967603
0.967603
0.967509
0.965163
0.963849
0.963849
0.963849
0.963942
0.963942
0.964036
0.964130
0.964036
0.964036
0.991070
0.991352
0.991352
0.991258
0.994825
0.994919
0.995670
0.995670
0.995858
0.995858
0.995858
0.995670
0.995670
0.995764
0.995670
0.995576
0.995670
0.995764
0.995764
0.995858
0.995952
0.995858
0.995952
0.995858
0.995764
0.995764
0.995764
0.995764
0.995858
0.995764
0.968824
0.968636
0.980745
0.980933
0.977366
0.977272
0.976521
0.976052
0.975770
0.975770
0.975770
0.975864
0.975864
0.975770
0.975864
0.977460
0.977460
0.978492
0.989944
0.989850
0.989756
0.989756
0.989756
0.989756
0.989662
0.989662
0.989662
0.989475
0.989381
0.989381
0.989287
0.989287
0.977272
0.977084
0.977084
0.982528
0.987597
0.990320
0.990413
0.990507
0.990601
0.990507
0.990413
0.990413
0.990320
0.988630
0.988630
0.987503
0.975958
0.976052
0.976052
0.976052
0.976052
0.976052
0.976145
0.976145
0.976239
0.976239
0.976239
0.976333
0.976333
0.976333
0.976145
0.976145
0.976145
0.970795
0.965632
0.962910
0.962816
0.962816
0.962722
0.962816
0.962816
0.962816
0.962816
0.962816
0.962722
0.962722
0.962816
0.962816
0.962816
0.962816
0.962628
0.962628
0.962628
0.965538
0.965351
0.965538
0.965444
0.965444
0.965444
0.965444
0.965444
0.965538
0.965538
0.965444
0.965351
0.965351
0.965257
0.965069
0.965069
0.965069
0.965163
0.965069
0.965069
0.965163
0.965351
0.965257
0.965351
0.965257
0.965257
0.965257
0.965351
0.965257
0.965257
0.962441
0.962534
0.962441
0.962534
0.962441
0.962441
0.962347
0.962441
0.962347
0.962347
0.962347
0.962347
0.962347
0.962347
0.962441
0.962441
0.962441
0.962534
0.962534
0.962534
0.962534
0.962534
0.962722
0.962628
0.962722
0.962628
0.962722
0.975113
0.975301
0.975301
0.975301
0.975301
0.975394
0.975301
0.975488
0.975488
0.975582
0.975582
0.975488
0.975488
0.975394
0.975394
0.975301
0.987973
0.988067
0.993417
0.998204
1.003179
1.010689
1.010689
1.010689
1.010595
1.010501
1.010407
1.010220
1.010313
1.010220
0.997829
0.997735
0.997735
0.997641
0.997641
0.997547
0.997641
0.997547
0.997547
0.997547
0.997454
0.997641
0.997641
0.997735
0.997735
0.997923
0.985251
0.985157
0.979806
0.975113
0.969950
0.963942
0.981590
0.990507
0.990413
0.990320
0.990413
0.990507
0.990507
0.990507
0.990507
0.990507
0.990413
0.990413
0.990320
0.990320
0.990226
0.990226
0.990226
0.990226
0.990226
0.990132
0.990132
0.990038
0.990132
0.990132
0.990226
0.990226
0.990226
0.990132
0.990226
0.988818
0.971170
0.962253
0.962347
0.962347
0.962347
0.962347
0.962347
0.962253
0.962159
0.962159
0.962159
0.962065
0.962065
0.962065
0.962065
0.962065
0.961971
0.961877
0.961877
0.961877
0.961784
0.961877
0.961784
0.961596
0.961502
0.961502
0.961408
0.961314
0.961314
0.961220
0.961126
0.961033
0.960939
0.961033
0.961033
0.961033
0.960939
0.961033
0.961033
0.960939
0.960939
0.960939
0.960939
0.960939
0.960939
0.960939
0.960939
0.960939
0.960939
0.960845
0.960939
0.961033
0.961126
0.961220
0.961262
0.961207
0.961252
0.961300
0.961239
0.961291
0.961347
0.961408
0.961475
0.961408
0.961334
0.961252
0.961325
0.961232
